 6.30525E+01	 5.39795E+01	 2.46436E+01	 6.13019E+01	 2.22100E+01	 4.00637E+01	 3.81003E+01	 4.65342E+01	 4.74457E+01	 4.11058E+01	 1.81135E+01	 5.00000E+01
 6.28988E+01	 5.38180E+01	 2.47460E+01	 6.11748E+01	 2.22100E+01	 3.98723E+01	 3.80527E+01	 4.64725E+01	 4.74457E+01	 4.09918E+01	 1.76883E+01	 5.00000E+01
 6.28093E+01	 5.37835E+01	 2.49528E+01	 6.11873E+01	 2.22100E+01	 3.94096E+01	 3.80389E+01	 4.64554E+01	 4.74457E+01	 4.09929E+01	 1.78881E+01	 5.00000E+01
 6.27677E+01	 5.37941E+01	 2.51011E+01	 6.10800E+01	 2.22100E+01	 3.93265E+01	 3.80381E+01	 4.64358E+01	 4.74457E+01	 4.09560E+01	 1.73808E+01	 5.00000E+01
 6.29096E+01	 5.35631E+01	 2.47833E+01	 6.12402E+01	 2.22100E+01	 3.93749E+01	 3.80160E+01	 4.64337E+01	 4.74457E+01	 4.10695E+01	 1.76394E+01	 5.00000E+01
 6.29385E+01	 5.35593E+01	 2.52913E+01	 6.11315E+01	 2.22100E+01	 3.93487E+01	 3.79920E+01	 4.64453E+01	 4.74457E+01	 4.10564E+01	 1.76912E+01	 5.00000E+01
 6.29449E+01	 5.35630E+01	 2.47035E+01	 6.11540E+01	 2.22100E+01	 3.88524E+01	 3.79835E+01	 4.64297E+01	 4.74457E+01	 4.10509E+01	 1.76713E+01	 5.00000E+01
 6.29056E+01	 5.36142E+01	 2.48292E+01	 6.10436E+01	 2.22100E+01	 4.11110E+01	 3.78934E+01	 4.64197E+01	 4.74457E+01	 4.10917E+01	 2.06238E+01	 5.00000E+01
 6.29119E+01	 5.36082E+01	 2.52701E+01	 6.12296E+01	 2.22100E+01	 4.05447E+01	 3.78933E+01	 4.64256E+01	 4.74457E+01	 4.09968E+01	 2.05067E+01	 5.00000E+01
 6.29157E+01	 5.35750E+01	 2.47098E+01	 6.12892E+01	 2.22100E+01	 4.02339E+01	 3.79263E+01	 4.64201E+01	 4.74457E+01	 4.09367E+01	 2.04076E+01	 5.00000E+01
 6.28206E+01	 5.37094E+01	 2.43733E+01	 6.12806E+01	 2.22100E+01	 4.04046E+01	 3.79395E+01	 4.64212E+01	 4.74457E+01	 4.09389E+01	 2.05159E+01	 5.00000E+01
 6.28374E+01	 5.36697E+01	 2.43561E+01	 6.11189E+01	 2.22100E+01	 4.13485E+01	 3.79436E+01	 4.64219E+01	 4.74457E+01	 4.09186E+01	 2.02509E+01	 5.00000E+01
 6.28644E+01	 5.36220E+01	 2.50102E+01	 6.10400E+01	 2.22100E+01	 4.16711E+01	 3.79443E+01	 4.64231E+01	 4.74457E+01	 4.09398E+01	 2.01855E+01	 5.00000E+01
 6.27647E+01	 5.37401E+01	 2.48898E+01	 6.10934E+01	 2.22100E+01	 4.14458E+01	 3.79136E+01	 4.64192E+01	 4.74457E+01	 4.09209E+01	 2.01977E+01	 5.00000E+01
 6.27853E+01	 5.37140E+01	 2.49683E+01	 6.11983E+01	 2.22100E+01	 4.13130E+01	 3.79015E+01	 4.64278E+01	 4.74457E+01	 4.09352E+01	 2.06231E+01	 5.00000E+01
 6.28231E+01	 5.36773E+01	 2.46654E+01	 6.10725E+01	 2.22100E+01	 4.16477E+01	 3.78857E+01	 4.64296E+01	 4.74457E+01	 4.10091E+01	 2.02859E+01	 5.00000E+01
 6.28545E+01	 5.36532E+01	 2.46115E+01	 6.11337E+01	 2.22100E+01	 4.14291E+01	 3.78721E+01	 4.64254E+01	 4.74457E+01	 4.10210E+01	 2.01116E+01	 5.00000E+01
 6.28849E+01	 5.36126E+01	 2.43916E+01	 6.11005E+01	 2.22100E+01	 4.11627E+01	 3.78306E+01	 4.64088E+01	 4.74457E+01	 4.09932E+01	 2.00385E+01	 5.00000E+01
 6.29053E+01	 5.36001E+01	 2.48696E+01	 6.11081E+01	 2.22100E+01	 4.07147E+01	 3.78351E+01	 4.64015E+01	 4.74457E+01	 4.10130E+01	 2.02280E+01	 5.00000E+01
 6.29181E+01	 5.36012E+01	 2.48670E+01	 6.11703E+01	 2.22100E+01	 4.03045E+01	 3.78401E+01	 4.63986E+01	 4.74457E+01	 4.10188E+01	 2.04405E+01	 5.00000E+01
 6.29141E+01	 5.36157E+01	 2.48166E+01	 6.10862E+01	 2.22100E+01	 4.03334E+01	 3.78567E+01	 4.63951E+01	 4.74457E+01	 4.10259E+01	 2.00014E+01	 5.00000E+01
 6.29029E+01	 5.36416E+01	 2.43203E+01	 6.11157E+01	 2.22100E+01	 4.04458E+01	 3.78436E+01	 4.63943E+01	 4.74457E+01	 4.10095E+01	 2.01644E+01	 5.00000E+01
 6.30229E+01	 5.34990E+01	 2.46980E+01	 6.11520E+01	 2.22100E+01	 4.04594E+01	 3.78267E+01	 4.64005E+01	 4.74457E+01	 4.10495E+01	 2.00743E+01	 5.00000E+01
 6.29198E+01	 5.36510E+01	 2.44949E+01	 6.11623E+01	 2.22100E+01	 4.04674E+01	 3.78233E+01	 4.63800E+01	 4.74457E+01	 4.10479E+01	 2.03970E+01	 5.00000E+01
 6.28086E+01	 5.37752E+01	 2.44112E+01	 6.11479E+01	 2.22100E+01	 4.09002E+01	 3.78331E+01	 4.63790E+01	 4.74457E+01	 4.09482E+01	 1.95919E+01	 5.00000E+01
 6.27311E+01	 5.38534E+01	 2.45975E+01	 6.11426E+01	 2.22100E+01	 4.17678E+01	 3.78334E+01	 4.63684E+01	 4.74457E+01	 4.09453E+01	 2.05630E+01	 5.00000E+01
 6.27366E+01	 5.38238E+01	 2.40768E+01	 6.10807E+01	 2.22100E+01	 4.26007E+01	 3.78242E+01	 4.63675E+01	 4.74457E+01	 4.09161E+01	 1.99290E+01	 5.00000E+01
 6.27563E+01	 5.38025E+01	 2.45787E+01	 6.11329E+01	 2.22100E+01	 4.31412E+01	 3.78272E+01	 4.63701E+01	 4.74457E+01	 4.09607E+01	 2.02731E+01	 5.00000E+01
 6.28467E+01	 5.36855E+01	 2.44791E+01	 6.11125E+01	 2.22100E+01	 4.34665E+01	 3.78079E+01	 4.63605E+01	 4.74457E+01	 4.09641E+01	 2.02958E+01	 5.00000E+01
 6.28686E+01	 5.37010E+01	 2.41335E+01	 6.11226E+01	 2.22100E+01	 4.32781E+01	 3.78269E+01	 4.63529E+01	 4.74457E+01	 4.09753E+01	 1.98425E+01	 5.00000E+01
 6.28641E+01	 5.37143E+01	 2.47021E+01	 6.10276E+01	 2.22100E+01	 4.23328E+01	 3.78194E+01	 4.63473E+01	 4.74457E+01	 4.09248E+01	 2.06890E+01	 5.00000E+01
 6.29921E+01	 5.35461E+01	 2.44282E+01	 6.11815E+01	 2.22100E+01	 4.12073E+01	 3.78189E+01	 4.63434E+01	 4.74457E+01	 4.10280E+01	 1.99483E+01	 5.00000E+01
 6.30099E+01	 5.35759E+01	 2.47924E+01	 6.10424E+01	 2.22100E+01	 4.02547E+01	 3.78200E+01	 4.63327E+01	 4.74457E+01	 4.09741E+01	 1.99036E+01	 5.00000E+01
 6.30134E+01	 5.36049E+01	 2.52875E+01	 6.11032E+01	 2.22100E+01	 3.92280E+01	 3.78318E+01	 4.63490E+01	 4.74457E+01	 4.10875E+01	 2.08813E+01	 5.00000E+01
 6.29739E+01	 5.36518E+01	 2.52141E+01	 6.11103E+01	 2.22100E+01	 3.87231E+01	 3.78353E+01	 4.63545E+01	 4.74457E+01	 4.10166E+01	 2.05205E+01	 5.00000E+01
 6.29346E+01	 5.36986E+01	 2.52296E+01	 6.11390E+01	 2.22100E+01	 3.87562E+01	 3.78298E+01	 4.63451E+01	 4.74457E+01	 4.10273E+01	 2.04095E+01	 5.00000E+01
 6.28917E+01	 5.37328E+01	 2.48904E+01	 6.12093E+01	 2.22100E+01	 3.96516E+01	 3.78393E+01	 4.63306E+01	 4.74457E+01	 4.10637E+01	 2.03938E+01	 5.00000E+01
 6.30256E+01	 5.35750E+01	 2.50703E+01	 6.11129E+01	 2.22100E+01	 4.06582E+01	 3.78453E+01	 4.63324E+01	 4.74457E+01	 4.10854E+01	 2.00000E+01	 5.00000E+01
 6.29823E+01	 5.36606E+01	 2.51924E+01	 6.10501E+01	 2.22100E+01	 4.08151E+01	 3.78322E+01	 4.63347E+01	 4.74457E+01	 4.10399E+01	 2.02463E+01	 5.00000E+01
 6.29188E+01	 5.37417E+01	 2.45824E+01	 6.12557E+01	 2.22100E+01	 4.04012E+01	 3.78557E+01	 4.63306E+01	 4.74457E+01	 4.10212E+01	 2.04948E+01	 5.00000E+01
 6.28746E+01	 5.37798E+01	 2.46907E+01	 6.10216E+01	 2.22100E+01	 4.07337E+01	 3.78653E+01	 4.63338E+01	 4.74457E+01	 4.09728E+01	 1.99633E+01	 5.00000E+01
 6.29260E+01	 5.36839E+01	 2.44451E+01	 6.12281E+01	 2.22100E+01	 4.08784E+01	 3.78403E+01	 4.63153E+01	 4.74457E+01	 4.09905E+01	 2.00628E+01	 5.00000E+01
 6.29880E+01	 5.36291E+01	 2.42746E+01	 6.11590E+01	 2.22100E+01	 4.11910E+01	 3.78443E+01	 4.63204E+01	 4.74457E+01	 4.10755E+01	 2.02085E+01	 5.00000E+01
 6.29703E+01	 5.36726E+01	 2.38209E+01	 6.12832E+01	 2.22100E+01	 4.10604E+01	 3.78087E+01	 4.63122E+01	 4.74457E+01	 4.10074E+01	 2.00456E+01	 5.00000E+01
 6.30443E+01	 5.35842E+01	 2.42004E+01	 6.11840E+01	 2.22100E+01	 4.06838E+01	 3.78159E+01	 4.63141E+01	 4.74457E+01	 4.10695E+01	 2.04297E+01	 5.00000E+01
 6.31065E+01	 5.35155E+01	 2.36039E+01	 6.12899E+01	 2.22100E+01	 4.02326E+01	 3.78327E+01	 4.63006E+01	 4.74457E+01	 4.10703E+01	 2.07584E+01	 5.00000E+01
 6.29758E+01	 5.37077E+01	 2.39405E+01	 6.12780E+01	 2.22100E+01	 3.98605E+01	 3.78185E+01	 4.63064E+01	 4.74457E+01	 4.10347E+01	 2.00597E+01	 5.00000E+01
 6.29839E+01	 5.36578E+01	 2.42470E+01	 6.12494E+01	 2.22100E+01	 4.01996E+01	 3.78341E+01	 4.63092E+01	 4.74457E+01	 4.10517E+01	 2.02972E+01	 5.00000E+01
 6.30298E+01	 5.36122E+01	 2.36453E+01	 6.12225E+01	 2.22100E+01	 4.10218E+01	 3.78250E+01	 4.63100E+01	 4.74457E+01	 4.10543E+01	 2.03539E+01	 5.00000E+01
 6.30162E+01	 5.36471E+01	 2.33727E+01	 6.12770E+01	 2.22100E+01	 4.15673E+01	 3.78316E+01	 4.63165E+01	 4.74457E+01	 4.10645E+01	 2.02368E+01	 5.00000E+01
 6.30245E+01	 5.36342E+01	 2.38375E+01	 6.11830E+01	 2.22100E+01	 4.22144E+01	 3.78135E+01	 4.63179E+01	 4.74457E+01	 4.10482E+01	 2.02412E+01	 5.00000E+01
 6.30235E+01	 5.36122E+01	 2.41981E+01	 6.11851E+01	 2.22100E+01	 4.22725E+01	 3.77942E+01	 4.63110E+01	 4.74457E+01	 4.10262E+01	 2.04846E+01	 5.00000E+01
 6.30252E+01	 5.36393E+01	 2.38787E+01	 6.11145E+01	 2.22100E+01	 4.17692E+01	 3.78073E+01	 4.63135E+01	 4.74457E+01	 4.09765E+01	 2.02260E+01	 5.00000E+01
 6.30500E+01	 5.36011E+01	 2.41041E+01	 6.11033E+01	 2.22100E+01	 4.08744E+01	 3.78151E+01	 4.63205E+01	 4.74457E+01	 4.10020E+01	 2.05428E+01	 5.00000E+01
 6.30719E+01	 5.35842E+01	 2.38117E+01	 6.11569E+01	 2.22100E+01	 4.00135E+01	 3.78214E+01	 4.63167E+01	 4.74457E+01	 4.10578E+01	 2.03850E+01	 5.00000E+01
 6.29804E+01	 5.37014E+01	 2.39784E+01	 6.10923E+01	 2.22100E+01	 3.94938E+01	 3.78350E+01	 4.63082E+01	 4.74457E+01	 4.10353E+01	 2.02391E+01	 5.00000E+01
 6.30191E+01	 5.36518E+01	 2.42455E+01	 6.11088E+01	 2.22100E+01	 3.92118E+01	 3.78204E+01	 4.63338E+01	 4.74457E+01	 4.09901E+01	 2.02268E+01	 5.00000E+01
 6.30600E+01	 5.36042E+01	 2.48388E+01	 6.10285E+01	 2.22100E+01	 3.91284E+01	 3.78183E+01	 4.63133E+01	 4.74457E+01	 4.09739E+01	 2.08612E+01	 5.00000E+01
 6.31344E+01	 5.35328E+01	 2.45076E+01	 6.10261E+01	 2.22100E+01	 3.87250E+01	 3.78357E+01	 4.63115E+01	 4.74457E+01	 4.10056E+01	 1.98184E+01	 5.00000E+01
 6.30513E+01	 5.37070E+01	 2.41805E+01	 6.10738E+01	 2.22100E+01	 3.83430E+01	 3.78398E+01	 4.63277E+01	 4.74457E+01	 4.10570E+01	 2.02411E+01	 5.00000E+01
 6.29209E+01	 5.38155E+01	 2.44160E+01	 6.11445E+01	 2.22100E+01	 3.84525E+01	 3.78385E+01	 4.63272E+01	 4.74457E+01	 4.09930E+01	 2.05391E+01	 5.00000E+01
 6.29638E+01	 5.37498E+01	 2.53850E+01	 6.11074E+01	 2.22100E+01	 3.93691E+01	 3.78842E+01	 4.63175E+01	 4.74457E+01	 4.10137E+01	 2.03872E+01	 5.00000E+01
 6.29890E+01	 5.37089E+01	 2.52687E+01	 6.10600E+01	 2.22100E+01	 4.06562E+01	 3.78866E+01	 4.63176E+01	 4.74457E+01	 4.10581E+01	 2.03411E+01	 5.00000E+01
 6.30209E+01	 5.37051E+01	 2.55811E+01	 6.10997E+01	 2.22100E+01	 4.11360E+01	 3.78745E+01	 4.63275E+01	 4.74457E+01	 4.10380E+01	 2.05891E+01	 5.00000E+01
 6.29754E+01	 5.37788E+01	 2.52832E+01	 6.10362E+01	 2.22100E+01	 4.05531E+01	 3.78948E+01	 4.63342E+01	 4.74457E+01	 4.09692E+01	 2.03478E+01	 5.00000E+01
 6.30063E+01	 5.37155E+01	 2.53540E+01	 6.11231E+01	 2.22100E+01	 3.99537E+01	 3.78857E+01	 4.63351E+01	 4.74457E+01	 4.10236E+01	 2.02664E+01	 5.00000E+01
 6.30335E+01	 5.36703E+01	 2.54834E+01	 6.09153E+01	 2.22100E+01	 3.93677E+01	 3.78931E+01	 4.63194E+01	 4.74457E+01	 4.10218E+01	 2.03985E+01	 5.00000E+01
 6.30480E+01	 5.36704E+01	 2.50501E+01	 6.11456E+01	 2.22100E+01	 3.85717E+01	 3.79008E+01	 4.63371E+01	 4.74457E+01	 4.10710E+01	 2.05450E+01	 5.00000E+01
 6.30445E+01	 5.36813E+01	 2.50591E+01	 6.09475E+01	 2.22100E+01	 3.79981E+01	 3.78944E+01	 4.63347E+01	 4.74457E+01	 4.10631E+01	 2.06595E+01	 5.00000E+01
 6.30515E+01	 5.36785E+01	 2.50223E+01	 6.10711E+01	 2.22100E+01	 3.69282E+01	 3.78866E+01	 4.63408E+01	 4.74457E+01	 4.10668E+01	 2.06615E+01	 5.00000E+01
 6.30428E+01	 5.36904E+01	 2.55474E+01	 6.10684E+01	 2.22100E+01	 3.64071E+01	 3.79010E+01	 4.63501E+01	 4.74457E+01	 4.10800E+01	 2.05333E+01	 5.00000E+01
 6.30109E+01	 5.37393E+01	 2.54264E+01	 6.10611E+01	 2.22100E+01	 3.65724E+01	 3.79152E+01	 4.63468E+01	 4.74457E+01	 4.11192E+01	 2.02691E+01	 5.00000E+01
 6.29751E+01	 5.37600E+01	 2.53523E+01	 6.09852E+01	 2.22100E+01	 3.68632E+01	 3.79128E+01	 4.63523E+01	 4.74457E+01	 4.10456E+01	 2.08638E+01	 5.00000E+01
 6.30087E+01	 5.37219E+01	 2.56936E+01	 6.09942E+01	 2.22100E+01	 3.68094E+01	 3.79355E+01	 4.63539E+01	 4.74457E+01	 4.10726E+01	 2.04300E+01	 5.00000E+01
 6.30003E+01	 5.37292E+01	 2.56307E+01	 6.10929E+01	 2.22100E+01	 3.69726E+01	 3.79434E+01	 4.63470E+01	 4.74457E+01	 4.10801E+01	 2.08359E+01	 5.00000E+01
 6.29881E+01	 5.37533E+01	 2.50601E+01	 6.10482E+01	 2.22100E+01	 3.73123E+01	 3.79333E+01	 4.63614E+01	 4.74457E+01	 4.10893E+01	 2.08135E+01	 5.00000E+01
 6.30020E+01	 5.37118E+01	 2.45917E+01	 6.11809E+01	 2.22100E+01	 3.78504E+01	 3.79336E+01	 4.63520E+01	 4.74457E+01	 4.11144E+01	 2.04859E+01	 5.00000E+01
 6.29270E+01	 5.38239E+01	 2.46499E+01	 6.11054E+01	 2.22100E+01	 3.83543E+01	 3.79332E+01	 4.63520E+01	 4.74457E+01	 4.10612E+01	 2.00135E+01	 5.00000E+01
 6.28522E+01	 5.39081E+01	 2.52282E+01	 6.10030E+01	 2.22100E+01	 3.88776E+01	 3.79491E+01	 4.63763E+01	 4.74457E+01	 4.09667E+01	 2.08475E+01	 5.00000E+01
 6.29428E+01	 5.37678E+01	 2.48904E+01	 6.11631E+01	 2.22100E+01	 3.87560E+01	 3.79224E+01	 4.63750E+01	 4.74457E+01	 4.10484E+01	 2.03577E+01	 5.00000E+01
 6.29167E+01	 5.37919E+01	 2.50171E+01	 6.10679E+01	 2.22100E+01	 3.90168E+01	 3.79103E+01	 4.63757E+01	 4.74457E+01	 4.10471E+01	 2.04157E+01	 5.00000E+01
 6.28777E+01	 5.38487E+01	 2.51724E+01	 6.10059E+01	 2.22100E+01	 3.87892E+01	 3.79338E+01	 4.63619E+01	 4.74457E+01	 4.10108E+01	 2.09724E+01	 5.00000E+01
 6.28135E+01	 5.39400E+01	 2.50596E+01	 6.09857E+01	 2.22100E+01	 3.81397E+01	 3.79386E+01	 4.63855E+01	 4.74457E+01	 4.09614E+01	 2.06864E+01	 5.00000E+01
 6.27630E+01	 5.39804E+01	 2.42646E+01	 6.11326E+01	 2.22100E+01	 3.75520E+01	 3.79520E+01	 4.63841E+01	 4.74457E+01	 4.09602E+01	 2.05615E+01	 5.00000E+01
 6.27335E+01	 5.39963E+01	 2.41700E+01	 6.11647E+01	 2.22100E+01	 3.81855E+01	 3.79302E+01	 4.63921E+01	 4.74457E+01	 4.09987E+01	 2.04258E+01	 5.00000E+01
 6.28326E+01	 5.38298E+01	 2.44065E+01	 6.09986E+01	 2.22100E+01	 3.86932E+01	 3.79290E+01	 4.63758E+01	 4.74457E+01	 4.09463E+01	 2.06417E+01	 5.00000E+01
 6.28538E+01	 5.38295E+01	 2.48452E+01	 6.10358E+01	 2.22100E+01	 3.80412E+01	 3.79259E+01	 4.63845E+01	 4.74457E+01	 4.09685E+01	 2.02780E+01	 5.00000E+01
 6.28444E+01	 5.38524E+01	 2.48049E+01	 6.10242E+01	 2.22100E+01	 3.74143E+01	 3.79490E+01	 4.63816E+01	 4.74457E+01	 4.09516E+01	 2.06577E+01	 5.00000E+01
 6.29078E+01	 5.37803E+01	 2.42849E+01	 6.10361E+01	 2.22100E+01	 3.70748E+01	 3.79475E+01	 4.63826E+01	 4.74457E+01	 4.09944E+01	 2.04616E+01	 5.00000E+01
 6.29602E+01	 5.37337E+01	 2.43779E+01	 6.11646E+01	 2.22100E+01	 3.67768E+01	 3.79463E+01	 4.64001E+01	 4.74457E+01	 4.10084E+01	 1.99349E+01	 5.00000E+01
 6.29894E+01	 5.37021E+01	 2.51109E+01	 6.09826E+01	 2.22100E+01	 3.71128E+01	 3.79727E+01	 4.63827E+01	 4.74457E+01	 4.10744E+01	 2.04426E+01	 5.00000E+01
 6.30629E+01	 5.36142E+01	 2.42749E+01	 6.11139E+01	 2.22100E+01	 3.73493E+01	 3.79620E+01	 4.63897E+01	 4.74457E+01	 4.10880E+01	 2.02525E+01	 5.00000E+01
 6.30105E+01	 5.36972E+01	 2.42839E+01	 6.10646E+01	 2.22100E+01	 3.70041E+01	 3.79845E+01	 4.64051E+01	 4.74457E+01	 4.09915E+01	 2.06715E+01	 5.00000E+01
 6.29653E+01	 5.37592E+01	 2.42121E+01	 6.11162E+01	 2.22100E+01	 3.67367E+01	 3.79773E+01	 4.64071E+01	 4.74457E+01	 4.10176E+01	 2.04590E+01	 5.00000E+01
 6.28622E+01	 5.38747E+01	 2.41050E+01	 6.12324E+01	 2.22100E+01	 3.74038E+01	 3.79912E+01	 4.64194E+01	 4.74457E+01	 4.10116E+01	 2.06201E+01	 5.00000E+01
 6.28978E+01	 5.37669E+01	 2.38063E+01	 6.11794E+01	 2.22100E+01	 3.91472E+01	 3.79806E+01	 4.64085E+01	 4.74457E+01	 4.09710E+01	 2.08109E+01	 5.00000E+01
 6.29726E+01	 5.36848E+01	 2.38471E+01	 6.11638E+01	 2.22100E+01	 4.03178E+01	 3.79728E+01	 4.64183E+01	 4.74457E+01	 4.09965E+01	 2.08961E+01	 5.00000E+01
 6.29481E+01	 5.37359E+01	 2.32355E+01	 6.12147E+01	 2.22100E+01	 4.07199E+01	 3.79991E+01	 4.64211E+01	 4.74457E+01	 4.09691E+01	 2.05017E+01	 5.00000E+01
 6.29407E+01	 5.37217E+01	 2.41152E+01	 6.10093E+01	 2.22100E+01	 4.08581E+01	 3.79669E+01	 4.64090E+01	 4.74457E+01	 4.08984E+01	 2.06694E+01	 5.00000E+01
 6.29621E+01	 5.37065E+01	 2.34050E+01	 6.12305E+01	 2.22100E+01	 4.00737E+01	 3.79667E+01	 4.64338E+01	 4.74457E+01	 4.09283E+01	 2.07169E+01	 5.00000E+01
 6.28314E+01	 5.38783E+01	 2.38151E+01	 6.09890E+01	 2.22100E+01	 3.95749E+01	 3.79791E+01	 4.64326E+01	 4.74457E+01	 4.08755E+01	 2.05701E+01	 5.00000E+01
 6.28191E+01	 5.38660E+01	 2.37404E+01	 6.12448E+01	 2.22100E+01	 3.91198E+01	 3.80045E+01	 4.64339E+01	 4.74457E+01	 4.09129E+01	 2.04739E+01	 5.00000E+01
 6.28167E+01	 5.38479E+01	 2.35958E+01	 6.10951E+01	 2.22100E+01	 4.00897E+01	 3.79810E+01	 4.64316E+01	 4.74457E+01	 4.09158E+01	 2.05177E+01	 5.00000E+01
 6.28966E+01	 5.37462E+01	 2.37392E+01	 6.10912E+01	 2.22100E+01	 4.08542E+01	 3.79723E+01	 4.64245E+01	 4.74457E+01	 4.09521E+01	 2.07638E+01	 5.00000E+01
 6.29544E+01	 5.36900E+01	 2.42291E+01	 6.12416E+01	 2.22100E+01	 4.10132E+01	 3.79785E+01	 4.64283E+01	 4.74457E+01	 4.09521E+01	 2.01379E+01	 5.00000E+01
 6.29941E+01	 5.36576E+01	 2.38141E+01	 6.12150E+01	 2.22100E+01	 4.11255E+01	 3.79831E+01	 4.64079E+01	 4.74457E+01	 4.09759E+01	 2.03032E+01	 5.00000E+01
 6.30480E+01	 5.36294E+01	 2.35327E+01	 6.12482E+01	 2.22100E+01	 4.12797E+01	 3.79771E+01	 4.64074E+01	 4.74457E+01	 4.09913E+01	 2.07026E+01	 5.00000E+01
 6.30033E+01	 5.36879E+01	 2.41051E+01	 6.11442E+01	 2.22100E+01	 4.09398E+01	 3.79899E+01	 4.64122E+01	 4.74457E+01	 4.09270E+01	 2.11989E+01	 5.00000E+01
 6.29567E+01	 5.37236E+01	 2.41427E+01	 6.10360E+01	 2.22100E+01	 4.04192E+01	 3.79604E+01	 4.64174E+01	 4.74457E+01	 4.09066E+01	 2.07754E+01	 5.00000E+01
 6.28294E+01	 5.38723E+01	 2.39479E+01	 6.12306E+01	 2.22100E+01	 3.99078E+01	 3.79917E+01	 4.64301E+01	 4.74457E+01	 4.09758E+01	 2.12370E+01	 5.00000E+01
 6.27634E+01	 5.39328E+01	 2.40914E+01	 6.11801E+01	 2.22100E+01	 4.03713E+01	 3.79926E+01	 4.64221E+01	 4.74457E+01	 4.08696E+01	 2.06091E+01	 5.00000E+01
 6.27363E+01	 5.39527E+01	 2.41556E+01	 6.11804E+01	 2.22100E+01	 4.14468E+01	 3.80100E+01	 4.64237E+01	 4.74457E+01	 4.08786E+01	 2.07990E+01	 5.00000E+01
 6.28904E+01	 5.37667E+01	 2.43229E+01	 6.11223E+01	 2.22100E+01	 4.25267E+01	 3.79961E+01	 4.64360E+01	 4.74457E+01	 4.09675E+01	 2.08698E+01	 5.00000E+01
 6.28409E+01	 5.38442E+01	 2.48563E+01	 6.10305E+01	 2.22100E+01	 4.24213E+01	 3.79873E+01	 4.64325E+01	 4.74457E+01	 4.08335E+01	 2.05448E+01	 5.00000E+01
 6.27880E+01	 5.39249E+01	 2.41216E+01	 6.12362E+01	 2.22100E+01	 4.12368E+01	 3.79950E+01	 4.64317E+01	 4.74457E+01	 4.08726E+01	 2.03888E+01	 5.00000E+01
 6.28785E+01	 5.37736E+01	 2.47758E+01	 6.09808E+01	 2.22100E+01	 4.07808E+01	 3.80007E+01	 4.64272E+01	 4.74457E+01	 4.08926E+01	 2.09063E+01	 5.00000E+01
 6.28964E+01	 5.37532E+01	 2.45677E+01	 6.11048E+01	 2.22100E+01	 3.98942E+01	 3.80075E+01	 4.64069E+01	 4.74457E+01	 4.09367E+01	 2.05689E+01	 5.00000E+01
 6.29093E+01	 5.37635E+01	 2.44939E+01	 6.10826E+01	 2.22100E+01	 3.91834E+01	 3.80104E+01	 4.64191E+01	 4.74457E+01	 4.09409E+01	 2.12534E+01	 5.00000E+01
 6.29032E+01	 5.37713E+01	 2.40818E+01	 6.11996E+01	 2.22100E+01	 3.87724E+01	 3.79870E+01	 4.64093E+01	 4.74457E+01	 4.09517E+01	 2.10611E+01	 5.00000E+01
 6.28893E+01	 5.37949E+01	 2.39664E+01	 6.11131E+01	 2.22100E+01	 3.92069E+01	 3.79959E+01	 4.64084E+01	 4.74457E+01	 4.09231E+01	 2.09012E+01	 5.00000E+01
 6.28923E+01	 5.38094E+01	 2.43508E+01	 6.11108E+01	 2.22100E+01	 3.94516E+01	 3.79877E+01	 4.64168E+01	 4.74457E+01	 4.09650E+01	 2.07988E+01	 5.00000E+01
 6.29033E+01	 5.37887E+01	 2.42589E+01	 6.10484E+01	 2.22100E+01	 3.97236E+01	 3.80194E+01	 4.64190E+01	 4.74457E+01	 4.09313E+01	 2.09945E+01	 5.00000E+01
 6.28912E+01	 5.37955E+01	 2.41235E+01	 6.11362E+01	 2.22100E+01	 3.97486E+01	 3.80219E+01	 4.64176E+01	 4.74457E+01	 4.08791E+01	 2.06101E+01	 5.00000E+01
 6.28821E+01	 5.38345E+01	 2.41996E+01	 6.11603E+01	 2.22100E+01	 3.98424E+01	 3.80292E+01	 4.64248E+01	 4.74457E+01	 4.09432E+01	 2.03696E+01	 5.00000E+01
 6.28945E+01	 5.37867E+01	 2.42946E+01	 6.11188E+01	 2.22100E+01	 4.01757E+01	 3.80273E+01	 4.64083E+01	 4.74457E+01	 4.09329E+01	 2.13491E+01	 5.00000E+01
 6.28136E+01	 5.39107E+01	 2.47365E+01	 6.10719E+01	 2.22100E+01	 4.03990E+01	 3.80235E+01	 4.64215E+01	 4.74457E+01	 4.09472E+01	 2.15246E+01	 5.00000E+01
 6.27307E+01	 5.39832E+01	 2.46441E+01	 6.10823E+01	 2.22100E+01	 4.06186E+01	 3.80404E+01	 4.64304E+01	 4.74457E+01	 4.08675E+01	 2.08364E+01	 5.00000E+01
 6.27734E+01	 5.39087E+01	 2.52034E+01	 6.10654E+01	 2.22100E+01	 4.07072E+01	 3.80278E+01	 4.64309E+01	 4.74457E+01	 4.08601E+01	 2.12297E+01	 5.00000E+01
 6.27862E+01	 5.39104E+01	 2.49826E+01	 6.11290E+01	 2.22100E+01	 4.05501E+01	 3.80451E+01	 4.64244E+01	 4.74457E+01	 4.09291E+01	 2.07486E+01	 5.00000E+01
 6.27769E+01	 5.39184E+01	 2.47099E+01	 6.10950E+01	 2.22100E+01	 4.06146E+01	 3.80294E+01	 4.64336E+01	 4.74457E+01	 4.09326E+01	 2.07131E+01	 5.00000E+01
 6.27759E+01	 5.39136E+01	 2.48452E+01	 6.10162E+01	 2.22100E+01	 4.03820E+01	 3.80178E+01	 4.64309E+01	 4.74457E+01	 4.08568E+01	 2.11940E+01	 5.00000E+01
 6.28818E+01	 5.37483E+01	 2.46426E+01	 6.11640E+01	 2.22100E+01	 4.00516E+01	 3.80414E+01	 4.64268E+01	 4.74457E+01	 4.09411E+01	 2.08495E+01	 5.00000E+01
 6.29925E+01	 5.36589E+01	 2.44273E+01	 6.11506E+01	 2.22100E+01	 3.95548E+01	 3.80254E+01	 4.64212E+01	 4.74457E+01	 4.09748E+01	 2.11641E+01	 5.00000E+01
 6.28049E+01	 5.39274E+01	 2.44642E+01	 6.12004E+01	 2.22100E+01	 3.87191E+01	 3.80228E+01	 4.64276E+01	 4.74457E+01	 4.09552E+01	 2.10735E+01	 5.00000E+01
 6.26832E+01	 5.40326E+01	 2.50397E+01	 6.11103E+01	 2.22100E+01	 3.86856E+01	 3.80231E+01	 4.64169E+01	 4.74457E+01	 4.08759E+01	 2.10211E+01	 5.00000E+01
 6.26214E+01	 5.41003E+01	 2.56426E+01	 6.09809E+01	 2.22100E+01	 3.94912E+01	 3.80283E+01	 4.64099E+01	 4.74457E+01	 4.08511E+01	 2.12167E+01	 5.00000E+01
 6.27537E+01	 5.39229E+01	 2.49246E+01	 6.12188E+01	 2.22100E+01	 4.07231E+01	 3.80428E+01	 4.64214E+01	 4.74457E+01	 4.09616E+01	 2.08095E+01	 5.00000E+01
 6.28022E+01	 5.38790E+01	 2.48989E+01	 6.11672E+01	 2.22100E+01	 4.19343E+01	 3.80392E+01	 4.64081E+01	 4.74457E+01	 4.09445E+01	 2.09624E+01	 5.00000E+01
 6.28274E+01	 5.38697E+01	 2.50235E+01	 6.11854E+01	 2.22100E+01	 4.21365E+01	 3.79957E+01	 4.64262E+01	 4.74457E+01	 4.09168E+01	 2.09477E+01	 5.00000E+01
 6.29013E+01	 5.37715E+01	 2.49318E+01	 6.10379E+01	 2.22100E+01	 4.18651E+01	 3.80255E+01	 4.64139E+01	 4.74457E+01	 4.09526E+01	 2.03728E+01	 5.00000E+01
 6.28438E+01	 5.38767E+01	 2.44430E+01	 6.11465E+01	 2.22100E+01	 4.06919E+01	 3.80301E+01	 4.64229E+01	 4.74457E+01	 4.09009E+01	 2.07976E+01	 5.00000E+01
 6.27635E+01	 5.39526E+01	 2.45129E+01	 6.12523E+01	 2.22100E+01	 3.98052E+01	 3.80083E+01	 4.64244E+01	 4.74457E+01	 4.09742E+01	 2.05034E+01	 5.00000E+01
 6.26852E+01	 5.40327E+01	 2.45357E+01	 6.11403E+01	 2.22100E+01	 3.99630E+01	 3.80064E+01	 4.64321E+01	 4.74457E+01	 4.08946E+01	 2.07705E+01	 5.00000E+01
 6.27906E+01	 5.38277E+01	 2.50308E+01	 6.10998E+01	 2.22100E+01	 4.03079E+01	 3.80188E+01	 4.64263E+01	 4.74457E+01	 4.08825E+01	 2.06227E+01	 5.00000E+01
 6.29215E+01	 5.36905E+01	 2.41123E+01	 6.12017E+01	 2.22100E+01	 4.03566E+01	 3.80000E+01	 4.64245E+01	 4.74457E+01	 4.10322E+01	 2.08660E+01	 5.00000E+01
 6.28635E+01	 5.38312E+01	 2.42166E+01	 6.10724E+01	 2.22100E+01	 3.97267E+01	 3.79964E+01	 4.64240E+01	 4.74457E+01	 4.09740E+01	 2.06114E+01	 5.00000E+01
 6.28556E+01	 5.38175E+01	 2.46012E+01	 6.12093E+01	 2.22100E+01	 3.90378E+01	 3.79840E+01	 4.64338E+01	 4.74457E+01	 4.09588E+01	 2.05796E+01	 5.00000E+01
 6.28486E+01	 5.38147E+01	 2.48908E+01	 6.10650E+01	 2.22100E+01	 3.90438E+01	 3.79833E+01	 4.64230E+01	 4.74457E+01	 4.09756E+01	 2.06359E+01	 5.00000E+01
 6.28586E+01	 5.38155E+01	 2.44327E+01	 6.11203E+01	 2.22100E+01	 3.90192E+01	 3.79982E+01	 4.64172E+01	 4.74457E+01	 4.09972E+01	 2.05254E+01	 5.00000E+01
 6.28429E+01	 5.38315E+01	 2.41888E+01	 6.11465E+01	 2.22100E+01	 3.90214E+01	 3.79888E+01	 4.64199E+01	 4.74457E+01	 4.09713E+01	 2.10761E+01	 5.00000E+01
 6.28254E+01	 5.38636E+01	 2.44792E+01	 6.10307E+01	 2.22100E+01	 3.91102E+01	 3.79862E+01	 4.64317E+01	 4.74457E+01	 4.09172E+01	 2.07963E+01	 5.00000E+01
 6.29203E+01	 5.37403E+01	 2.47306E+01	 6.10943E+01	 2.22100E+01	 3.92156E+01	 3.80001E+01	 4.64260E+01	 4.74457E+01	 4.09838E+01	 2.07945E+01	 5.00000E+01
 6.28469E+01	 5.38589E+01	 2.48452E+01	 6.11390E+01	 2.22100E+01	 3.91903E+01	 3.79979E+01	 4.64250E+01	 4.74457E+01	 4.09918E+01	 2.05158E+01	 5.00000E+01
 6.27595E+01	 5.39608E+01	 2.46983E+01	 6.11433E+01	 2.22100E+01	 3.94635E+01	 3.80047E+01	 4.64234E+01	 4.74457E+01	 4.09699E+01	 2.12611E+01	 5.00000E+01
 6.29323E+01	 5.37136E+01	 2.47959E+01	 6.11549E+01	 2.22100E+01	 4.02031E+01	 3.80151E+01	 4.64287E+01	 4.74457E+01	 4.09966E+01	 2.05730E+01	 5.00000E+01
 6.29370E+01	 5.37495E+01	 2.54780E+01	 6.10757E+01	 2.22100E+01	 4.05470E+01	 3.79905E+01	 4.64184E+01	 4.74457E+01	 4.09849E+01	 2.02806E+01	 5.00000E+01
 6.29229E+01	 5.38055E+01	 2.60279E+01	 6.09166E+01	 2.22100E+01	 4.00216E+01	 3.80034E+01	 4.64314E+01	 4.74457E+01	 4.09327E+01	 2.05247E+01	 5.00000E+01
 6.29527E+01	 5.37351E+01	 2.52440E+01	 6.12633E+01	 2.22100E+01	 3.90415E+01	 3.79922E+01	 4.64422E+01	 4.74457E+01	 4.10411E+01	 2.03195E+01	 5.00000E+01
 6.28557E+01	 5.38552E+01	 2.51008E+01	 6.10634E+01	 2.22100E+01	 3.87676E+01	 3.80102E+01	 4.64242E+01	 4.74457E+01	 4.09360E+01	 2.04353E+01	 5.00000E+01
 6.27728E+01	 5.39682E+01	 2.53292E+01	 6.11220E+01	 2.22100E+01	 3.87422E+01	 3.79869E+01	 4.64259E+01	 4.74457E+01	 4.09595E+01	 2.10900E+01	 5.00000E+01
 6.27237E+01	 5.39971E+01	 2.54378E+01	 6.10335E+01	 2.22100E+01	 3.93840E+01	 3.79829E+01	 4.64346E+01	 4.74457E+01	 4.09810E+01	 2.07271E+01	 5.00000E+01
 6.27181E+01	 5.39834E+01	 2.50470E+01	 6.11347E+01	 2.22100E+01	 4.00717E+01	 3.80013E+01	 4.64204E+01	 4.74457E+01	 4.09535E+01	 2.02779E+01	 5.00000E+01
 6.27333E+01	 5.39620E+01	 2.52589E+01	 6.11428E+01	 2.22100E+01	 4.07857E+01	 3.80026E+01	 4.64181E+01	 4.74457E+01	 4.09679E+01	 2.04285E+01	 5.00000E+01
 6.27373E+01	 5.39534E+01	 2.46408E+01	 6.11622E+01	 2.22100E+01	 4.17830E+01	 3.79907E+01	 4.64223E+01	 4.74457E+01	 4.09530E+01	 2.08402E+01	 5.00000E+01
 6.28364E+01	 5.37967E+01	 2.43355E+01	 6.10409E+01	 2.22100E+01	 4.19470E+01	 3.79761E+01	 4.64149E+01	 4.74457E+01	 4.09329E+01	 2.05210E+01	 5.00000E+01
 6.29437E+01	 5.36977E+01	 2.44968E+01	 6.12596E+01	 2.22100E+01	 4.10318E+01	 3.79752E+01	 4.64180E+01	 4.74457E+01	 4.10383E+01	 2.08567E+01	 5.00000E+01
 6.31103E+01	 5.35305E+01	 2.48555E+01	 6.11764E+01	 2.22100E+01	 3.98122E+01	 3.79710E+01	 4.64092E+01	 4.74457E+01	 4.10909E+01	 2.09818E+01	 5.00000E+01
 6.31449E+01	 5.35277E+01	 2.46392E+01	 6.12346E+01	 2.22100E+01	 3.84607E+01	 3.79370E+01	 4.64125E+01	 4.74457E+01	 4.11608E+01	 2.09846E+01	 5.00000E+01
 6.31338E+01	 5.35417E+01	 2.44804E+01	 6.11150E+01	 2.22100E+01	 3.75196E+01	 3.79786E+01	 4.64075E+01	 4.74457E+01	 4.11420E+01	 2.08132E+01	 5.00000E+01
 6.30313E+01	 5.36883E+01	 2.41643E+01	 6.11876E+01	 2.22100E+01	 3.67915E+01	 3.79716E+01	 4.64196E+01	 4.74457E+01	 4.10878E+01	 2.06674E+01	 5.00000E+01
 6.29345E+01	 5.37924E+01	 2.39519E+01	 6.12109E+01	 2.22100E+01	 3.71304E+01	 3.79577E+01	 4.64191E+01	 4.74457E+01	 4.10633E+01	 2.04607E+01	 5.00000E+01
 6.28727E+01	 5.38405E+01	 2.37596E+01	 6.11588E+01	 2.22100E+01	 3.82559E+01	 3.79814E+01	 4.64287E+01	 4.74457E+01	 4.09948E+01	 2.01605E+01	 5.00000E+01
 6.28899E+01	 5.37826E+01	 2.40132E+01	 6.10426E+01	 2.22100E+01	 4.00205E+01	 3.79691E+01	 4.64197E+01	 4.74457E+01	 4.09414E+01	 2.09881E+01	 5.00000E+01
 6.28905E+01	 5.37875E+01	 2.44803E+01	 6.10795E+01	 2.22100E+01	 4.04860E+01	 3.79524E+01	 4.64168E+01	 4.74457E+01	 4.09377E+01	 2.04564E+01	 5.00000E+01
 6.28834E+01	 5.38159E+01	 2.44956E+01	 6.12024E+01	 2.22100E+01	 4.07546E+01	 3.79730E+01	 4.64305E+01	 4.74457E+01	 4.09868E+01	 2.07491E+01	 5.00000E+01
 6.29354E+01	 5.37181E+01	 2.44225E+01	 6.09913E+01	 2.22100E+01	 4.14355E+01	 3.79498E+01	 4.64019E+01	 4.74457E+01	 4.09883E+01	 2.04305E+01	 5.00000E+01
 6.30458E+01	 5.35975E+01	 2.44790E+01	 6.11418E+01	 2.22100E+01	 4.09498E+01	 3.79325E+01	 4.64281E+01	 4.74457E+01	 4.09977E+01	 2.06393E+01	 5.00000E+01
 6.31261E+01	 5.35178E+01	 2.45619E+01	 6.10325E+01	 2.22100E+01	 4.00522E+01	 3.79524E+01	 4.64176E+01	 4.74457E+01	 4.10154E+01	 2.02807E+01	 5.00000E+01
 6.29748E+01	 5.37471E+01	 2.39756E+01	 6.11441E+01	 2.22100E+01	 3.87660E+01	 3.79665E+01	 4.64134E+01	 4.74457E+01	 4.09696E+01	 2.05099E+01	 5.00000E+01
 6.29141E+01	 5.38138E+01	 2.38042E+01	 6.12633E+01	 2.22100E+01	 3.86750E+01	 3.79652E+01	 4.64273E+01	 4.74457E+01	 4.09950E+01	 2.09767E+01	 5.00000E+01
 6.28700E+01	 5.38298E+01	 2.39742E+01	 6.11962E+01	 2.22100E+01	 3.98381E+01	 3.79561E+01	 4.64190E+01	 4.74457E+01	 4.09951E+01	 2.04674E+01	 5.00000E+01
 6.29641E+01	 5.37022E+01	 2.38572E+01	 6.11543E+01	 2.22100E+01	 4.12705E+01	 3.79553E+01	 4.64167E+01	 4.74457E+01	 4.09693E+01	 2.07444E+01	 5.00000E+01
 6.29371E+01	 5.37729E+01	 2.37337E+01	 6.11428E+01	 2.22100E+01	 4.18578E+01	 3.79668E+01	 4.64097E+01	 4.74457E+01	 4.09476E+01	 2.02164E+01	 5.00000E+01
 6.28716E+01	 5.38173E+01	 2.36630E+01	 6.11730E+01	 2.22100E+01	 4.17101E+01	 3.79676E+01	 4.64102E+01	 4.74457E+01	 4.09425E+01	 2.06920E+01	 5.00000E+01
 6.29118E+01	 5.37637E+01	 2.36528E+01	 6.11278E+01	 2.22100E+01	 4.18883E+01	 3.79641E+01	 4.63997E+01	 4.74457E+01	 4.09149E+01	 2.02955E+01	 5.00000E+01
 6.28731E+01	 5.38497E+01	 2.35093E+01	 6.12745E+01	 2.22100E+01	 4.21379E+01	 3.79606E+01	 4.64067E+01	 4.74457E+01	 4.09553E+01	 2.06695E+01	 5.00000E+01
 6.28036E+01	 5.39241E+01	 2.44490E+01	 6.10471E+01	 2.22100E+01	 4.24830E+01	 3.79339E+01	 4.64003E+01	 4.74457E+01	 4.09082E+01	 2.07052E+01	 5.00000E+01
 6.28464E+01	 5.38409E+01	 2.45740E+01	 6.11325E+01	 2.22100E+01	 4.23502E+01	 3.79444E+01	 4.64045E+01	 4.74457E+01	 4.09048E+01	 2.08161E+01	 5.00000E+01
 6.28428E+01	 5.38610E+01	 2.45800E+01	 6.11886E+01	 2.22100E+01	 4.23175E+01	 3.79515E+01	 4.64011E+01	 4.74457E+01	 4.09537E+01	 2.07957E+01	 5.00000E+01
 6.28206E+01	 5.38791E+01	 2.40282E+01	 6.11383E+01	 2.22100E+01	 4.23326E+01	 3.79392E+01	 4.63942E+01	 4.74457E+01	 4.08930E+01	 2.08715E+01	 5.00000E+01
 6.27917E+01	 5.39143E+01	 2.41537E+01	 6.11231E+01	 2.22100E+01	 4.19914E+01	 3.79531E+01	 4.64004E+01	 4.74457E+01	 4.09204E+01	 2.08395E+01	 5.00000E+01
 6.28216E+01	 5.38932E+01	 2.43573E+01	 6.11841E+01	 2.22100E+01	 4.15842E+01	 3.79517E+01	 4.63949E+01	 4.74457E+01	 4.09383E+01	 2.04853E+01	 5.00000E+01
 6.28481E+01	 5.38766E+01	 2.48095E+01	 6.09309E+01	 2.22100E+01	 4.13149E+01	 3.79247E+01	 4.63783E+01	 4.74457E+01	 4.09263E+01	 2.05444E+01	 5.00000E+01
 6.28332E+01	 5.39035E+01	 2.45966E+01	 6.10715E+01	 2.22100E+01	 4.07393E+01	 3.79668E+01	 4.63855E+01	 4.74457E+01	 4.09625E+01	 2.08094E+01	 5.00000E+01
 6.28464E+01	 5.38840E+01	 2.44813E+01	 6.12553E+01	 2.22100E+01	 4.04292E+01	 3.79726E+01	 4.63880E+01	 4.74457E+01	 4.09840E+01	 2.06681E+01	 5.00000E+01
 6.28636E+01	 5.38607E+01	 2.51891E+01	 6.09605E+01	 2.22100E+01	 4.07629E+01	 3.79763E+01	 4.63970E+01	 4.74457E+01	 4.09367E+01	 2.06711E+01	 5.00000E+01
 6.29672E+01	 5.37423E+01	 2.48193E+01	 6.10789E+01	 2.22100E+01	 4.02865E+01	 3.79588E+01	 4.63790E+01	 4.74457E+01	 4.09534E+01	 2.12437E+01	 5.00000E+01
 6.29296E+01	 5.38261E+01	 2.43942E+01	 6.10598E+01	 2.22100E+01	 3.95599E+01	 3.79688E+01	 4.63893E+01	 4.74457E+01	 4.09414E+01	 2.09742E+01	 5.00000E+01
 6.28807E+01	 5.38862E+01	 2.40657E+01	 6.13287E+01	 2.22100E+01	 3.85497E+01	 3.79966E+01	 4.63782E+01	 4.74457E+01	 4.09489E+01	 2.07876E+01	 5.00000E+01
 6.29300E+01	 5.38009E+01	 2.49207E+01	 6.09515E+01	 2.22100E+01	 3.88670E+01	 3.79863E+01	 4.63764E+01	 4.74457E+01	 4.09835E+01	 2.04572E+01	 5.00000E+01
 6.28662E+01	 5.39246E+01	 2.50304E+01	 6.11674E+01	 2.22100E+01	 3.85506E+01	 3.79969E+01	 4.63926E+01	 4.74457E+01	 4.10293E+01	 2.03460E+01	 5.00000E+01
 6.27792E+01	 5.40125E+01	 2.48731E+01	 6.11451E+01	 2.22100E+01	 3.93315E+01	 3.80010E+01	 4.63944E+01	 4.74457E+01	 4.09727E+01	 2.05793E+01	 5.00000E+01
 6.28457E+01	 5.38957E+01	 2.49580E+01	 6.11754E+01	 2.22100E+01	 4.01041E+01	 3.79897E+01	 4.63891E+01	 4.74457E+01	 4.09680E+01	 2.09853E+01	 5.00000E+01
 6.28910E+01	 5.38271E+01	 2.52349E+01	 6.11568E+01	 2.22100E+01	 4.03819E+01	 3.80094E+01	 4.63850E+01	 4.74457E+01	 4.09333E+01	 2.06922E+01	 5.00000E+01
 6.29267E+01	 5.37954E+01	 2.51684E+01	 6.09824E+01	 2.22100E+01	 4.01182E+01	 3.80240E+01	 4.63924E+01	 4.74457E+01	 4.09872E+01	 2.03078E+01	 5.00000E+01
 6.29628E+01	 5.37755E+01	 2.54385E+01	 6.11076E+01	 2.22100E+01	 3.91442E+01	 3.80053E+01	 4.63881E+01	 4.74457E+01	 4.10144E+01	 2.10358E+01	 5.00000E+01
 6.29140E+01	 5.38418E+01	 2.52543E+01	 6.10164E+01	 2.22100E+01	 3.81950E+01	 3.80138E+01	 4.63795E+01	 4.74457E+01	 4.09876E+01	 2.11368E+01	 5.00000E+01
 6.28698E+01	 5.38958E+01	 2.54042E+01	 6.11709E+01	 2.22100E+01	 3.73482E+01	 3.80082E+01	 4.63918E+01	 4.74457E+01	 4.09933E+01	 2.12718E+01	 5.00000E+01
 6.29165E+01	 5.38362E+01	 2.52587E+01	 6.11866E+01	 2.22100E+01	 3.76913E+01	 3.80124E+01	 4.63934E+01	 4.74457E+01	 4.10578E+01	 2.09327E+01	 5.00000E+01
 6.29005E+01	 5.38674E+01	 2.52672E+01	 6.10741E+01	 2.22100E+01	 3.82474E+01	 3.79847E+01	 4.63966E+01	 4.74457E+01	 4.10020E+01	 2.08072E+01	 5.00000E+01
 6.28756E+01	 5.39017E+01	 2.49247E+01	 6.10615E+01	 2.22100E+01	 3.82552E+01	 3.80324E+01	 4.64023E+01	 4.74457E+01	 4.09844E+01	 2.06415E+01	 5.00000E+01
 6.29330E+01	 5.37872E+01	 2.50972E+01	 6.11874E+01	 2.22100E+01	 3.81192E+01	 3.80057E+01	 4.63968E+01	 4.74457E+01	 4.10338E+01	 2.04151E+01	 5.00000E+01
 6.29004E+01	 5.38714E+01	 2.46675E+01	 6.11663E+01	 2.22100E+01	 3.83513E+01	 3.80064E+01	 4.64099E+01	 4.74457E+01	 4.10236E+01	 2.04417E+01	 5.00000E+01
 6.28462E+01	 5.39461E+01	 2.45419E+01	 6.11017E+01	 2.22100E+01	 3.85996E+01	 3.80107E+01	 4.64247E+01	 4.74457E+01	 4.09996E+01	 2.03388E+01	 5.00000E+01
 6.28109E+01	 5.39559E+01	 2.49873E+01	 6.12258E+01	 2.22100E+01	 3.88578E+01	 3.79998E+01	 4.64070E+01	 4.74457E+01	 4.10415E+01	 2.13434E+01	 5.00000E+01
 6.28946E+01	 5.38298E+01	 2.51042E+01	 6.11814E+01	 2.22100E+01	 3.99193E+01	 3.79945E+01	 4.64106E+01	 4.74457E+01	 4.10501E+01	 2.06193E+01	 5.00000E+01
 6.29721E+01	 5.37541E+01	 2.52648E+01	 6.10791E+01	 2.22100E+01	 4.04477E+01	 3.80002E+01	 4.63972E+01	 4.74457E+01	 4.10303E+01	 2.04354E+01	 5.00000E+01
 6.30911E+01	 5.36213E+01	 2.48857E+01	 6.10455E+01	 2.22100E+01	 3.95621E+01	 3.79910E+01	 4.64137E+01	 4.74457E+01	 4.10560E+01	 2.07179E+01	 5.00000E+01
 6.30466E+01	 5.37267E+01	 2.50847E+01	 6.11896E+01	 2.22100E+01	 3.76863E+01	 3.79705E+01	 4.64138E+01	 4.74457E+01	 4.11032E+01	 2.06726E+01	 5.00000E+01
 6.29482E+01	 5.38151E+01	 2.43587E+01	 6.12460E+01	 2.22100E+01	 3.70320E+01	 3.79976E+01	 4.64091E+01	 4.74457E+01	 4.10978E+01	 2.06942E+01	 5.00000E+01
 6.30087E+01	 5.37402E+01	 2.41197E+01	 6.10208E+01	 2.22100E+01	 3.73379E+01	 3.79982E+01	 4.64134E+01	 4.74457E+01	 4.10535E+01	 2.12039E+01	 5.00000E+01
 6.30104E+01	 5.37400E+01	 2.44312E+01	 6.11572E+01	 2.22100E+01	 3.69703E+01	 3.79890E+01	 4.64202E+01	 4.74457E+01	 4.10497E+01	 2.07491E+01	 5.00000E+01
 6.29954E+01	 5.37360E+01	 2.44949E+01	 6.10865E+01	 2.22100E+01	 3.71119E+01	 3.79814E+01	 4.64228E+01	 4.74457E+01	 4.10721E+01	 2.06773E+01	 5.00000E+01
 6.28541E+01	 5.39114E+01	 2.45190E+01	 6.11259E+01	 2.22100E+01	 3.74161E+01	 3.80086E+01	 4.64205E+01	 4.74457E+01	 4.10545E+01	 2.05231E+01	 5.00000E+01
 6.28197E+01	 5.39278E+01	 2.39180E+01	 6.12364E+01	 2.22100E+01	 3.87637E+01	 3.80118E+01	 4.64190E+01	 4.74457E+01	 4.09938E+01	 2.14235E+01	 5.00000E+01
 6.28229E+01	 5.39159E+01	 2.39271E+01	 6.12287E+01	 2.22100E+01	 4.07415E+01	 3.80051E+01	 4.64171E+01	 4.74457E+01	 4.09548E+01	 2.07194E+01	 5.00000E+01
 6.29098E+01	 5.37957E+01	 2.38471E+01	 6.11966E+01	 2.22100E+01	 4.21276E+01	 3.79836E+01	 4.64216E+01	 4.74457E+01	 4.09589E+01	 2.05621E+01	 5.00000E+01
 6.29428E+01	 5.37755E+01	 2.43306E+01	 6.11416E+01	 2.22100E+01	 4.23219E+01	 3.79867E+01	 4.64269E+01	 4.74457E+01	 4.09778E+01	 2.08883E+01	 5.00000E+01
 6.29428E+01	 5.37821E+01	 2.43223E+01	 6.10811E+01	 2.22100E+01	 4.15451E+01	 3.79896E+01	 4.64172E+01	 4.74457E+01	 4.09566E+01	 2.07102E+01	 5.00000E+01
 6.29326E+01	 5.38095E+01	 2.43667E+01	 6.10661E+01	 2.22100E+01	 4.06813E+01	 3.79733E+01	 4.64316E+01	 4.74457E+01	 4.09418E+01	 2.05752E+01	 5.00000E+01
 6.29438E+01	 5.37549E+01	 2.43834E+01	 6.10478E+01	 2.22100E+01	 3.99348E+01	 3.79813E+01	 4.64146E+01	 4.74457E+01	 4.09693E+01	 2.03044E+01	 5.00000E+01
 6.29745E+01	 5.37443E+01	 2.44420E+01	 6.11473E+01	 2.22100E+01	 3.88442E+01	 3.79653E+01	 4.64220E+01	 4.74457E+01	 4.10229E+01	 2.08555E+01	 5.00000E+01
 6.30119E+01	 5.37022E+01	 2.41971E+01	 6.11355E+01	 2.22100E+01	 3.83809E+01	 3.79753E+01	 4.64238E+01	 4.74457E+01	 4.10436E+01	 2.06554E+01	 5.00000E+01
 6.29647E+01	 5.37798E+01	 2.44088E+01	 6.12181E+01	 2.22100E+01	 3.81533E+01	 3.79843E+01	 4.64238E+01	 4.74457E+01	 4.09820E+01	 2.05119E+01	 5.00000E+01
 6.29002E+01	 5.38443E+01	 2.43475E+01	 6.11873E+01	 2.22100E+01	 3.90119E+01	 3.79572E+01	 4.64242E+01	 4.74457E+01	 4.09843E+01	 2.10901E+01	 5.00000E+01
 6.29796E+01	 5.37324E+01	 2.42647E+01	 6.11657E+01	 2.22100E+01	 3.99598E+01	 3.79846E+01	 4.64236E+01	 4.74457E+01	 4.10114E+01	 2.10671E+01	 5.00000E+01
 6.29722E+01	 5.37651E+01	 2.47324E+01	 6.11560E+01	 2.22100E+01	 4.02591E+01	 3.79926E+01	 4.64215E+01	 4.74457E+01	 4.09893E+01	 2.07961E+01	 5.00000E+01
 6.29444E+01	 5.37761E+01	 2.43946E+01	 6.10718E+01	 2.22100E+01	 4.04034E+01	 3.79888E+01	 4.64179E+01	 4.74457E+01	 4.09642E+01	 2.05081E+01	 5.00000E+01
 6.29004E+01	 5.38401E+01	 2.43451E+01	 6.12519E+01	 2.22100E+01	 4.01714E+01	 3.79934E+01	 4.64317E+01	 4.74457E+01	 4.09397E+01	 2.06656E+01	 5.00000E+01
 6.29120E+01	 5.38118E+01	 2.37534E+01	 6.12554E+01	 2.22100E+01	 4.06672E+01	 3.80051E+01	 4.64282E+01	 4.74457E+01	 4.09570E+01	 2.07197E+01	 5.00000E+01
 6.29197E+01	 5.37949E+01	 2.38636E+01	 6.11904E+01	 2.22100E+01	 4.12468E+01	 3.80016E+01	 4.64123E+01	 4.74457E+01	 4.09362E+01	 2.06057E+01	 5.00000E+01
 6.29682E+01	 5.37647E+01	 2.36021E+01	 6.13797E+01	 2.22100E+01	 4.18271E+01	 3.79877E+01	 4.64169E+01	 4.74457E+01	 4.10107E+01	 2.07687E+01	 5.00000E+01
 6.29743E+01	 5.37599E+01	 2.42055E+01	 6.10407E+01	 2.22100E+01	 4.24193E+01	 3.79890E+01	 4.64099E+01	 4.74457E+01	 4.09462E+01	 2.09758E+01	 5.00000E+01
 6.29687E+01	 5.37600E+01	 2.46329E+01	 6.09911E+01	 2.22100E+01	 4.13802E+01	 3.79833E+01	 4.64178E+01	 4.74457E+01	 4.09297E+01	 2.06198E+01	 5.00000E+01
 6.29715E+01	 5.37665E+01	 2.43655E+01	 6.12002E+01	 2.22100E+01	 4.02635E+01	 3.79882E+01	 4.64292E+01	 4.74457E+01	 4.09902E+01	 2.10222E+01	 5.00000E+01
 6.29948E+01	 5.37369E+01	 2.44499E+01	 6.10408E+01	 2.22100E+01	 3.97038E+01	 3.79801E+01	 4.64208E+01	 4.74457E+01	 4.09669E+01	 2.04551E+01	 5.00000E+01
 6.30057E+01	 5.37297E+01	 2.43713E+01	 6.12909E+01	 2.22100E+01	 3.89405E+01	 3.79883E+01	 4.64195E+01	 4.74457E+01	 4.10391E+01	 2.09645E+01	 5.00000E+01
 6.29234E+01	 5.38165E+01	 2.44382E+01	 6.11828E+01	 2.22100E+01	 3.94903E+01	 3.79865E+01	 4.64202E+01	 4.74457E+01	 4.09847E+01	 2.06953E+01	 5.00000E+01
 6.29774E+01	 5.37306E+01	 2.46882E+01	 6.10491E+01	 2.22100E+01	 4.00232E+01	 3.79885E+01	 4.64074E+01	 4.74457E+01	 4.09644E+01	 2.08101E+01	 5.00000E+01
 6.30453E+01	 5.36618E+01	 2.48434E+01	 6.11168E+01	 2.22100E+01	 3.98415E+01	 3.79894E+01	 4.64195E+01	 4.74457E+01	 4.09938E+01	 2.06915E+01	 5.00000E+01
 6.30339E+01	 5.37175E+01	 2.45502E+01	 6.11193E+01	 2.22100E+01	 3.92037E+01	 3.80135E+01	 4.64271E+01	 4.74457E+01	 4.09988E+01	 2.07340E+01	 5.00000E+01
 6.29991E+01	 5.37381E+01	 2.41212E+01	 6.11496E+01	 2.22100E+01	 3.90202E+01	 3.80073E+01	 4.64074E+01	 4.74457E+01	 4.10291E+01	 2.11544E+01	 5.00000E+01
 6.29860E+01	 5.37601E+01	 2.43552E+01	 6.11548E+01	 2.22100E+01	 3.92812E+01	 3.79805E+01	 4.64197E+01	 4.74457E+01	 4.09768E+01	 2.09947E+01	 5.00000E+01
 6.29334E+01	 5.38371E+01	 2.47030E+01	 6.10349E+01	 2.22100E+01	 3.98688E+01	 3.79974E+01	 4.64127E+01	 4.74457E+01	 4.09700E+01	 2.09202E+01	 5.00000E+01
 6.29808E+01	 5.37615E+01	 2.44896E+01	 6.12407E+01	 2.22100E+01	 4.02795E+01	 3.80267E+01	 4.64250E+01	 4.74457E+01	 4.09914E+01	 2.10140E+01	 5.00000E+01
 6.30311E+01	 5.36797E+01	 2.44727E+01	 6.11692E+01	 2.22100E+01	 4.07391E+01	 3.80273E+01	 4.64285E+01	 4.74457E+01	 4.09827E+01	 2.08207E+01	 5.00000E+01
 6.28916E+01	 5.38826E+01	 2.44451E+01	 6.12600E+01	 2.22100E+01	 4.07577E+01	 3.79958E+01	 4.64212E+01	 4.74457E+01	 4.09730E+01	 2.11520E+01	 5.00000E+01
 6.28819E+01	 5.38491E+01	 2.47613E+01	 6.11251E+01	 2.22100E+01	 4.12430E+01	 3.80020E+01	 4.64106E+01	 4.74457E+01	 4.09713E+01	 2.07928E+01	 5.00000E+01
 6.29213E+01	 5.38144E+01	 2.51968E+01	 6.10233E+01	 2.22100E+01	 4.12283E+01	 3.80072E+01	 4.64393E+01	 4.74457E+01	 4.09448E+01	 2.03232E+01	 5.00000E+01
 6.29609E+01	 5.37600E+01	 2.51991E+01	 6.10547E+01	 2.22100E+01	 4.05610E+01	 3.80122E+01	 4.64396E+01	 4.74457E+01	 4.09985E+01	 2.14359E+01	 5.00000E+01
 6.29550E+01	 5.37886E+01	 2.45271E+01	 6.11084E+01	 2.22100E+01	 3.93727E+01	 3.79953E+01	 4.64445E+01	 4.74457E+01	 4.10062E+01	 2.09013E+01	 5.00000E+01
 6.29376E+01	 5.38119E+01	 2.46511E+01	 6.11400E+01	 2.22100E+01	 3.85975E+01	 3.80117E+01	 4.64268E+01	 4.74457E+01	 4.10300E+01	 2.09936E+01	 5.00000E+01
 6.31171E+01	 5.35655E+01	 2.43536E+01	 6.10767E+01	 2.22100E+01	 3.80150E+01	 3.80060E+01	 4.64384E+01	 4.74457E+01	 4.10618E+01	 2.09198E+01	 5.00000E+01
 6.30893E+01	 5.36743E+01	 2.43233E+01	 6.11641E+01	 2.22100E+01	 3.69447E+01	 3.80137E+01	 4.64283E+01	 4.74457E+01	 4.10551E+01	 2.09591E+01	 5.00000E+01
 6.29971E+01	 5.37851E+01	 2.44403E+01	 6.12322E+01	 2.22100E+01	 3.66674E+01	 3.80088E+01	 4.64370E+01	 4.74457E+01	 4.10532E+01	 2.03921E+01	 5.00000E+01
 6.30179E+01	 5.37214E+01	 2.53472E+01	 6.11535E+01	 2.22100E+01	 3.77046E+01	 3.80173E+01	 4.64181E+01	 4.74457E+01	 4.10490E+01	 2.07371E+01	 5.00000E+01
 6.30619E+01	 5.36929E+01	 2.51974E+01	 6.11558E+01	 2.22100E+01	 3.87640E+01	 3.80200E+01	 4.64319E+01	 4.74457E+01	 4.10182E+01	 2.10297E+01	 5.00000E+01
 6.30827E+01	 5.36551E+01	 2.45558E+01	 6.11694E+01	 2.22100E+01	 3.94978E+01	 3.80214E+01	 4.64352E+01	 4.74457E+01	 4.10288E+01	 2.05570E+01	 5.00000E+01
 6.31067E+01	 5.36256E+01	 2.43738E+01	 6.11881E+01	 2.22100E+01	 4.01638E+01	 3.80157E+01	 4.64204E+01	 4.74457E+01	 4.10199E+01	 2.02393E+01	 5.00000E+01
 6.30627E+01	 5.37016E+01	 2.43667E+01	 6.12620E+01	 2.22100E+01	 4.01295E+01	 3.80450E+01	 4.64259E+01	 4.74457E+01	 4.10492E+01	 2.02905E+01	 5.00000E+01
 6.29997E+01	 5.37457E+01	 2.43638E+01	 6.12272E+01	 2.22100E+01	 4.03232E+01	 3.80218E+01	 4.64277E+01	 4.74457E+01	 4.09655E+01	 2.07198E+01	 5.00000E+01
 6.29513E+01	 5.38004E+01	 2.45671E+01	 6.10455E+01	 2.22100E+01	 4.07014E+01	 3.80233E+01	 4.64316E+01	 4.74457E+01	 4.09387E+01	 2.10503E+01	 5.00000E+01
 6.29486E+01	 5.37903E+01	 2.49941E+01	 6.10364E+01	 2.22100E+01	 4.04391E+01	 3.80183E+01	 4.64355E+01	 4.74457E+01	 4.09521E+01	 2.03386E+01	 5.00000E+01
 6.29584E+01	 5.37601E+01	 2.52302E+01	 6.11044E+01	 2.22100E+01	 3.99597E+01	 3.80025E+01	 4.64457E+01	 4.74457E+01	 4.10085E+01	 2.03435E+01	 5.00000E+01
 6.29948E+01	 5.37216E+01	 2.51371E+01	 6.11038E+01	 2.22100E+01	 3.96883E+01	 3.80020E+01	 4.64395E+01	 4.74457E+01	 4.09742E+01	 2.05466E+01	 5.00000E+01
 6.29579E+01	 5.37852E+01	 2.47181E+01	 6.11339E+01	 2.22100E+01	 3.96141E+01	 3.79981E+01	 4.64362E+01	 4.74457E+01	 4.09896E+01	 2.08205E+01	 5.00000E+01
 6.29115E+01	 5.38157E+01	 2.41298E+01	 6.12208E+01	 2.22100E+01	 3.96096E+01	 3.79865E+01	 4.64358E+01	 4.74457E+01	 4.09948E+01	 2.06750E+01	 5.00000E+01
 6.29436E+01	 5.37701E+01	 2.50738E+01	 6.10672E+01	 2.22100E+01	 3.95790E+01	 3.79972E+01	 4.64313E+01	 4.74457E+01	 4.09726E+01	 2.06865E+01	 5.00000E+01
 6.29046E+01	 5.38326E+01	 2.49675E+01	 6.12002E+01	 2.22100E+01	 3.98632E+01	 3.79934E+01	 4.64273E+01	 4.74457E+01	 4.09864E+01	 2.01922E+01	 5.00000E+01
 6.28603E+01	 5.38948E+01	 2.49207E+01	 6.11189E+01	 2.22100E+01	 4.03965E+01	 3.80007E+01	 4.64446E+01	 4.74457E+01	 4.09395E+01	 2.07327E+01	 5.00000E+01
 6.28674E+01	 5.38642E+01	 2.51640E+01	 6.12505E+01	 2.22100E+01	 4.12456E+01	 3.79898E+01	 4.64185E+01	 4.74457E+01	 4.09948E+01	 2.06959E+01	 5.00000E+01
 6.29504E+01	 5.37452E+01	 2.49858E+01	 6.12172E+01	 2.22100E+01	 4.21192E+01	 3.79937E+01	 4.64361E+01	 4.74457E+01	 4.09859E+01	 2.07992E+01	 5.00000E+01
 6.30210E+01	 5.36628E+01	 2.48932E+01	 6.11583E+01	 2.22100E+01	 4.23195E+01	 3.80045E+01	 4.64270E+01	 4.74457E+01	 4.09781E+01	 2.07540E+01	 5.00000E+01
 6.30213E+01	 5.36984E+01	 2.50118E+01	 6.10505E+01	 2.22100E+01	 4.15170E+01	 3.79822E+01	 4.64244E+01	 4.74457E+01	 4.10463E+01	 2.09369E+01	 5.00000E+01
 6.29403E+01	 5.38325E+01	 2.54138E+01	 6.10303E+01	 2.22100E+01	 4.00161E+01	 3.79694E+01	 4.64323E+01	 4.74457E+01	 4.09951E+01	 2.09257E+01	 5.00000E+01
 6.28552E+01	 5.39107E+01	 2.47990E+01	 6.12542E+01	 2.22100E+01	 3.88065E+01	 3.79832E+01	 4.64345E+01	 4.74457E+01	 4.10150E+01	 2.03643E+01	 5.00000E+01
 6.30270E+01	 5.36729E+01	 2.45151E+01	 6.11366E+01	 2.22100E+01	 3.91353E+01	 3.79769E+01	 4.64313E+01	 4.74457E+01	 4.10567E+01	 2.04554E+01	 5.00000E+01
 6.30631E+01	 5.36644E+01	 2.48328E+01	 6.10708E+01	 2.22100E+01	 3.90481E+01	 3.79690E+01	 4.64425E+01	 4.74457E+01	 4.11044E+01	 2.07036E+01	 5.00000E+01
 6.30611E+01	 5.36641E+01	 2.49891E+01	 6.10879E+01	 2.22100E+01	 3.82576E+01	 3.79771E+01	 4.64352E+01	 4.74457E+01	 4.10767E+01	 2.03378E+01	 5.00000E+01
 6.29654E+01	 5.38087E+01	 2.45093E+01	 6.11294E+01	 2.22100E+01	 3.80112E+01	 3.79790E+01	 4.64294E+01	 4.74457E+01	 4.09979E+01	 2.08361E+01	 5.00000E+01
 6.29603E+01	 5.37908E+01	 2.36229E+01	 6.12537E+01	 2.22100E+01	 3.85341E+01	 3.79927E+01	 4.64259E+01	 4.74457E+01	 4.09848E+01	 2.01707E+01	 5.00000E+01
 6.29903E+01	 5.37582E+01	 2.36291E+01	 6.12290E+01	 2.22100E+01	 3.95988E+01	 3.79855E+01	 4.64324E+01	 4.74457E+01	 4.09876E+01	 2.06932E+01	 5.00000E+01
 6.29483E+01	 5.38012E+01	 2.37461E+01	 6.11457E+01	 2.22100E+01	 4.02607E+01	 3.79714E+01	 4.64152E+01	 4.74457E+01	 4.09708E+01	 2.01494E+01	 5.00000E+01
 6.30351E+01	 5.36701E+01	 2.41807E+01	 6.12718E+01	 2.22100E+01	 4.06905E+01	 3.79815E+01	 4.64219E+01	 4.74457E+01	 4.10011E+01	 2.09278E+01	 5.00000E+01
 6.31104E+01	 5.35945E+01	 2.45949E+01	 6.11664E+01	 2.22100E+01	 4.11624E+01	 3.79914E+01	 4.64209E+01	 4.74457E+01	 4.10530E+01	 2.03123E+01	 5.00000E+01
 6.29687E+01	 5.37992E+01	 2.38071E+01	 6.11895E+01	 2.22100E+01	 4.11466E+01	 3.79893E+01	 4.64169E+01	 4.74457E+01	 4.10085E+01	 2.06187E+01	 5.00000E+01
 6.29438E+01	 5.38215E+01	 2.38351E+01	 6.11811E+01	 2.22100E+01	 4.08799E+01	 3.79798E+01	 4.64297E+01	 4.74457E+01	 4.09095E+01	 2.11118E+01	 5.00000E+01
 6.29574E+01	 5.37880E+01	 2.38201E+01	 6.11467E+01	 2.22100E+01	 4.07422E+01	 3.79691E+01	 4.64329E+01	 4.74457E+01	 4.09371E+01	 2.11951E+01	 5.00000E+01
 6.30166E+01	 5.36897E+01	 2.45334E+01	 6.10205E+01	 2.22100E+01	 4.04006E+01	 3.79564E+01	 4.64254E+01	 4.74457E+01	 4.09704E+01	 2.08487E+01	 5.00000E+01
 6.30019E+01	 5.37283E+01	 2.38662E+01	 6.12892E+01	 2.22100E+01	 3.98080E+01	 3.79748E+01	 4.64334E+01	 4.74457E+01	 4.09960E+01	 2.04625E+01	 5.00000E+01
 6.29640E+01	 5.37755E+01	 2.36971E+01	 6.12440E+01	 2.22100E+01	 3.99959E+01	 3.79764E+01	 4.64164E+01	 4.74457E+01	 4.09816E+01	 2.10416E+01	 5.00000E+01
