 6.30525E+01	 5.39795E+01	 2.46436E+01	 6.13019E+01	 2.22100E+01	 4.00637E+01	 3.81003E+01	 4.65342E+01	 4.74457E+01	 4.11058E+01	 1.81135E+01	 5.00000E+01
 6.28988E+01	 5.38180E+01	 2.47460E+01	 6.11748E+01	 2.22100E+01	 3.98723E+01	 3.80527E+01	 4.64725E+01	 4.74457E+01	 4.09918E+01	 1.76883E+01	 5.00000E+01
 6.28093E+01	 5.37835E+01	 2.49528E+01	 6.11873E+01	 2.22100E+01	 3.94096E+01	 3.80389E+01	 4.64554E+01	 4.74457E+01	 4.09929E+01	 1.78881E+01	 5.00000E+01
 6.27677E+01	 5.37941E+01	 2.51011E+01	 6.10800E+01	 2.22100E+01	 3.93265E+01	 3.80381E+01	 4.64358E+01	 4.74457E+01	 4.09560E+01	 1.73808E+01	 5.00000E+01
 6.29096E+01	 5.35631E+01	 2.47833E+01	 6.12402E+01	 2.22100E+01	 3.93749E+01	 3.80160E+01	 4.64337E+01	 4.74457E+01	 4.10695E+01	 1.76394E+01	 5.00000E+01
 6.29385E+01	 5.35593E+01	 2.52913E+01	 6.11315E+01	 2.22100E+01	 3.93487E+01	 3.79920E+01	 4.64453E+01	 4.74457E+01	 4.10564E+01	 1.76912E+01	 5.00000E+01
 6.29449E+01	 5.35630E+01	 2.47035E+01	 6.11540E+01	 2.22100E+01	 3.88524E+01	 3.79835E+01	 4.64297E+01	 4.74457E+01	 4.10509E+01	 1.76713E+01	 5.00000E+01
 6.29084E+01	 5.36175E+01	 2.48303E+01	 6.10494E+01	 2.22100E+01	 3.88838E+01	 3.79639E+01	 4.64304E+01	 4.74457E+01	 4.10442E+01	 1.81347E+01	 5.00000E+01
 6.29162E+01	 5.36123E+01	 2.52505E+01	 6.12311E+01	 2.22100E+01	 3.85908E+01	 3.79602E+01	 4.64555E+01	 4.74457E+01	 4.11175E+01	 1.77245E+01	 5.00000E+01
 6.29193E+01	 5.35778E+01	 2.45774E+01	 6.13018E+01	 2.22100E+01	 3.85291E+01	 3.79701E+01	 4.64687E+01	 4.74457E+01	 4.11173E+01	 1.75472E+01	 5.00000E+01
 6.28189E+01	 5.37124E+01	 2.39466E+01	 6.13231E+01	 2.22100E+01	 3.80144E+01	 3.79654E+01	 4.64783E+01	 4.74457E+01	 4.11304E+01	 1.76297E+01	 5.00000E+01
 6.28335E+01	 5.36697E+01	 2.35497E+01	 6.11937E+01	 2.22100E+01	 3.75511E+01	 3.79628E+01	 4.64804E+01	 4.74457E+01	 4.11267E+01	 1.73816E+01	 5.00000E+01
 6.28601E+01	 5.36204E+01	 2.37818E+01	 6.11426E+01	 2.22100E+01	 3.61473E+01	 3.79661E+01	 4.64818E+01	 4.74457E+01	 4.11710E+01	 1.73100E+01	 5.00000E+01
 6.27646E+01	 5.37323E+01	 2.31273E+01	 6.12398E+01	 2.22100E+01	 3.42400E+01	 3.79431E+01	 4.64786E+01	 4.74457E+01	 4.11776E+01	 1.72912E+01	 5.00000E+01
 6.27900E+01	 5.37023E+01	 2.26279E+01	 6.13922E+01	 2.22100E+01	 3.26584E+01	 3.79430E+01	 4.64935E+01	 4.74457E+01	 4.12506E+01	 1.76821E+01	 5.00000E+01
 6.28350E+01	 5.36671E+01	 2.16975E+01	 6.13122E+01	 2.22100E+01	 3.13730E+01	 3.79510E+01	 4.65215E+01	 4.74457E+01	 4.14085E+01	 1.73026E+01	 5.00000E+01
 6.28714E+01	 5.36364E+01	 2.06547E+01	 6.14590E+01	 2.22100E+01	 2.90335E+01	 3.79637E+01	 4.65426E+01	 4.74457E+01	 4.14488E+01	 1.70513E+01	 5.00000E+01
 6.28979E+01	 5.35812E+01	 1.92811E+01	 6.15007E+01	 2.22100E+01	 2.69434E+01	 3.79329E+01	 4.65230E+01	 4.74457E+01	 4.14191E+01	 1.69898E+01	 5.00000E+01
 6.29085E+01	 5.35532E+01	 1.86969E+01	 6.15527E+01	 2.22100E+01	 2.61169E+01	 3.79245E+01	 4.64885E+01	 4.74457E+01	 4.13911E+01	 1.71153E+01	 5.00000E+01
 6.29173E+01	 5.35359E+01	 1.78009E+01	 6.16672E+01	 2.22100E+01	 2.72476E+01	 3.79021E+01	 4.64563E+01	 4.74457E+01	 4.13378E+01	 1.72516E+01	 5.00000E+01
 6.29089E+01	 5.35290E+01	 1.71046E+01	 6.16087E+01	 2.22100E+01	 3.07035E+01	 3.78771E+01	 4.64190E+01	 4.74457E+01	 4.12017E+01	 1.67935E+01	 5.00000E+01
 6.28878E+01	 5.35341E+01	 1.62845E+01	 6.16332E+01	 2.22100E+01	 3.64206E+01	 3.78018E+01	 4.63654E+01	 4.74457E+01	 4.09810E+01	 1.69573E+01	 5.00000E+01
 6.30062E+01	 5.33673E+01	 1.68368E+01	 6.16348E+01	 2.22100E+01	 4.42073E+01	 3.77125E+01	 4.63195E+01	 4.74457E+01	 4.07836E+01	 1.68700E+01	 5.00000E+01
 6.28961E+01	 5.34945E+01	 1.72925E+01	 6.15628E+01	 2.22100E+01	 5.40618E+01	 3.76194E+01	 4.62285E+01	 4.74457E+01	 4.04079E+01	 1.72471E+01	 5.00000E+01
 6.27783E+01	 5.36032E+01	 1.84628E+01	 6.14528E+01	 2.22100E+01	 6.71646E+01	 3.75253E+01	 4.61469E+01	 4.74457E+01	 3.99780E+01	 1.64956E+01	 5.00000E+01
 6.27124E+01	 5.36879E+01	 2.08385E+01	 6.12918E+01	 2.22100E+01	 8.19982E+01	 3.74506E+01	 4.61145E+01	 4.74457E+01	 3.98028E+01	 1.75001E+01	 5.00000E+01
 6.27385E+01	 5.36859E+01	 2.24829E+01	 6.11333E+01	 2.22100E+01	 9.41822E+01	 3.74172E+01	 4.61606E+01	 4.74457E+01	 3.97304E+01	 1.69403E+01	 5.00000E+01
 6.27781E+01	 5.36874E+01	 2.47059E+01	 6.11370E+01	 2.22100E+01	 1.00000E+02	 3.74323E+01	 4.62289E+01	 4.74457E+01	 3.97451E+01	 1.73540E+01	 5.00000E+01
 6.28605E+01	 5.36008E+01	 2.58874E+01	 6.10659E+01	 2.22100E+01	 9.99258E+01	 3.74226E+01	 4.62374E+01	 4.74457E+01	 3.96749E+01	 1.74650E+01	 5.00000E+01
 6.28595E+01	 5.36455E+01	 2.66848E+01	 6.10036E+01	 2.22100E+01	 9.80450E+01	 3.74222E+01	 4.61775E+01	 4.74457E+01	 3.95554E+01	 1.70971E+01	 5.00000E+01
 6.28367E+01	 5.36786E+01	 2.86694E+01	 6.08273E+01	 2.22100E+01	 9.68635E+01	 3.73633E+01	 4.60714E+01	 4.74457E+01	 3.93436E+01	 1.80684E+01	 5.00000E+01
 6.29372E+01	 5.35685E+01	 3.07110E+01	 6.08102E+01	 2.22100E+01	 9.95299E+01	 3.73005E+01	 4.59617E+01	 4.74457E+01	 3.92984E+01	 1.74766E+01	 5.00000E+01
 6.29453E+01	 5.36622E+01	 3.38017E+01	 6.05003E+01	 2.22100E+01	 1.00000E+02	 3.72537E+01	 4.58733E+01	 4.74457E+01	 3.91666E+01	 1.76705E+01	 5.00000E+01
 6.29561E+01	 5.37439E+01	 3.72314E+01	 6.04322E+01	 2.22100E+01	 1.00000E+02	 3.72441E+01	 4.58345E+01	 4.74457E+01	 3.92319E+01	 1.89246E+01	 5.00000E+01
 6.29086E+01	 5.38758E+01	 4.04334E+01	 6.02397E+01	 2.22100E+01	 1.00000E+02	 3.72552E+01	 4.57957E+01	 4.74457E+01	 3.91226E+01	 1.88813E+01	 5.00000E+01
 6.28674E+01	 5.40075E+01	 4.37100E+01	 6.00791E+01	 2.22100E+01	 1.00000E+02	 3.72844E+01	 4.57483E+01	 4.74457E+01	 3.91175E+01	 1.91446E+01	 5.00000E+01
 6.28386E+01	 5.41111E+01	 4.65197E+01	 6.00256E+01	 2.22100E+01	 1.00000E+02	 3.73558E+01	 4.57079E+01	 4.74457E+01	 3.92120E+01	 1.95233E+01	 5.00000E+01
 6.29666E+01	 5.40645E+01	 4.99452E+01	 5.97485E+01	 2.22100E+01	 1.00000E+02	 3.74530E+01	 4.57047E+01	 4.74457E+01	 3.93299E+01	 1.95344E+01	 5.00000E+01
 6.29246E+01	 5.42517E+01	 5.29362E+01	 5.95459E+01	 2.22100E+01	 1.00000E+02	 3.75520E+01	 4.57123E+01	 4.74457E+01	 3.93775E+01	 2.01740E+01	 5.00000E+01
 6.28832E+01	 5.44189E+01	 5.49237E+01	 5.96739E+01	 2.22100E+01	 1.00000E+02	 3.77159E+01	 4.57517E+01	 4.74457E+01	 3.97010E+01	 2.07533E+01	 5.00000E+01
 6.28517E+01	 5.45852E+01	 5.71040E+01	 5.94014E+01	 2.22100E+01	 1.00000E+02	 3.79140E+01	 4.58774E+01	 4.74457E+01	 4.00773E+01	 2.04516E+01	 5.00000E+01
 6.29152E+01	 5.45787E+01	 5.76949E+01	 5.96400E+01	 2.22100E+01	 1.00000E+02	 3.80908E+01	 4.59815E+01	 4.74457E+01	 4.02859E+01	 2.06214E+01	 5.00000E+01
 6.29801E+01	 5.45701E+01	 5.73292E+01	 5.96297E+01	 2.22100E+01	 1.00000E+02	 3.82607E+01	 4.60483E+01	 4.74457E+01	 4.04914E+01	 2.06614E+01	 5.00000E+01
 6.29481E+01	 5.46637E+01	 5.59791E+01	 5.98404E+01	 2.22100E+01	 1.00000E+02	 3.83337E+01	 4.60659E+01	 4.74457E+01	 4.05251E+01	 2.01634E+01	 5.00000E+01
 6.30185E+01	 5.45885E+01	 5.50632E+01	 5.98422E+01	 2.22100E+01	 9.51552E+01	 3.83768E+01	 4.60685E+01	 4.74457E+01	 4.06975E+01	 2.01117E+01	 5.00000E+01
 6.30742E+01	 5.45171E+01	 5.29814E+01	 6.00265E+01	 2.22100E+01	 5.90181E+01	 3.83543E+01	 4.60290E+01	 4.74457E+01	 4.12429E+01	 2.00981E+01	 5.00000E+01
 6.29531E+01	 5.46789E+01	 5.15196E+01	 6.01445E+01	 2.22100E+01	 2.57786E+01	 3.82630E+01	 4.59959E+01	 4.74457E+01	 4.19184E+01	 1.89883E+01	 5.00000E+01
 6.29628E+01	 5.45655E+01	 5.00111E+01	 6.01948E+01	 2.22100E+01	 1.11597E+01	 3.81624E+01	 4.58881E+01	 4.74457E+01	 4.20761E+01	 1.90233E+01	 5.00000E+01
 6.30011E+01	 5.44707E+01	 4.81802E+01	 6.01732E+01	 2.22100E+01	 4.81532E+00	 3.79962E+01	 4.57158E+01	 4.74457E+01	 4.21769E+01	 1.89915E+01	 5.00000E+01
 6.30436E+01	 5.44699E+01	 4.78266E+01	 6.02179E+01	 2.22100E+01	 2.08083E+00	 3.79108E+01	 4.56841E+01	 4.74457E+01	 4.24997E+01	 1.87778E+01	 5.00000E+01
 6.31302E+01	 5.44471E+01	 4.80198E+01	 6.02145E+01	 2.22100E+01	 8.91976E-01	 3.79225E+01	 4.58103E+01	 4.74457E+01	 4.28258E+01	 1.85956E+01	 5.00000E+01
 6.31872E+01	 5.44176E+01	 4.70092E+01	 6.03439E+01	 2.22100E+01	 3.82144E-01	 3.80251E+01	 4.59808E+01	 4.74457E+01	 4.29240E+01	 1.86078E+01	 5.00000E+01
 6.32158E+01	 5.43660E+01	 4.36646E+01	 6.04776E+01	 2.22100E+01	 1.58677E-01	 3.81360E+01	 4.60399E+01	 4.74457E+01	 4.26710E+01	 1.81441E+01	 5.00000E+01
 6.32294E+01	 5.42425E+01	 4.08921E+01	 6.05801E+01	 2.22100E+01	 6.33889E-02	 3.81406E+01	 4.59660E+01	 4.74457E+01	 4.25579E+01	 1.82187E+01	 5.00000E+01
 6.32520E+01	 5.41901E+01	 3.85290E+01	 6.06990E+01	 2.22100E+01	 2.89382E-02	 3.81074E+01	 4.59377E+01	 4.74457E+01	 4.26737E+01	 1.77508E+01	 5.00000E+01
 6.32016E+01	 5.42576E+01	 3.67352E+01	 6.07752E+01	 2.22100E+01	 1.22420E-02	 3.81073E+01	 4.60197E+01	 4.74457E+01	 4.28058E+01	 1.72334E+01	 5.00000E+01
 6.32774E+01	 5.41551E+01	 3.43783E+01	 6.10110E+01	 2.22100E+01	 3.31010E-03	 3.81187E+01	 4.61976E+01	 4.74457E+01	 4.28629E+01	 1.67431E+01	 5.00000E+01
 6.33265E+01	 5.40541E+01	 3.14691E+01	 6.11262E+01	 2.22100E+01	 8.30053E-04	 3.81467E+01	 4.63068E+01	 4.74457E+01	 4.28684E+01	 1.68979E+01	 5.00000E+01
 6.34109E+01	 5.38881E+01	 2.64833E+01	 6.14573E+01	 2.22100E+01	 3.24478E-03	 3.81637E+01	 4.63795E+01	 4.74457E+01	 4.29127E+01	 1.53348E+01	 5.00000E+01
 6.33230E+01	 5.39769E+01	 2.11631E+01	 6.18405E+01	 2.22100E+01	 4.32037E-03	 3.81287E+01	 4.64349E+01	 4.74457E+01	 4.29806E+01	 1.52678E+01	 5.00000E+01
 6.31688E+01	 5.40132E+01	 1.64346E+01	 6.21551E+01	 2.22100E+01	 2.99946E-03	 3.80380E+01	 4.64338E+01	 4.74457E+01	 4.29257E+01	 1.51129E+01	 5.00000E+01
 6.32014E+01	 5.38388E+01	 1.20366E+01	 6.24690E+01	 2.22100E+01	 2.09195E-03	 3.79411E+01	 4.63746E+01	 4.74457E+01	 4.29822E+01	 1.45988E+01	 5.00000E+01
 6.32114E+01	 5.37030E+01	 7.38705E+00	 6.26610E+01	 2.22100E+01	 5.46805E-04	 3.77682E+01	 4.63025E+01	 4.74457E+01	 4.30479E+01	 1.43489E+01	 5.00000E+01
 6.32227E+01	 5.36309E+01	 4.10383E+00	 6.28520E+01	 2.22100E+01	 1.78890E-03	 3.75765E+01	 4.62407E+01	 4.74457E+01	 4.29716E+01	 1.45016E+01	 5.00000E+01
 6.31653E+01	 5.36011E+01	 1.54968E+00	 6.27912E+01	 2.22100E+01	 6.65932E-03	 3.73963E+01	 4.61255E+01	 4.74457E+01	 4.27154E+01	 1.43464E+01	 5.00000E+01
 6.31835E+01	 5.34657E+01	 9.04583E-01	 6.28893E+01	 2.22100E+01	 1.62882E+00	 3.71924E+01	 4.60050E+01	 4.74457E+01	 4.25270E+01	 1.44264E+01	 5.00000E+01
 6.32256E+01	 5.34058E+01	 1.11816E+00	 6.26768E+01	 2.22100E+01	 1.15073E+01	 3.71070E+01	 4.59957E+01	 4.74457E+01	 4.23078E+01	 1.46132E+01	 5.00000E+01
 6.32877E+01	 5.34070E+01	 5.19452E-01	 6.29962E+01	 2.22100E+01	 2.48011E+01	 3.71640E+01	 4.61731E+01	 4.74457E+01	 4.21599E+01	 1.47906E+01	 5.00000E+01
 6.33106E+01	 5.34222E+01	 1.86741E-01	 6.28430E+01	 2.22100E+01	 3.63011E+01	 3.72876E+01	 4.63695E+01	 4.74457E+01	 4.18723E+01	 1.49079E+01	 5.00000E+01
 6.33142E+01	 5.34036E+01	 6.51739E-02	 6.29273E+01	 2.22100E+01	 4.31180E+01	 3.74008E+01	 4.65076E+01	 4.74457E+01	 4.16440E+01	 1.48481E+01	 5.00000E+01
 6.32748E+01	 5.34109E+01	 2.23961E-02	 6.29946E+01	 2.22100E+01	 4.65448E+01	 3.74907E+01	 4.65880E+01	 4.74457E+01	 4.15359E+01	 1.45897E+01	 5.00000E+01
 6.32052E+01	 5.34575E+01	 3.44628E-03	 6.29110E+01	 2.22100E+01	 4.78612E+01	 3.75294E+01	 4.66160E+01	 4.74457E+01	 4.15446E+01	 1.42343E+01	 5.00000E+01
 6.31354E+01	 5.34706E+01	 1.17818E-03	 6.28955E+01	 2.22100E+01	 4.71974E+01	 3.75139E+01	 4.66344E+01	 4.74457E+01	 4.14987E+01	 1.47101E+01	 5.00000E+01
 6.31198E+01	 5.34249E+01	 4.38311E-03	 6.29009E+01	 2.22100E+01	 4.57302E+01	 3.74781E+01	 4.65965E+01	 4.74457E+01	 4.15285E+01	 1.42572E+01	 5.00000E+01
 6.30661E+01	 5.34192E+01	 3.74165E-03	 6.29639E+01	 2.22100E+01	 4.52688E+01	 3.73887E+01	 4.65076E+01	 4.74457E+01	 4.15082E+01	 1.46632E+01	 5.00000E+01
 6.30205E+01	 5.34319E+01	 1.71805E-05	 6.28619E+01	 2.22100E+01	 4.64504E+01	 3.72712E+01	 4.64358E+01	 4.74457E+01	 4.13900E+01	 1.46830E+01	 5.00000E+01
 6.30021E+01	 5.33872E+01	 1.67542E-02	 6.29676E+01	 2.22100E+01	 5.01181E+01	 3.71616E+01	 4.63280E+01	 4.74457E+01	 4.12544E+01	 1.45693E+01	 5.00000E+01
 6.29092E+01	 5.35070E+01	 6.54168E-01	 6.28435E+01	 2.22100E+01	 5.62909E+01	 3.70774E+01	 4.62553E+01	 4.74457E+01	 4.09915E+01	 1.42998E+01	 5.00000E+01
 6.28281E+01	 5.36011E+01	 2.04407E+00	 6.26854E+01	 2.22100E+01	 6.43128E+01	 3.70425E+01	 4.62331E+01	 4.74457E+01	 4.06335E+01	 1.53249E+01	 5.00000E+01
 6.29084E+01	 5.34877E+01	 2.97164E+00	 6.27306E+01	 2.22100E+01	 7.26350E+01	 3.69944E+01	 4.62022E+01	 4.74457E+01	 4.04323E+01	 1.51104E+01	 5.00000E+01
 6.28754E+01	 5.35467E+01	 4.64661E+00	 6.25058E+01	 2.22100E+01	 8.15618E+01	 3.69859E+01	 4.61908E+01	 4.74457E+01	 4.01899E+01	 1.54286E+01	 5.00000E+01
 6.28414E+01	 5.36369E+01	 6.51845E+00	 6.23525E+01	 2.22100E+01	 8.88677E+01	 3.70423E+01	 4.61936E+01	 4.74457E+01	 4.00003E+01	 1.62518E+01	 5.00000E+01
 6.27681E+01	 5.37904E+01	 8.22387E+00	 6.22077E+01	 2.22100E+01	 9.30180E+01	 3.71059E+01	 4.62549E+01	 4.74457E+01	 3.98626E+01	 1.62237E+01	 5.00000E+01
 6.27057E+01	 5.38891E+01	 8.99502E+00	 6.22516E+01	 2.22100E+01	 9.37659E+01	 3.71875E+01	 4.62848E+01	 4.74457E+01	 3.97874E+01	 1.63247E+01	 5.00000E+01
 6.26647E+01	 5.39386E+01	 1.03015E+01	 6.21987E+01	 2.22100E+01	 9.33800E+01	 3.72179E+01	 4.62852E+01	 4.74457E+01	 3.97190E+01	 1.64752E+01	 5.00000E+01
 6.27252E+01	 5.38348E+01	 1.22495E+01	 6.18744E+01	 2.22100E+01	 9.28561E+01	 3.72427E+01	 4.62173E+01	 4.74457E+01	 3.95254E+01	 1.69610E+01	 5.00000E+01
 6.27183E+01	 5.38936E+01	 1.48425E+01	 6.17195E+01	 2.22100E+01	 9.32064E+01	 3.72492E+01	 4.61582E+01	 4.74457E+01	 3.94383E+01	 1.68998E+01	 5.00000E+01
 6.27123E+01	 5.39785E+01	 1.73465E+01	 6.15846E+01	 2.22100E+01	 9.50925E+01	 3.73084E+01	 4.61446E+01	 4.74457E+01	 3.96266E+01	 1.75434E+01	 5.00000E+01
 6.27820E+01	 5.40109E+01	 1.93934E+01	 6.14595E+01	 2.22100E+01	 9.34583E+01	 3.74097E+01	 4.62341E+01	 4.74457E+01	 3.98837E+01	 1.76217E+01	 5.00000E+01
 6.28293E+01	 5.40343E+01	 2.10682E+01	 6.15108E+01	 2.22100E+01	 8.60267E+01	 3.75241E+01	 4.63061E+01	 4.74457E+01	 3.99181E+01	 1.73975E+01	 5.00000E+01
 6.28452E+01	 5.40355E+01	 2.28669E+01	 6.12744E+01	 2.22100E+01	 7.73686E+01	 3.76360E+01	 4.62568E+01	 4.74457E+01	 3.99421E+01	 1.81908E+01	 5.00000E+01
 6.28817E+01	 5.40064E+01	 2.34471E+01	 6.12780E+01	 2.22100E+01	 7.14085E+01	 3.76703E+01	 4.61720E+01	 4.74457E+01	 3.98699E+01	 1.82958E+01	 5.00000E+01
 6.28109E+01	 5.41416E+01	 2.53374E+01	 6.10673E+01	 2.22100E+01	 7.03721E+01	 3.77132E+01	 4.60896E+01	 4.74457E+01	 3.97066E+01	 1.90146E+01	 5.00000E+01
 6.27689E+01	 5.42496E+01	 2.76534E+01	 6.09893E+01	 2.22100E+01	 7.42570E+01	 3.77295E+01	 4.60296E+01	 4.74457E+01	 3.96556E+01	 1.90909E+01	 5.00000E+01
 6.26682E+01	 5.44235E+01	 3.04345E+01	 6.08921E+01	 2.22100E+01	 8.15550E+01	 3.77783E+01	 4.60095E+01	 4.74457E+01	 3.95375E+01	 1.95507E+01	 5.00000E+01
 6.27137E+01	 5.43639E+01	 3.29366E+01	 6.06520E+01	 2.22100E+01	 9.00969E+01	 3.78126E+01	 4.59810E+01	 4.74457E+01	 3.93868E+01	 2.00076E+01	 5.00000E+01
 6.28028E+01	 5.43172E+01	 3.56691E+01	 6.04982E+01	 2.22100E+01	 9.66957E+01	 3.78502E+01	 4.59749E+01	 4.74457E+01	 3.92972E+01	 2.03595E+01	 5.00000E+01
 6.27809E+01	 5.44140E+01	 3.79885E+01	 6.03294E+01	 2.22100E+01	 1.00000E+02	 3.79125E+01	 4.59520E+01	 4.74457E+01	 3.91626E+01	 2.02099E+01	 5.00000E+01
 6.27790E+01	 5.44414E+01	 4.17839E+01	 5.99236E+01	 2.22100E+01	 1.00000E+02	 3.79046E+01	 4.59086E+01	 4.74457E+01	 3.90743E+01	 2.06185E+01	 5.00000E+01
 6.28168E+01	 5.44661E+01	 4.39840E+01	 5.99957E+01	 2.22100E+01	 1.00000E+02	 3.79312E+01	 4.59203E+01	 4.74457E+01	 3.92539E+01	 2.08855E+01	 5.00000E+01
 6.27085E+01	 5.47085E+01	 4.73768E+01	 5.95896E+01	 2.22100E+01	 9.97004E+01	 3.80073E+01	 4.59758E+01	 4.74457E+01	 3.95900E+01	 2.09274E+01	 5.00000E+01
 6.27274E+01	 5.47650E+01	 4.96039E+01	 5.97600E+01	 2.22100E+01	 9.07286E+01	 3.81429E+01	 4.60917E+01	 4.74457E+01	 4.00931E+01	 2.10336E+01	 5.00000E+01
 6.27459E+01	 5.47856E+01	 5.06302E+01	 5.96000E+01	 2.22100E+01	 7.15954E+01	 3.82441E+01	 4.61766E+01	 4.74457E+01	 4.04371E+01	 2.12531E+01	 5.00000E+01
 6.28109E+01	 5.47116E+01	 5.11446E+01	 5.95743E+01	 2.22100E+01	 4.76856E+01	 3.83244E+01	 4.61527E+01	 4.74457E+01	 4.06707E+01	 2.16900E+01	 5.00000E+01
 6.28497E+01	 5.46645E+01	 5.21201E+01	 5.96415E+01	 2.22100E+01	 2.76715E+01	 3.83674E+01	 4.60531E+01	 4.74457E+01	 4.08013E+01	 2.12774E+01	 5.00000E+01
 6.28849E+01	 5.46475E+01	 5.27397E+01	 5.95339E+01	 2.22100E+01	 1.73357E+01	 3.83863E+01	 4.59304E+01	 4.74457E+01	 4.09860E+01	 2.16447E+01	 5.00000E+01
 6.29608E+01	 5.46404E+01	 5.41873E+01	 5.94267E+01	 2.22100E+01	 1.57072E+01	 3.84175E+01	 4.59002E+01	 4.74457E+01	 4.11455E+01	 2.22277E+01	 5.00000E+01
 6.29508E+01	 5.47118E+01	 5.63897E+01	 5.92172E+01	 2.22100E+01	 1.78093E+01	 3.85045E+01	 4.59380E+01	 4.74457E+01	 4.11533E+01	 2.28923E+01	 5.00000E+01
 6.29316E+01	 5.47545E+01	 5.77073E+01	 5.90443E+01	 2.22100E+01	 1.99839E+01	 3.85710E+01	 4.59962E+01	 4.74457E+01	 4.11088E+01	 2.25828E+01	 5.00000E+01
 6.28334E+01	 5.48871E+01	 5.86165E+01	 5.91475E+01	 2.22100E+01	 2.06167E+01	 3.86997E+01	 4.60617E+01	 4.74457E+01	 4.11734E+01	 2.30755E+01	 5.00000E+01
 6.27903E+01	 5.49257E+01	 5.95434E+01	 5.90342E+01	 2.22100E+01	 2.00054E+01	 3.87872E+01	 4.61075E+01	 4.74457E+01	 4.10994E+01	 2.24007E+01	 5.00000E+01
 6.27743E+01	 5.49265E+01	 6.01861E+01	 5.89905E+01	 2.22100E+01	 1.80546E+01	 3.88694E+01	 4.61595E+01	 4.74457E+01	 4.11777E+01	 2.24651E+01	 5.00000E+01
 6.29492E+01	 5.46919E+01	 6.07569E+01	 5.88798E+01	 2.22100E+01	 1.49690E+01	 3.88945E+01	 4.62164E+01	 4.74457E+01	 4.13692E+01	 2.23595E+01	 5.00000E+01
 6.29127E+01	 5.47205E+01	 6.15357E+01	 5.87427E+01	 2.22100E+01	 1.04079E+01	 3.89007E+01	 4.62543E+01	 4.74457E+01	 4.13555E+01	 2.18334E+01	 5.00000E+01
 6.28623E+01	 5.47645E+01	 6.10273E+01	 5.89046E+01	 2.22100E+01	 5.05863E+00	 3.89080E+01	 4.62974E+01	 4.74457E+01	 4.15413E+01	 2.14340E+01	 5.00000E+01
 6.29746E+01	 5.45486E+01	 6.17845E+01	 5.86135E+01	 2.22100E+01	 2.17914E+00	 3.89102E+01	 4.63507E+01	 4.74457E+01	 4.17274E+01	 2.16767E+01	 5.00000E+01
 6.30084E+01	 5.44693E+01	 6.14852E+01	 5.87196E+01	 2.22100E+01	 9.31772E-01	 3.89171E+01	 4.64024E+01	 4.74457E+01	 4.18957E+01	 2.10272E+01	 5.00000E+01
 6.30222E+01	 5.44328E+01	 6.10424E+01	 5.86857E+01	 2.22100E+01	 3.95160E-01	 3.89172E+01	 4.64849E+01	 4.74457E+01	 4.19405E+01	 2.13722E+01	 5.00000E+01
 6.30208E+01	 5.43516E+01	 5.99429E+01	 5.87942E+01	 2.22100E+01	 1.67058E-01	 3.88587E+01	 4.65016E+01	 4.74457E+01	 4.18379E+01	 2.08646E+01	 5.00000E+01
 6.29983E+01	 5.42896E+01	 5.93482E+01	 5.86599E+01	 2.22100E+01	 6.93762E-02	 3.87880E+01	 4.64855E+01	 4.74457E+01	 4.17344E+01	 2.04149E+01	 5.00000E+01
 6.29998E+01	 5.42598E+01	 5.96913E+01	 5.86268E+01	 2.22100E+01	 2.94611E-02	 3.87107E+01	 4.65331E+01	 4.74457E+01	 4.19780E+01	 1.99625E+01	 5.00000E+01
 6.30493E+01	 5.41838E+01	 5.93326E+01	 5.86156E+01	 2.22100E+01	 1.34416E-02	 3.87390E+01	 4.66796E+01	 4.74457E+01	 4.22292E+01	 1.97437E+01	 5.00000E+01
 6.30592E+01	 5.41322E+01	 5.77668E+01	 5.88595E+01	 2.22100E+01	 5.22200E-03	 3.87787E+01	 4.68398E+01	 4.74457E+01	 4.22798E+01	 1.88726E+01	 5.00000E+01
 6.30473E+01	 5.41182E+01	 5.54645E+01	 5.90316E+01	 2.22100E+01	 5.53998E-03	 3.88250E+01	 4.69716E+01	 4.74457E+01	 4.24430E+01	 1.80883E+01	 5.00000E+01
 6.30651E+01	 5.39980E+01	 5.20556E+01	 5.92832E+01	 2.22100E+01	 1.64718E-04	 3.88564E+01	 4.70657E+01	 4.74457E+01	 4.25270E+01	 1.84428E+01	 5.00000E+01
 6.29787E+01	 5.40539E+01	 4.82229E+01	 5.95793E+01	 2.22100E+01	 4.38709E-03	 3.88678E+01	 4.71760E+01	 4.74457E+01	 4.25802E+01	 1.78977E+01	 5.00000E+01
 6.28670E+01	 5.40577E+01	 4.33499E+01	 5.98493E+01	 2.22100E+01	 9.35420E-04	 3.88506E+01	 4.72299E+01	 4.74457E+01	 4.24843E+01	 1.65513E+01	 5.00000E+01
 6.28800E+01	 5.38704E+01	 3.82394E+01	 6.02310E+01	 2.22100E+01	 1.92811E-03	 3.87148E+01	 4.71799E+01	 4.74457E+01	 4.25075E+01	 1.63857E+01	 5.00000E+01
 6.28636E+01	 5.37707E+01	 3.30375E+01	 6.05998E+01	 2.22100E+01	 3.26311E-03	 3.85504E+01	 4.70926E+01	 4.74457E+01	 4.25997E+01	 1.54358E+01	 5.00000E+01
 6.28132E+01	 5.36931E+01	 2.85002E+01	 6.07342E+01	 2.22100E+01	 2.71853E-03	 3.83023E+01	 4.69828E+01	 4.74457E+01	 4.25901E+01	 1.51366E+01	 5.00000E+01
 6.27966E+01	 5.35748E+01	 2.52071E+01	 6.08340E+01	 2.22100E+01	 5.68346E-05	 3.80326E+01	 4.68338E+01	 4.74457E+01	 4.24336E+01	 1.54754E+01	 5.00000E+01
 6.28963E+01	 5.33295E+01	 2.28562E+01	 6.10730E+01	 2.22100E+01	 6.13421E-04	 3.78279E+01	 4.67173E+01	 4.74457E+01	 4.23933E+01	 1.51658E+01	 5.00000E+01
 6.30054E+01	 5.31944E+01	 2.14645E+01	 6.10946E+01	 2.22100E+01	 1.07605E-03	 3.76482E+01	 4.66488E+01	 4.74457E+01	 4.22663E+01	 1.56057E+01	 5.00000E+01
 6.28362E+01	 5.34072E+01	 2.09123E+01	 6.11677E+01	 2.22100E+01	 1.28792E-01	 3.75497E+01	 4.66267E+01	 4.74457E+01	 4.20600E+01	 1.57354E+01	 5.00000E+01
 6.27231E+01	 5.34834E+01	 2.12613E+01	 6.10748E+01	 2.22100E+01	 6.86550E+00	 3.75143E+01	 4.66096E+01	 4.74457E+01	 4.17109E+01	 1.59003E+01	 5.00000E+01
 6.26688E+01	 5.35400E+01	 2.19843E+01	 6.09327E+01	 2.22100E+01	 2.10612E+01	 3.75327E+01	 4.66206E+01	 4.74457E+01	 4.13786E+01	 1.62967E+01	 5.00000E+01
 6.28172E+01	 5.33856E+01	 2.14659E+01	 6.11946E+01	 2.22100E+01	 3.66496E+01	 3.76344E+01	 4.67346E+01	 4.74457E+01	 4.13174E+01	 1.60082E+01	 5.00000E+01
 6.28775E+01	 5.33770E+01	 2.09857E+01	 6.12477E+01	 2.22100E+01	 4.76409E+01	 3.77755E+01	 4.68845E+01	 4.74457E+01	 4.11427E+01	 1.62038E+01	 5.00000E+01
 6.28961E+01	 5.33756E+01	 1.97545E+01	 6.13744E+01	 2.22100E+01	 5.13892E+01	 3.78689E+01	 4.70264E+01	 4.74457E+01	 4.10078E+01	 1.61766E+01	 5.00000E+01
 6.29333E+01	 5.33018E+01	 1.75956E+01	 6.13932E+01	 2.22100E+01	 4.97624E+01	 3.80002E+01	 4.70888E+01	 4.74457E+01	 4.10603E+01	 1.56024E+01	 5.00000E+01
 6.28379E+01	 5.34238E+01	 1.48421E+01	 6.16764E+01	 2.22100E+01	 4.41206E+01	 3.80680E+01	 4.71394E+01	 4.74457E+01	 4.10840E+01	 1.59040E+01	 5.00000E+01
 6.27163E+01	 5.34930E+01	 1.25420E+01	 6.18998E+01	 2.22100E+01	 3.78466E+01	 3.80567E+01	 4.71278E+01	 4.74457E+01	 4.11744E+01	 1.55936E+01	 5.00000E+01
 6.25746E+01	 5.35611E+01	 1.03966E+01	 6.18840E+01	 2.22100E+01	 3.46365E+01	 3.79861E+01	 4.70254E+01	 4.74457E+01	 4.09823E+01	 1.58554E+01	 5.00000E+01
 6.26289E+01	 5.33426E+01	 9.89885E+00	 6.18271E+01	 2.22100E+01	 3.61302E+01	 3.78783E+01	 4.68694E+01	 4.74457E+01	 4.08065E+01	 1.57871E+01	 5.00000E+01
 6.27334E+01	 5.32048E+01	 9.16706E+00	 6.18775E+01	 2.22100E+01	 4.21739E+01	 3.77441E+01	 4.67569E+01	 4.74457E+01	 4.07102E+01	 1.62237E+01	 5.00000E+01
 6.26615E+01	 5.33469E+01	 1.03733E+01	 6.16327E+01	 2.22100E+01	 5.16993E+01	 3.76451E+01	 4.66731E+01	 4.74457E+01	 4.02900E+01	 1.62122E+01	 5.00000E+01
 6.26449E+01	 5.33379E+01	 1.24679E+01	 6.16199E+01	 2.22100E+01	 6.47161E+01	 3.75575E+01	 4.66101E+01	 4.74457E+01	 3.98326E+01	 1.63912E+01	 5.00000E+01
 6.26376E+01	 5.33438E+01	 1.49656E+01	 6.13432E+01	 2.22100E+01	 8.11171E+01	 3.75014E+01	 4.65405E+01	 4.74457E+01	 3.94113E+01	 1.67266E+01	 5.00000E+01
 6.26461E+01	 5.33744E+01	 1.74598E+01	 6.11849E+01	 2.22100E+01	 9.85971E+01	 3.74827E+01	 4.64964E+01	 4.74457E+01	 3.90251E+01	 1.68292E+01	 5.00000E+01
 6.26302E+01	 5.34326E+01	 2.03548E+01	 6.10079E+01	 2.22100E+01	 1.00000E+02	 3.74573E+01	 4.64762E+01	 4.74457E+01	 3.88200E+01	 1.77258E+01	 5.00000E+01
 6.26213E+01	 5.35020E+01	 2.37759E+01	 6.07517E+01	 2.22100E+01	 1.00000E+02	 3.74608E+01	 4.64715E+01	 4.74457E+01	 3.87212E+01	 1.77434E+01	 5.00000E+01
 6.27042E+01	 5.34548E+01	 2.75183E+01	 6.05937E+01	 2.22100E+01	 1.00000E+02	 3.75025E+01	 4.64483E+01	 4.74457E+01	 3.87777E+01	 1.80979E+01	 5.00000E+01
 6.26352E+01	 5.36725E+01	 3.09882E+01	 6.04730E+01	 2.22100E+01	 1.00000E+02	 3.75788E+01	 4.64784E+01	 4.74457E+01	 3.91811E+01	 1.81990E+01	 5.00000E+01
 6.25851E+01	 5.38727E+01	 3.35950E+01	 6.04351E+01	 2.22100E+01	 1.00000E+02	 3.77521E+01	 4.66102E+01	 4.74457E+01	 3.96243E+01	 1.93090E+01	 5.00000E+01
 6.27456E+01	 5.37471E+01	 3.51251E+01	 6.04377E+01	 2.22100E+01	 1.00000E+02	 3.79598E+01	 4.67263E+01	 4.74457E+01	 3.97401E+01	 1.89310E+01	 5.00000E+01
 6.27213E+01	 5.38711E+01	 3.63397E+01	 6.03627E+01	 2.22100E+01	 1.00000E+02	 3.81010E+01	 4.67307E+01	 4.74457E+01	 3.96856E+01	 1.88467E+01	 5.00000E+01
 6.26839E+01	 5.39803E+01	 3.70949E+01	 6.02047E+01	 2.22100E+01	 1.00000E+02	 3.82214E+01	 4.66909E+01	 4.74457E+01	 3.95553E+01	 1.91925E+01	 5.00000E+01
 6.26735E+01	 5.39936E+01	 3.68272E+01	 6.05075E+01	 2.22100E+01	 1.00000E+02	 3.82585E+01	 4.66282E+01	 4.74457E+01	 3.96334E+01	 1.90254E+01	 5.00000E+01
 6.25530E+01	 5.41588E+01	 3.73357E+01	 6.02520E+01	 2.22100E+01	 1.00000E+02	 3.82632E+01	 4.65131E+01	 4.74457E+01	 3.93420E+01	 1.91482E+01	 5.00000E+01
 6.24467E+01	 5.42851E+01	 3.85597E+01	 6.02237E+01	 2.22100E+01	 1.00000E+02	 3.81459E+01	 4.63522E+01	 4.74457E+01	 3.91275E+01	 1.98292E+01	 5.00000E+01
 6.23950E+01	 5.43449E+01	 4.07503E+01	 5.99738E+01	 2.22100E+01	 9.93181E+01	 3.80194E+01	 4.62257E+01	 4.74457E+01	 3.92539E+01	 1.94892E+01	 5.00000E+01
 6.24261E+01	 5.43801E+01	 4.28663E+01	 5.99623E+01	 2.22100E+01	 8.92901E+01	 3.79645E+01	 4.61960E+01	 4.74457E+01	 3.97309E+01	 1.91465E+01	 5.00000E+01
 6.24929E+01	 5.44103E+01	 4.50565E+01	 5.99485E+01	 2.22100E+01	 7.13770E+01	 3.79749E+01	 4.62636E+01	 4.74457E+01	 4.03633E+01	 1.94844E+01	 5.00000E+01
 6.25358E+01	 5.44435E+01	 4.53895E+01	 5.99968E+01	 2.22100E+01	 4.97770E+01	 3.80361E+01	 4.63289E+01	 4.74457E+01	 4.09000E+01	 2.01271E+01	 5.00000E+01
 6.26695E+01	 5.43374E+01	 4.50818E+01	 5.99654E+01	 2.22100E+01	 2.69638E+01	 3.81541E+01	 4.63805E+01	 4.74457E+01	 4.14834E+01	 2.00256E+01	 5.00000E+01
 6.28083E+01	 5.42788E+01	 4.45236E+01	 6.02844E+01	 2.22100E+01	 1.18303E+01	 3.83299E+01	 4.64343E+01	 4.74457E+01	 4.19252E+01	 2.04391E+01	 5.00000E+01
 6.29828E+01	 5.41400E+01	 4.31995E+01	 6.03574E+01	 2.22100E+01	 5.12545E+00	 3.84939E+01	 4.64138E+01	 4.74457E+01	 4.20084E+01	 2.06086E+01	 5.00000E+01
 6.30201E+01	 5.41414E+01	 4.11855E+01	 6.05285E+01	 2.22100E+01	 2.19827E+00	 3.85795E+01	 4.63507E+01	 4.74457E+01	 4.20052E+01	 2.05895E+01	 5.00000E+01
 6.30124E+01	 5.41584E+01	 3.95446E+01	 6.04722E+01	 2.22100E+01	 9.39809E-01	 3.86886E+01	 4.62795E+01	 4.74457E+01	 4.19654E+01	 2.02999E+01	 5.00000E+01
 6.29314E+01	 5.42799E+01	 3.79851E+01	 6.06010E+01	 2.22100E+01	 4.02342E-01	 3.87065E+01	 4.62543E+01	 4.74457E+01	 4.18910E+01	 2.00133E+01	 5.00000E+01
 6.28551E+01	 5.43362E+01	 3.68104E+01	 6.06379E+01	 2.22100E+01	 1.68090E-01	 3.86737E+01	 4.62195E+01	 4.74457E+01	 4.18239E+01	 1.96473E+01	 5.00000E+01
 6.28014E+01	 5.43448E+01	 3.60105E+01	 6.05663E+01	 2.22100E+01	 7.49870E-02	 3.86427E+01	 4.61961E+01	 4.74457E+01	 4.17222E+01	 1.92189E+01	 5.00000E+01
 6.28556E+01	 5.42121E+01	 3.60596E+01	 6.04094E+01	 2.22100E+01	 3.40484E-02	 3.85624E+01	 4.61783E+01	 4.74457E+01	 4.17119E+01	 1.98670E+01	 5.00000E+01
 6.28988E+01	 5.41630E+01	 3.65227E+01	 6.04342E+01	 2.22100E+01	 9.49993E-03	 3.85076E+01	 4.62345E+01	 4.74457E+01	 4.18504E+01	 1.91599E+01	 5.00000E+01
 6.29168E+01	 5.41516E+01	 3.62180E+01	 6.05668E+01	 2.22100E+01	 2.16133E-03	 3.85160E+01	 4.63282E+01	 4.74457E+01	 4.19073E+01	 1.93019E+01	 5.00000E+01
 6.29929E+01	 5.39650E+01	 3.53474E+01	 6.03775E+01	 2.22100E+01	 1.89750E-03	 3.84622E+01	 4.63190E+01	 4.74457E+01	 4.18013E+01	 1.88644E+01	 5.00000E+01
 6.31047E+01	 5.37655E+01	 3.48488E+01	 6.04993E+01	 2.22100E+01	 1.27060E+00	 3.83748E+01	 4.63040E+01	 4.74457E+01	 4.16185E+01	 1.89434E+01	 5.00000E+01
 6.31784E+01	 5.36347E+01	 3.49708E+01	 6.03308E+01	 2.22100E+01	 8.52381E+00	 3.82969E+01	 4.62409E+01	 4.74457E+01	 4.14020E+01	 1.84691E+01	 5.00000E+01
 6.30464E+01	 5.38070E+01	 3.51901E+01	 6.03421E+01	 2.22100E+01	 1.98771E+01	 3.82187E+01	 4.62262E+01	 4.74457E+01	 4.11279E+01	 1.86073E+01	 5.00000E+01
 6.30025E+01	 5.38328E+01	 3.60824E+01	 6.03694E+01	 2.22100E+01	 3.35174E+01	 3.81445E+01	 4.62681E+01	 4.74457E+01	 4.08959E+01	 1.89660E+01	 5.00000E+01
 6.29653E+01	 5.38199E+01	 3.73065E+01	 6.02318E+01	 2.22100E+01	 4.71068E+01	 3.80732E+01	 4.62946E+01	 4.74457E+01	 4.06625E+01	 1.83601E+01	 5.00000E+01
 6.30696E+01	 5.36567E+01	 3.83663E+01	 6.00976E+01	 2.22100E+01	 5.83295E+01	 3.80155E+01	 4.63253E+01	 4.74457E+01	 4.04570E+01	 1.85148E+01	 5.00000E+01
 6.30474E+01	 5.37123E+01	 3.93683E+01	 6.00164E+01	 2.22100E+01	 6.53503E+01	 3.79799E+01	 4.63611E+01	 4.74457E+01	 4.04331E+01	 1.78753E+01	 5.00000E+01
 6.29917E+01	 5.37578E+01	 4.02403E+01	 6.00219E+01	 2.22100E+01	 6.67452E+01	 3.79617E+01	 4.64383E+01	 4.74457E+01	 4.05729E+01	 1.82242E+01	 5.00000E+01
 6.30334E+01	 5.37096E+01	 4.06346E+01	 5.99887E+01	 2.22100E+01	 6.27458E+01	 3.79579E+01	 4.65044E+01	 4.74457E+01	 4.06819E+01	 1.77085E+01	 5.00000E+01
 6.29770E+01	 5.37941E+01	 4.03692E+01	 6.01540E+01	 2.22100E+01	 5.53180E+01	 3.79386E+01	 4.65263E+01	 4.74457E+01	 4.07655E+01	 1.79810E+01	 5.00000E+01
 6.28810E+01	 5.38562E+01	 4.11346E+01	 5.99157E+01	 2.22100E+01	 4.88356E+01	 3.78608E+01	 4.64595E+01	 4.74457E+01	 4.06951E+01	 1.80410E+01	 5.00000E+01
 6.28909E+01	 5.37807E+01	 4.16515E+01	 5.99378E+01	 2.22100E+01	 4.63484E+01	 3.77951E+01	 4.63678E+01	 4.74457E+01	 4.06149E+01	 1.81689E+01	 5.00000E+01
 6.28722E+01	 5.38198E+01	 4.27158E+01	 5.99029E+01	 2.22100E+01	 4.92566E+01	 3.77350E+01	 4.62919E+01	 4.74457E+01	 4.06004E+01	 1.82336E+01	 5.00000E+01
 6.28515E+01	 5.38604E+01	 4.35009E+01	 5.97895E+01	 2.22100E+01	 5.56445E+01	 3.76869E+01	 4.62550E+01	 4.74457E+01	 4.04462E+01	 1.83886E+01	 5.00000E+01
 6.28238E+01	 5.39300E+01	 4.51694E+01	 5.96831E+01	 2.22100E+01	 6.24844E+01	 3.76987E+01	 4.62613E+01	 4.74457E+01	 4.03702E+01	 1.84753E+01	 5.00000E+01
 6.28561E+01	 5.39427E+01	 4.67353E+01	 5.96776E+01	 2.22100E+01	 6.79161E+01	 3.77189E+01	 4.62677E+01	 4.74457E+01	 4.02872E+01	 1.82133E+01	 5.00000E+01
 6.28904E+01	 5.39542E+01	 4.83259E+01	 5.93985E+01	 2.22100E+01	 7.09855E+01	 3.77293E+01	 4.62720E+01	 4.74457E+01	 4.03112E+01	 1.83428E+01	 5.00000E+01
 6.28803E+01	 5.40351E+01	 4.90927E+01	 5.95270E+01	 2.22100E+01	 6.94030E+01	 3.78384E+01	 4.63407E+01	 4.74457E+01	 4.05201E+01	 1.86437E+01	 5.00000E+01
 6.28973E+01	 5.40609E+01	 4.92640E+01	 5.97596E+01	 2.22100E+01	 6.26600E+01	 3.79263E+01	 4.64118E+01	 4.74457E+01	 4.07870E+01	 1.85008E+01	 5.00000E+01
 6.29262E+01	 5.40755E+01	 4.96394E+01	 5.95474E+01	 2.22100E+01	 5.13960E+01	 3.80338E+01	 4.65091E+01	 4.74457E+01	 4.11295E+01	 1.84503E+01	 5.00000E+01
 6.30220E+01	 5.39962E+01	 4.79144E+01	 5.98268E+01	 2.22100E+01	 3.51964E+01	 3.81235E+01	 4.65588E+01	 4.74457E+01	 4.14523E+01	 1.89417E+01	 5.00000E+01
 6.29661E+01	 5.40922E+01	 4.55412E+01	 5.99596E+01	 2.22100E+01	 1.85637E+01	 3.82098E+01	 4.65675E+01	 4.74457E+01	 4.16766E+01	 1.85419E+01	 5.00000E+01
 6.28952E+01	 5.41495E+01	 4.32202E+01	 6.03266E+01	 2.22100E+01	 7.87663E+00	 3.82722E+01	 4.64995E+01	 4.74457E+01	 4.18351E+01	 1.82746E+01	 5.00000E+01
 6.29278E+01	 5.40580E+01	 4.22710E+01	 6.00443E+01	 2.22100E+01	 3.32216E+00	 3.82621E+01	 4.64241E+01	 4.74457E+01	 4.19376E+01	 1.78744E+01	 5.00000E+01
 6.28672E+01	 5.41730E+01	 4.10134E+01	 6.03358E+01	 2.22100E+01	 1.39770E+00	 3.82687E+01	 4.64052E+01	 4.74457E+01	 4.21280E+01	 1.77331E+01	 5.00000E+01
 6.28040E+01	 5.42746E+01	 3.96801E+01	 6.04004E+01	 2.22100E+01	 5.80945E-01	 3.83205E+01	 4.64823E+01	 4.74457E+01	 4.23191E+01	 1.77451E+01	 5.00000E+01
 6.29113E+01	 5.41403E+01	 3.75841E+01	 6.06376E+01	 2.22100E+01	 2.36135E-01	 3.84093E+01	 4.66184E+01	 4.74457E+01	 4.24517E+01	 1.79319E+01	 5.00000E+01
 6.29669E+01	 5.40205E+01	 3.45860E+01	 6.08489E+01	 2.22100E+01	 9.39513E-02	 3.85112E+01	 4.66898E+01	 4.74457E+01	 4.23748E+01	 1.73130E+01	 5.00000E+01
 6.29813E+01	 5.39288E+01	 3.10302E+01	 6.08039E+01	 2.22100E+01	 3.67456E-02	 3.85311E+01	 4.66718E+01	 4.74457E+01	 4.23635E+01	 1.66267E+01	 5.00000E+01
 6.30117E+01	 5.38282E+01	 2.78228E+01	 6.11192E+01	 2.22100E+01	 1.81168E-02	 3.84475E+01	 4.66089E+01	 4.74457E+01	 4.23864E+01	 1.70498E+01	 5.00000E+01
 6.29685E+01	 5.38265E+01	 2.48666E+01	 6.11689E+01	 2.22100E+01	 1.44668E-02	 3.83635E+01	 4.65806E+01	 4.74457E+01	 4.23845E+01	 1.68175E+01	 5.00000E+01
 6.29266E+01	 5.38343E+01	 2.24408E+01	 6.14439E+01	 2.22100E+01	 7.23571E-03	 3.82693E+01	 4.66151E+01	 4.74457E+01	 4.24315E+01	 1.66435E+01	 5.00000E+01
 6.29979E+01	 5.36910E+01	 1.93610E+01	 6.16500E+01	 2.22100E+01	 1.76188E-03	 3.81964E+01	 4.66556E+01	 4.74457E+01	 4.25345E+01	 1.59884E+01	 5.00000E+01
 6.29905E+01	 5.36432E+01	 1.63905E+01	 6.17112E+01	 2.22100E+01	 8.34623E-04	 3.80918E+01	 4.66790E+01	 4.74457E+01	 4.24746E+01	 1.56333E+01	 5.00000E+01
 6.29537E+01	 5.36124E+01	 1.32282E+01	 6.18032E+01	 2.22100E+01	 3.23911E-01	 3.80428E+01	 4.66605E+01	 4.74457E+01	 4.24267E+01	 1.53570E+01	 5.00000E+01
 6.30149E+01	 5.34170E+01	 1.06010E+01	 6.20824E+01	 2.22100E+01	 3.20915E+00	 3.79088E+01	 4.66158E+01	 4.74457E+01	 4.23884E+01	 1.50375E+01	 5.00000E+01
 6.29735E+01	 5.34304E+01	 8.07529E+00	 6.21250E+01	 2.22100E+01	 9.10149E+00	 3.77827E+01	 4.65637E+01	 4.74457E+01	 4.21225E+01	 1.50204E+01	 5.00000E+01
 6.28968E+01	 5.34469E+01	 6.64774E+00	 6.20485E+01	 2.22100E+01	 1.77960E+01	 3.76301E+01	 4.64729E+01	 4.74457E+01	 4.16991E+01	 1.49226E+01	 5.00000E+01
 6.28537E+01	 5.33975E+01	 6.92123E+00	 6.21059E+01	 2.22100E+01	 2.99189E+01	 3.74520E+01	 4.63471E+01	 4.74457E+01	 4.12946E+01	 1.61035E+01	 5.00000E+01
 6.29440E+01	 5.32515E+01	 8.00143E+00	 6.19567E+01	 2.22100E+01	 4.56779E+01	 3.73239E+01	 4.63144E+01	 4.74457E+01	 4.09741E+01	 1.54004E+01	 5.00000E+01
 6.30503E+01	 5.31907E+01	 9.55266E+00	 6.18161E+01	 2.22100E+01	 6.01073E+01	 3.73019E+01	 4.63857E+01	 4.74457E+01	 4.08549E+01	 1.52850E+01	 5.00000E+01
 6.32021E+01	 5.30830E+01	 9.95061E+00	 6.18124E+01	 2.22100E+01	 6.72660E+01	 3.73566E+01	 4.65644E+01	 4.74457E+01	 4.08948E+01	 1.56059E+01	 5.00000E+01
 6.31644E+01	 5.32119E+01	 9.70360E+00	 6.20560E+01	 2.22100E+01	 6.54103E+01	 3.74322E+01	 4.67017E+01	 4.74457E+01	 4.09685E+01	 1.56200E+01	 5.00000E+01
 6.30601E+01	 5.33095E+01	 7.83734E+00	 6.21937E+01	 2.22100E+01	 5.85177E+01	 3.75442E+01	 4.67727E+01	 4.74457E+01	 4.10944E+01	 1.56869E+01	 5.00000E+01
 6.30900E+01	 5.32772E+01	 6.01745E+00	 6.20994E+01	 2.22100E+01	 4.88368E+01	 3.76160E+01	 4.68189E+01	 4.74457E+01	 4.12469E+01	 1.61497E+01	 5.00000E+01
 6.30639E+01	 5.33163E+01	 4.44345E+00	 6.23906E+01	 2.22100E+01	 3.72641E+01	 3.76671E+01	 4.68468E+01	 4.74457E+01	 4.14560E+01	 1.56220E+01	 5.00000E+01
 6.30259E+01	 5.33322E+01	 2.45190E+00	 6.24370E+01	 2.22100E+01	 2.73247E+01	 3.77048E+01	 4.68425E+01	 4.74457E+01	 4.16464E+01	 1.55925E+01	 5.00000E+01
 6.28455E+01	 5.35384E+01	 8.70659E-01	 6.25619E+01	 2.22100E+01	 2.04132E+01	 3.77540E+01	 4.67944E+01	 4.74457E+01	 4.17081E+01	 1.55368E+01	 5.00000E+01
 6.27828E+01	 5.35741E+01	 3.08675E-01	 6.25780E+01	 2.22100E+01	 1.81881E+01	 3.77619E+01	 4.67296E+01	 4.74457E+01	 4.16518E+01	 1.65084E+01	 5.00000E+01
 6.27701E+01	 5.35750E+01	 1.09645E-01	 6.25983E+01	 2.22100E+01	 1.98262E+01	 3.77574E+01	 4.66760E+01	 4.74457E+01	 4.15620E+01	 1.58262E+01	 5.00000E+01
 6.28376E+01	 5.34640E+01	 3.91867E-02	 6.25539E+01	 2.22100E+01	 2.37422E+01	 3.77286E+01	 4.66180E+01	 4.74457E+01	 4.14187E+01	 1.57936E+01	 5.00000E+01
 6.28563E+01	 5.34424E+01	 1.72076E-01	 6.25181E+01	 2.22100E+01	 2.92210E+01	 3.77089E+01	 4.65490E+01	 4.74457E+01	 4.12567E+01	 1.62938E+01	 5.00000E+01
 6.28516E+01	 5.34523E+01	 1.53191E-01	 6.24374E+01	 2.22100E+01	 3.57347E+01	 3.76880E+01	 4.64878E+01	 4.74457E+01	 4.10418E+01	 1.62214E+01	 5.00000E+01
 6.28452E+01	 5.34844E+01	 4.22324E-01	 6.23943E+01	 2.22100E+01	 4.25929E+01	 3.76582E+01	 4.64823E+01	 4.74457E+01	 4.08426E+01	 1.62147E+01	 5.00000E+01
 6.28614E+01	 5.34337E+01	 8.17780E-01	 6.23398E+01	 2.22100E+01	 4.87308E+01	 3.76607E+01	 4.64616E+01	 4.74457E+01	 4.06859E+01	 1.59785E+01	 5.00000E+01
 6.28968E+01	 5.34267E+01	 1.31317E+00	 6.24085E+01	 2.22100E+01	 5.29977E+01	 3.76436E+01	 4.64707E+01	 4.74457E+01	 4.06176E+01	 1.66832E+01	 5.00000E+01
 6.29384E+01	 5.33947E+01	 1.65375E+00	 6.23455E+01	 2.22100E+01	 5.59562E+01	 3.76594E+01	 4.64839E+01	 4.74457E+01	 4.05790E+01	 1.66471E+01	 5.00000E+01
 6.28945E+01	 5.34866E+01	 2.42539E+00	 6.23889E+01	 2.22100E+01	 5.69201E+01	 3.76814E+01	 4.65005E+01	 4.74457E+01	 4.04944E+01	 1.66044E+01	 5.00000E+01
 6.28284E+01	 5.35556E+01	 2.84575E+00	 6.23181E+01	 2.22100E+01	 5.72333E+01	 3.76594E+01	 4.64935E+01	 4.74457E+01	 4.03421E+01	 1.73124E+01	 5.00000E+01
 6.28749E+01	 5.34363E+01	 3.47801E+00	 6.21790E+01	 2.22100E+01	 5.94925E+01	 3.76305E+01	 4.63754E+01	 4.74457E+01	 3.99254E+01	 1.74984E+01	 5.00000E+01
 6.28395E+01	 5.34736E+01	 5.78041E+00	 6.19636E+01	 2.22100E+01	 6.81336E+01	 3.75370E+01	 4.62096E+01	 4.74457E+01	 3.95505E+01	 1.74289E+01	 5.00000E+01
 6.28199E+01	 5.35188E+01	 8.30408E+00	 6.17299E+01	 2.22100E+01	 8.29942E+01	 3.74628E+01	 4.61331E+01	 4.74457E+01	 3.93391E+01	 1.73418E+01	 5.00000E+01
 6.27978E+01	 5.36459E+01	 1.17545E+01	 6.17008E+01	 2.22100E+01	 9.82365E+01	 3.74630E+01	 4.61749E+01	 4.74457E+01	 3.92489E+01	 1.77011E+01	 5.00000E+01
 6.28329E+01	 5.36852E+01	 1.40556E+01	 6.15866E+01	 2.22100E+01	 1.00000E+02	 3.75290E+01	 4.62499E+01	 4.74457E+01	 3.93620E+01	 1.80497E+01	 5.00000E+01
 6.28590E+01	 5.37122E+01	 1.62660E+01	 6.14660E+01	 2.22100E+01	 1.00000E+02	 3.76066E+01	 4.62901E+01	 4.74457E+01	 3.93630E+01	 1.81741E+01	 5.00000E+01
 6.28843E+01	 5.37462E+01	 1.77546E+01	 6.15588E+01	 2.22100E+01	 1.00000E+02	 3.76534E+01	 4.62712E+01	 4.74457E+01	 3.92976E+01	 1.85916E+01	 5.00000E+01
 6.28649E+01	 5.38034E+01	 2.01199E+01	 6.11145E+01	 2.22100E+01	 1.00000E+02	 3.76811E+01	 4.61824E+01	 4.74457E+01	 3.91469E+01	 1.90403E+01	 5.00000E+01
 6.28538E+01	 5.38570E+01	 2.25656E+01	 6.09692E+01	 2.22100E+01	 1.00000E+02	 3.76856E+01	 4.61102E+01	 4.74457E+01	 3.90865E+01	 1.89274E+01	 5.00000E+01
 6.28359E+01	 5.39471E+01	 2.50407E+01	 6.09833E+01	 2.22100E+01	 1.00000E+02	 3.76910E+01	 4.60422E+01	 4.74457E+01	 3.90547E+01	 1.96288E+01	 5.00000E+01
 6.28509E+01	 5.39907E+01	 2.79610E+01	 6.06355E+01	 2.22100E+01	 1.00000E+02	 3.76807E+01	 4.59551E+01	 4.74457E+01	 3.89625E+01	 1.93551E+01	 5.00000E+01
 6.28734E+01	 5.40456E+01	 3.10049E+01	 6.07285E+01	 2.22100E+01	 1.00000E+02	 3.77004E+01	 4.58990E+01	 4.74457E+01	 3.90899E+01	 2.02098E+01	 5.00000E+01
 6.27995E+01	 5.42332E+01	 3.44626E+01	 6.04293E+01	 2.22100E+01	 1.00000E+02	 3.77499E+01	 4.59007E+01	 4.74457E+01	 3.92755E+01	 2.02719E+01	 5.00000E+01
 6.28771E+01	 5.42456E+01	 3.75068E+01	 6.01871E+01	 2.22100E+01	 1.00000E+02	 3.78534E+01	 4.59450E+01	 4.74457E+01	 3.95747E+01	 2.07296E+01	 5.00000E+01
 6.29767E+01	 5.42511E+01	 3.96765E+01	 6.02145E+01	 2.22100E+01	 1.00000E+02	 3.79928E+01	 4.60343E+01	 4.74457E+01	 3.98445E+01	 2.08722E+01	 5.00000E+01
 6.29667E+01	 5.43968E+01	 4.05932E+01	 6.02011E+01	 2.22100E+01	 9.97779E+01	 3.81605E+01	 4.60942E+01	 4.74457E+01	 3.99697E+01	 2.10640E+01	 5.00000E+01
 6.29374E+01	 5.44898E+01	 4.07625E+01	 6.02571E+01	 2.22100E+01	 8.44029E+01	 3.82832E+01	 4.61105E+01	 4.74457E+01	 4.03204E+01	 2.16315E+01	 5.00000E+01
 6.29355E+01	 5.45625E+01	 4.09474E+01	 6.03214E+01	 2.22100E+01	 5.38505E+01	 3.83684E+01	 4.61527E+01	 4.74457E+01	 4.08242E+01	 2.15485E+01	 5.00000E+01
 6.28862E+01	 5.46889E+01	 4.05976E+01	 6.03155E+01	 2.22100E+01	 2.46064E+01	 3.84884E+01	 4.61614E+01	 4.74457E+01	 4.14748E+01	 2.14578E+01	 5.00000E+01
 6.29510E+01	 5.46415E+01	 3.91438E+01	 6.06673E+01	 2.22100E+01	 1.08004E+01	 3.86301E+01	 4.61956E+01	 4.74457E+01	 4.19551E+01	 2.13985E+01	 5.00000E+01
 6.30190E+01	 5.45774E+01	 3.74412E+01	 6.07294E+01	 2.22100E+01	 4.69265E+00	 3.87490E+01	 4.62245E+01	 4.74457E+01	 4.21854E+01	 2.09581E+01	 5.00000E+01
 6.29012E+01	 5.47675E+01	 3.49215E+01	 6.10309E+01	 2.22100E+01	 2.01981E+00	 3.88204E+01	 4.62294E+01	 4.74457E+01	 4.22689E+01	 2.09610E+01	 5.00000E+01
 6.29114E+01	 5.46940E+01	 3.24614E+01	 6.10903E+01	 2.22100E+01	 8.57951E-01	 3.88884E+01	 4.62083E+01	 4.74457E+01	 4.22990E+01	 2.02046E+01	 5.00000E+01
 6.29573E+01	 5.46231E+01	 3.01492E+01	 6.11199E+01	 2.22100E+01	 3.67557E-01	 3.89033E+01	 4.62148E+01	 4.74457E+01	 4.22989E+01	 1.92575E+01	 5.00000E+01
 6.30308E+01	 5.44844E+01	 2.72040E+01	 6.13432E+01	 2.22100E+01	 1.56364E-01	 3.88707E+01	 4.62009E+01	 4.74457E+01	 4.24195E+01	 1.98804E+01	 5.00000E+01
 6.30579E+01	 5.44288E+01	 2.37249E+01	 6.15740E+01	 2.22100E+01	 6.33784E-02	 3.87891E+01	 4.62180E+01	 4.74457E+01	 4.25081E+01	 1.88039E+01	 5.00000E+01
 6.30584E+01	 5.43929E+01	 2.10190E+01	 6.17467E+01	 2.22100E+01	 2.55779E-02	 3.87293E+01	 4.62395E+01	 4.74457E+01	 4.26307E+01	 1.83795E+01	 5.00000E+01
 6.32855E+01	 5.40343E+01	 1.74308E+01	 6.19105E+01	 2.22100E+01	 1.45152E-02	 3.86444E+01	 4.63047E+01	 4.74457E+01	 4.27476E+01	 1.77691E+01	 5.00000E+01
 6.32860E+01	 5.40436E+01	 1.37533E+01	 6.22567E+01	 2.22100E+01	 1.32958E-02	 3.85669E+01	 4.63428E+01	 4.74457E+01	 4.27631E+01	 1.72531E+01	 5.00000E+01
 6.31947E+01	 5.40758E+01	 9.97901E+00	 6.25122E+01	 2.22100E+01	 4.37411E-03	 3.84546E+01	 4.63661E+01	 4.74457E+01	 4.27778E+01	 1.62178E+01	 5.00000E+01
 6.32314E+01	 5.38903E+01	 6.70107E+00	 6.27048E+01	 2.22100E+01	 2.84151E-03	 3.83177E+01	 4.63143E+01	 4.74457E+01	 4.27883E+01	 1.61643E+01	 5.00000E+01
 6.32776E+01	 5.37610E+01	 3.26384E+00	 6.28352E+01	 2.22100E+01	 1.67939E-03	 3.81482E+01	 4.62681E+01	 4.74457E+01	 4.27488E+01	 1.61993E+01	 5.00000E+01
 6.32947E+01	 5.36601E+01	 1.15705E+00	 6.28483E+01	 2.22100E+01	 1.60397E-04	 3.79813E+01	 4.62259E+01	 4.74457E+01	 4.27171E+01	 1.55194E+01	 5.00000E+01
 6.33398E+01	 5.35492E+01	 4.09795E-01	 6.28942E+01	 2.22100E+01	 4.03277E-03	 3.78357E+01	 4.61919E+01	 4.74457E+01	 4.26507E+01	 1.50852E+01	 5.00000E+01
 6.33058E+01	 5.35650E+01	 1.42739E-01	 6.29194E+01	 2.22100E+01	 5.92986E-03	 3.77604E+01	 4.61873E+01	 4.74457E+01	 4.25913E+01	 1.51117E+01	 5.00000E+01
 6.32454E+01	 5.35715E+01	 3.17506E-01	 6.29159E+01	 2.22100E+01	 1.11818E-04	 3.76668E+01	 4.61891E+01	 4.74457E+01	 4.24164E+01	 1.56231E+01	 5.00000E+01
 6.32055E+01	 5.35869E+01	 1.16038E-01	 6.27679E+01	 2.22100E+01	 3.52462E-03	 3.76339E+01	 4.62027E+01	 4.74457E+01	 4.23122E+01	 1.60472E+01	 5.00000E+01
 6.32063E+01	 5.35608E+01	 8.64674E-02	 6.28466E+01	 2.22100E+01	 3.84595E-03	 3.76370E+01	 4.62425E+01	 4.74457E+01	 4.22672E+01	 1.54419E+01	 5.00000E+01
 6.32190E+01	 5.35245E+01	 7.31599E-02	 6.28976E+01	 2.22100E+01	 1.11262E+00	 3.76703E+01	 4.63156E+01	 4.74457E+01	 4.22534E+01	 1.54934E+01	 5.00000E+01
 6.32518E+01	 5.34872E+01	 2.52627E-02	 6.29020E+01	 2.22100E+01	 8.30690E+00	 3.77479E+01	 4.63895E+01	 4.74457E+01	 4.20756E+01	 1.57453E+01	 5.00000E+01
 6.31986E+01	 5.35476E+01	 7.55012E-03	 6.29086E+01	 2.22100E+01	 1.81946E+01	 3.78190E+01	 4.64510E+01	 4.74457E+01	 4.18335E+01	 1.60620E+01	 5.00000E+01
 6.31183E+01	 5.35543E+01	 3.64424E-03	 6.28714E+01	 2.22100E+01	 2.82464E+01	 3.78288E+01	 4.64472E+01	 4.74457E+01	 4.15217E+01	 1.58964E+01	 5.00000E+01
 6.31121E+01	 5.34991E+01	 8.69656E-01	 6.27817E+01	 2.22100E+01	 3.74637E+01	 3.78176E+01	 4.64225E+01	 4.74457E+01	 4.12820E+01	 1.59872E+01	 5.00000E+01
 6.30424E+01	 5.35504E+01	 5.12492E-01	 6.29189E+01	 2.22100E+01	 4.59502E+01	 3.77674E+01	 4.64056E+01	 4.74457E+01	 4.10668E+01	 1.54477E+01	 5.00000E+01
 6.29707E+01	 5.35975E+01	 3.38644E-01	 6.28233E+01	 2.22100E+01	 5.37438E+01	 3.77072E+01	 4.64079E+01	 4.74457E+01	 4.08097E+01	 1.60445E+01	 5.00000E+01
 6.29529E+01	 5.35551E+01	 6.62923E-01	 6.29251E+01	 2.22100E+01	 6.11895E+01	 3.76202E+01	 4.63657E+01	 4.74457E+01	 4.06712E+01	 1.60776E+01	 5.00000E+01
 6.30261E+01	 5.34417E+01	 1.04213E+00	 6.28503E+01	 2.22100E+01	 6.77691E+01	 3.75741E+01	 4.64083E+01	 4.74457E+01	 4.06652E+01	 1.61962E+01	 5.00000E+01
 6.31065E+01	 5.33788E+01	 1.39839E+00	 6.28036E+01	 2.22100E+01	 7.02344E+01	 3.76002E+01	 4.65017E+01	 4.74457E+01	 4.07219E+01	 1.61552E+01	 5.00000E+01
 6.31021E+01	 5.34318E+01	 1.14271E+00	 6.27679E+01	 2.22100E+01	 6.72410E+01	 3.76207E+01	 4.65908E+01	 4.74457E+01	 4.08819E+01	 1.63688E+01	 5.00000E+01
 6.30094E+01	 5.35864E+01	 9.56852E-01	 6.27714E+01	 2.22100E+01	 5.99999E+01	 3.76647E+01	 4.66681E+01	 4.74457E+01	 4.09636E+01	 1.63165E+01	 5.00000E+01
 6.29091E+01	 5.36715E+01	 3.38176E-01	 6.29837E+01	 2.22100E+01	 5.08654E+01	 3.77253E+01	 4.67003E+01	 4.74457E+01	 4.10691E+01	 1.58125E+01	 5.00000E+01
 6.30406E+01	 5.34480E+01	 1.20592E-01	 6.28384E+01	 2.22100E+01	 4.38606E+01	 3.77262E+01	 4.66559E+01	 4.74457E+01	 4.11226E+01	 1.60100E+01	 5.00000E+01
 6.30371E+01	 5.34456E+01	 1.86891E-01	 6.27840E+01	 2.22100E+01	 4.00107E+01	 3.76852E+01	 4.65711E+01	 4.74457E+01	 4.11233E+01	 1.63999E+01	 5.00000E+01
 6.30138E+01	 5.34565E+01	 3.51533E-01	 6.27890E+01	 2.22100E+01	 4.02873E+01	 3.76536E+01	 4.64792E+01	 4.74457E+01	 4.10788E+01	 1.61464E+01	 5.00000E+01
 6.29195E+01	 5.36453E+01	 3.09627E-01	 6.28157E+01	 2.22100E+01	 4.35688E+01	 3.76693E+01	 4.64883E+01	 4.74457E+01	 4.10833E+01	 1.67273E+01	 5.00000E+01
 6.29216E+01	 5.36585E+01	 1.97406E-01	 6.28849E+01	 2.22100E+01	 4.62271E+01	 3.77404E+01	 4.65442E+01	 4.74457E+01	 4.09995E+01	 1.61469E+01	 5.00000E+01
 6.29433E+01	 5.36280E+01	 1.46712E-01	 6.28740E+01	 2.22100E+01	 4.78467E+01	 3.77782E+01	 4.65554E+01	 4.74457E+01	 4.08708E+01	 1.68345E+01	 5.00000E+01
 6.28749E+01	 5.36730E+01	 2.89436E-01	 6.27457E+01	 2.22100E+01	 4.95542E+01	 3.77698E+01	 4.64783E+01	 4.74457E+01	 4.06544E+01	 1.64289E+01	 5.00000E+01
 6.29379E+01	 5.35428E+01	 1.18035E+00	 6.27841E+01	 2.22100E+01	 5.35245E+01	 3.77464E+01	 4.63950E+01	 4.74457E+01	 4.04596E+01	 1.73862E+01	 5.00000E+01
 6.30033E+01	 5.34752E+01	 2.70280E+00	 6.25862E+01	 2.22100E+01	 6.07312E+01	 3.77105E+01	 4.63241E+01	 4.74457E+01	 4.03433E+01	 1.68908E+01	 5.00000E+01
 6.28720E+01	 5.37115E+01	 3.72202E+00	 6.24775E+01	 2.22100E+01	 6.83882E+01	 3.77008E+01	 4.63341E+01	 4.74457E+01	 4.03411E+01	 1.73407E+01	 5.00000E+01
 6.28736E+01	 5.37762E+01	 5.21640E+00	 6.24238E+01	 2.22100E+01	 7.18641E+01	 3.77503E+01	 4.64525E+01	 4.74457E+01	 4.04147E+01	 1.79100E+01	 5.00000E+01
 6.29096E+01	 5.37701E+01	 5.80710E+00	 6.24015E+01	 2.22100E+01	 6.81907E+01	 3.78398E+01	 4.65804E+01	 4.74457E+01	 4.05915E+01	 1.80820E+01	 5.00000E+01
 6.29597E+01	 5.36894E+01	 6.14733E+00	 6.23179E+01	 2.22100E+01	 5.84131E+01	 3.79135E+01	 4.66258E+01	 4.74457E+01	 4.07048E+01	 1.78011E+01	 5.00000E+01
 6.29187E+01	 5.37323E+01	 4.90555E+00	 6.25914E+01	 2.22100E+01	 4.72173E+01	 3.79678E+01	 4.65945E+01	 4.74457E+01	 4.07552E+01	 1.74722E+01	 5.00000E+01
 6.28539E+01	 5.37759E+01	 4.52175E+00	 6.25134E+01	 2.22100E+01	 4.02539E+01	 3.79518E+01	 4.64787E+01	 4.74457E+01	 4.07096E+01	 1.81866E+01	 5.00000E+01
