 6.30525E+01	 5.39795E+01	 2.46436E+01	 6.13019E+01	 2.22100E+01	 4.00637E+01	 3.81003E+01	 4.65342E+01	 4.74457E+01	 4.11058E+01	 1.81135E+01	 5.00000E+01
 6.28988E+01	 5.38180E+01	 2.47460E+01	 6.11748E+01	 2.22100E+01	 3.98723E+01	 3.80527E+01	 4.64725E+01	 4.74457E+01	 4.09918E+01	 1.76883E+01	 5.00000E+01
 6.28093E+01	 5.37835E+01	 2.49528E+01	 6.11873E+01	 2.22100E+01	 3.94096E+01	 3.80389E+01	 4.64554E+01	 4.74457E+01	 4.09929E+01	 1.78881E+01	 5.00000E+01
 6.27677E+01	 5.37941E+01	 2.51011E+01	 6.10800E+01	 2.22100E+01	 3.93265E+01	 3.80381E+01	 4.64358E+01	 4.74457E+01	 4.09560E+01	 1.73808E+01	 5.00000E+01
 6.29096E+01	 5.35631E+01	 2.47833E+01	 6.12402E+01	 2.22100E+01	 3.93749E+01	 3.80160E+01	 4.64337E+01	 4.74457E+01	 4.10695E+01	 1.76394E+01	 5.00000E+01
 6.29385E+01	 5.35593E+01	 2.52913E+01	 6.11315E+01	 2.22100E+01	 3.93487E+01	 3.79920E+01	 4.64453E+01	 4.74457E+01	 4.10564E+01	 1.76912E+01	 5.00000E+01
 6.29449E+01	 5.35630E+01	 2.47035E+01	 6.11540E+01	 2.22100E+01	 3.88524E+01	 3.79835E+01	 4.64297E+01	 4.74457E+01	 4.10509E+01	 1.76713E+01	 5.00000E+01
 6.29080E+01	 5.36170E+01	 2.48302E+01	 6.10483E+01	 2.22100E+01	 3.88990E+01	 3.79631E+01	 4.64289E+01	 4.74457E+01	 4.10320E+01	 1.81376E+01	 5.00000E+01
 6.29132E+01	 5.36090E+01	 2.52707E+01	 6.12214E+01	 2.22100E+01	 3.90401E+01	 3.79480E+01	 4.64431E+01	 4.74457E+01	 4.11165E+01	 1.82170E+01	 5.00000E+01
 6.29124E+01	 5.35707E+01	 2.47076E+01	 6.12773E+01	 2.22100E+01	 4.06810E+01	 3.79187E+01	 4.64348E+01	 4.74457E+01	 4.10732E+01	 1.89276E+01	 5.00000E+01
 6.28114E+01	 5.37055E+01	 2.43641E+01	 6.12747E+01	 2.22100E+01	 4.20164E+01	 3.78869E+01	 4.64261E+01	 4.74457E+01	 4.10673E+01	 2.01970E+01	 5.00000E+01
 6.28275E+01	 5.36637E+01	 2.43411E+01	 6.11178E+01	 2.22100E+01	 4.38875E+01	 3.78530E+01	 4.64121E+01	 4.74457E+01	 4.09707E+01	 2.12007E+01	 5.00000E+01
 6.28593E+01	 5.36193E+01	 2.49948E+01	 6.10501E+01	 2.22100E+01	 4.22417E+01	 3.79073E+01	 4.64062E+01	 4.74457E+01	 4.06459E+01	 1.86649E+01	 5.00000E+01
 6.27720E+01	 5.37398E+01	 2.48808E+01	 6.11034E+01	 2.22100E+01	 3.84779E+01	 3.79952E+01	 4.64173E+01	 4.74457E+01	 4.07073E+01	 1.61772E+01	 5.00000E+01
 6.27963E+01	 5.37124E+01	 2.49659E+01	 6.11930E+01	 2.22100E+01	 3.83534E+01	 3.80009E+01	 4.64443E+01	 4.74457E+01	 4.09551E+01	 1.60036E+01	 5.00000E+01
 6.28311E+01	 5.36704E+01	 2.46648E+01	 6.10615E+01	 2.22100E+01	 3.98136E+01	 3.79577E+01	 4.64561E+01	 4.74457E+01	 4.10892E+01	 1.49362E+01	 5.00000E+01
 6.28496E+01	 5.36502E+01	 2.46043E+01	 6.11202E+01	 2.22100E+01	 4.11418E+01	 3.78935E+01	 4.64522E+01	 4.74457E+01	 4.11720E+01	 1.51171E+01	 5.00000E+01
 6.28713E+01	 5.36068E+01	 2.43743E+01	 6.10882E+01	 2.22100E+01	 4.29108E+01	 3.77792E+01	 4.64241E+01	 4.74457E+01	 4.11831E+01	 1.65409E+01	 5.00000E+01
 6.28878E+01	 5.35937E+01	 2.48434E+01	 6.11026E+01	 2.22100E+01	 4.33886E+01	 3.77409E+01	 4.63993E+01	 4.74457E+01	 4.10532E+01	 1.73478E+01	 5.00000E+01
 6.29071E+01	 5.35920E+01	 2.48371E+01	 6.11737E+01	 2.22100E+01	 4.26085E+01	 3.77488E+01	 4.63831E+01	 4.74457E+01	 4.09953E+01	 1.81437E+01	 5.00000E+01
 6.29138E+01	 5.36069E+01	 2.47901E+01	 6.10972E+01	 2.22100E+01	 4.03200E+01	 3.78355E+01	 4.63769E+01	 4.74457E+01	 4.07162E+01	 1.49044E+01	 5.00000E+01
 6.29139E+01	 5.36361E+01	 2.43026E+01	 6.11252E+01	 2.22100E+01	 3.80726E+01	 3.79101E+01	 4.63921E+01	 4.74457E+01	 4.09514E+01	 1.41796E+01	 5.00000E+01
 6.30349E+01	 5.34915E+01	 2.46879E+01	 6.11470E+01	 2.22100E+01	 3.93105E+01	 3.78710E+01	 4.64092E+01	 4.74457E+01	 4.11584E+01	 1.43989E+01	 5.00000E+01
 6.29242E+01	 5.36458E+01	 2.44866E+01	 6.11578E+01	 2.22100E+01	 4.06695E+01	 3.78283E+01	 4.63895E+01	 4.74457E+01	 4.11170E+01	 1.46241E+01	 5.00000E+01
 6.28063E+01	 5.37724E+01	 2.44005E+01	 6.11456E+01	 2.22100E+01	 4.13913E+01	 3.78252E+01	 4.63856E+01	 4.74457E+01	 4.09552E+01	 1.34049E+01	 5.00000E+01
 6.27251E+01	 5.38526E+01	 2.45845E+01	 6.11404E+01	 2.22100E+01	 4.26332E+01	 3.78115E+01	 4.63711E+01	 4.74457E+01	 4.10806E+01	 1.53911E+01	 5.00000E+01
 6.27294E+01	 5.38197E+01	 2.40624E+01	 6.10795E+01	 2.22100E+01	 4.50642E+01	 3.77485E+01	 4.63589E+01	 4.74457E+01	 4.10687E+01	 1.65241E+01	 5.00000E+01
 6.27500E+01	 5.37972E+01	 2.45647E+01	 6.11369E+01	 2.22100E+01	 4.68643E+01	 3.77046E+01	 4.63442E+01	 4.74457E+01	 4.09947E+01	 1.86051E+01	 5.00000E+01
 6.28454E+01	 5.36816E+01	 2.44696E+01	 6.11253E+01	 2.22100E+01	 4.78041E+01	 3.76623E+01	 4.63184E+01	 4.74457E+01	 4.10839E+01	 2.20400E+01	 5.00000E+01
 6.28745E+01	 5.36993E+01	 2.41331E+01	 6.11448E+01	 2.22100E+01	 4.74828E+01	 3.76821E+01	 4.62935E+01	 4.74457E+01	 4.07139E+01	 2.19152E+01	 5.00000E+01
 6.28861E+01	 5.37259E+01	 2.47204E+01	 6.10702E+01	 2.22100E+01	 3.95660E+01	 3.78974E+01	 4.63038E+01	 4.74457E+01	 4.02969E+01	 1.69174E+01	 5.00000E+01
 6.30245E+01	 5.35648E+01	 2.44703E+01	 6.11943E+01	 2.22100E+01	 3.58406E+01	 3.80131E+01	 4.63402E+01	 4.74457E+01	 4.10781E+01	 1.65456E+01	 5.00000E+01
 6.30293E+01	 5.35907E+01	 2.48465E+01	 6.10318E+01	 2.22100E+01	 4.03862E+01	 3.78648E+01	 4.63412E+01	 4.74457E+01	 4.14134E+01	 2.09021E+01	 5.00000E+01
 6.30220E+01	 5.36212E+01	 2.53430E+01	 6.11132E+01	 2.22100E+01	 3.70784E+01	 3.79313E+01	 4.63602E+01	 4.74457E+01	 4.09134E+01	 1.64017E+01	 5.00000E+01
 6.29665E+01	 5.36795E+01	 2.52647E+01	 6.11012E+01	 2.22100E+01	 3.71696E+01	 3.79122E+01	 4.63724E+01	 4.74457E+01	 4.10597E+01	 1.68620E+01	 5.00000E+01
 6.29221E+01	 5.37197E+01	 2.52757E+01	 6.11314E+01	 2.22100E+01	 3.74342E+01	 3.78901E+01	 4.63646E+01	 4.74457E+01	 4.10417E+01	 1.59528E+01	 5.00000E+01
 6.28780E+01	 5.37476E+01	 2.49308E+01	 6.11997E+01	 2.22100E+01	 3.85331E+01	 3.78824E+01	 4.63506E+01	 4.74457E+01	 4.11585E+01	 1.58975E+01	 5.00000E+01
 6.30101E+01	 5.35817E+01	 2.51020E+01	 6.10995E+01	 2.22100E+01	 4.13999E+01	 3.78186E+01	 4.63441E+01	 4.74457E+01	 4.12515E+01	 1.70904E+01	 5.00000E+01
 6.29678E+01	 5.36617E+01	 2.52158E+01	 6.10449E+01	 2.22100E+01	 4.20859E+01	 3.77735E+01	 4.63336E+01	 4.74457E+01	 4.11068E+01	 1.78681E+01	 5.00000E+01
 6.29078E+01	 5.37420E+01	 2.45997E+01	 6.12553E+01	 2.22100E+01	 4.15643E+01	 3.77910E+01	 4.63188E+01	 4.74457E+01	 4.10269E+01	 1.86807E+01	 5.00000E+01
 6.28753E+01	 5.37784E+01	 2.47074E+01	 6.10310E+01	 2.22100E+01	 3.87923E+01	 3.78941E+01	 4.63237E+01	 4.74457E+01	 4.06873E+01	 1.44614E+01	 5.00000E+01
 6.29322E+01	 5.36787E+01	 2.44635E+01	 6.12199E+01	 2.22100E+01	 4.12013E+01	 3.78148E+01	 4.63097E+01	 4.74457E+01	 4.11903E+01	 1.87575E+01	 5.00000E+01
 6.29966E+01	 5.36221E+01	 2.42932E+01	 6.11638E+01	 2.22100E+01	 4.07683E+01	 3.78427E+01	 4.63136E+01	 4.74457E+01	 4.09243E+01	 1.63934E+01	 5.00000E+01
 6.29778E+01	 5.36732E+01	 2.38383E+01	 6.12848E+01	 2.22100E+01	 3.93820E+01	 3.78534E+01	 4.63138E+01	 4.74457E+01	 4.09113E+01	 1.52479E+01	 5.00000E+01
 6.30510E+01	 5.35849E+01	 2.42164E+01	 6.11795E+01	 2.22100E+01	 3.90147E+01	 3.78714E+01	 4.63256E+01	 4.74457E+01	 4.12086E+01	 1.60691E+01	 5.00000E+01
 6.31057E+01	 5.35076E+01	 2.36146E+01	 6.12709E+01	 2.22100E+01	 4.42561E+01	 3.77168E+01	 4.62994E+01	 4.74457E+01	 4.16443E+01	 2.33344E+01	 5.00000E+01
 6.29711E+01	 5.37050E+01	 2.39427E+01	 6.12961E+01	 2.22100E+01	 4.08262E+01	 3.77711E+01	 4.62852E+01	 4.74457E+01	 4.03858E+01	 1.47796E+01	 5.00000E+01
 6.29896E+01	 5.36630E+01	 2.42503E+01	 6.12567E+01	 2.22100E+01	 3.77736E+01	 3.79017E+01	 4.63047E+01	 4.74457E+01	 4.09984E+01	 1.64584E+01	 5.00000E+01
 6.30372E+01	 5.36134E+01	 2.36523E+01	 6.12148E+01	 2.22100E+01	 4.04143E+01	 3.78515E+01	 4.63132E+01	 4.74457E+01	 4.12172E+01	 1.80267E+01	 5.00000E+01
 6.30212E+01	 5.36433E+01	 2.33793E+01	 6.12743E+01	 2.22100E+01	 4.25954E+01	 3.78071E+01	 4.63170E+01	 4.74457E+01	 4.11989E+01	 1.89629E+01	 5.00000E+01
 6.30261E+01	 5.36350E+01	 2.38401E+01	 6.11893E+01	 2.22100E+01	 4.17172E+01	 3.78260E+01	 4.63145E+01	 4.74457E+01	 4.06736E+01	 1.50746E+01	 5.00000E+01
 6.30248E+01	 5.36186E+01	 2.42000E+01	 6.11862E+01	 2.22100E+01	 4.10276E+01	 3.78363E+01	 4.63178E+01	 4.74457E+01	 4.11543E+01	 1.76239E+01	 5.00000E+01
 6.30249E+01	 5.36376E+01	 2.38778E+01	 6.11069E+01	 2.22100E+01	 4.28661E+01	 3.77777E+01	 4.63154E+01	 4.74457E+01	 4.10411E+01	 1.83525E+01	 5.00000E+01
 6.30499E+01	 5.36031E+01	 2.41010E+01	 6.11091E+01	 2.22100E+01	 3.96948E+01	 3.78485E+01	 4.63243E+01	 4.74457E+01	 4.08461E+01	 1.59231E+01	 5.00000E+01
 6.30714E+01	 5.35881E+01	 2.38064E+01	 6.11528E+01	 2.22100E+01	 3.85699E+01	 3.78674E+01	 4.63280E+01	 4.74457E+01	 4.10969E+01	 1.59831E+01	 5.00000E+01
 6.29786E+01	 5.36984E+01	 2.39701E+01	 6.10820E+01	 2.22100E+01	 4.05129E+01	 3.78086E+01	 4.63183E+01	 4.74457E+01	 4.14409E+01	 1.94683E+01	 5.00000E+01
 6.30113E+01	 5.36448E+01	 2.42304E+01	 6.11051E+01	 2.22100E+01	 4.31450E+01	 3.76926E+01	 4.63233E+01	 4.74457E+01	 4.12235E+01	 2.17354E+01	 5.00000E+01
 6.30519E+01	 5.36007E+01	 2.48190E+01	 6.10394E+01	 2.22100E+01	 4.23411E+01	 3.76952E+01	 4.62809E+01	 4.74457E+01	 4.05593E+01	 2.02369E+01	 5.00000E+01
 6.31412E+01	 5.35374E+01	 2.44931E+01	 6.10478E+01	 2.22100E+01	 3.65389E+01	 3.78838E+01	 4.62907E+01	 4.74457E+01	 4.06302E+01	 1.66496E+01	 5.00000E+01
 6.30697E+01	 5.37124E+01	 2.41771E+01	 6.10795E+01	 2.22100E+01	 3.35546E+01	 3.79928E+01	 4.63350E+01	 4.74457E+01	 4.09565E+01	 1.50523E+01	 5.00000E+01
 6.29400E+01	 5.38131E+01	 2.44196E+01	 6.11333E+01	 2.22100E+01	 3.51833E+01	 3.79645E+01	 4.63560E+01	 4.74457E+01	 4.11558E+01	 1.54227E+01	 5.00000E+01
 6.29646E+01	 5.37499E+01	 2.53828E+01	 6.10904E+01	 2.22100E+01	 3.95375E+01	 3.79039E+01	 4.63469E+01	 4.74457E+01	 4.12640E+01	 1.68910E+01	 5.00000E+01
 6.29777E+01	 5.37117E+01	 2.52553E+01	 6.10547E+01	 2.22100E+01	 4.04002E+01	 3.79021E+01	 4.63398E+01	 4.74457E+01	 4.09877E+01	 1.44220E+01	 5.00000E+01
 6.30001E+01	 5.37063E+01	 2.55564E+01	 6.10827E+01	 2.22100E+01	 4.40852E+01	 3.77798E+01	 4.63337E+01	 4.74457E+01	 4.08989E+01	 1.67705E+01	 5.00000E+01
 6.29642E+01	 5.37773E+01	 2.52540E+01	 6.10441E+01	 2.22100E+01	 3.97318E+01	 3.79059E+01	 4.63411E+01	 4.74457E+01	 4.08971E+01	 1.48679E+01	 5.00000E+01
 6.30017E+01	 5.37081E+01	 2.53217E+01	 6.11162E+01	 2.22100E+01	 3.95469E+01	 3.78879E+01	 4.63430E+01	 4.74457E+01	 4.11248E+01	 1.53808E+01	 5.00000E+01
 6.30303E+01	 5.36562E+01	 2.54503E+01	 6.09055E+01	 2.22100E+01	 4.19226E+01	 3.78050E+01	 4.63180E+01	 4.74457E+01	 4.13753E+01	 1.94538E+01	 5.00000E+01
 6.30414E+01	 5.36545E+01	 2.50128E+01	 6.11466E+01	 2.22100E+01	 4.41629E+01	 3.77073E+01	 4.63082E+01	 4.74457E+01	 4.11531E+01	 2.23186E+01	 5.00000E+01
 6.30455E+01	 5.36733E+01	 2.50240E+01	 6.09712E+01	 2.22100E+01	 4.03327E+01	 3.77914E+01	 4.62914E+01	 4.74457E+01	 4.06866E+01	 2.01964E+01	 5.00000E+01
 6.30654E+01	 5.36814E+01	 2.49989E+01	 6.10957E+01	 2.22100E+01	 3.54873E+01	 3.79166E+01	 4.63101E+01	 4.74457E+01	 4.08242E+01	 1.91606E+01	 5.00000E+01
 6.30684E+01	 5.36919E+01	 2.55419E+01	 6.10805E+01	 2.22100E+01	 3.31179E+01	 3.80135E+01	 4.63425E+01	 4.74457E+01	 4.08820E+01	 1.67866E+01	 5.00000E+01
 6.30333E+01	 5.37466E+01	 2.54334E+01	 6.10618E+01	 2.22100E+01	 3.29046E+01	 3.80607E+01	 4.63647E+01	 4.74457E+01	 4.11212E+01	 1.53900E+01	 5.00000E+01
 6.29865E+01	 5.37656E+01	 2.53617E+01	 6.09745E+01	 2.22100E+01	 3.45976E+01	 3.80228E+01	 4.63844E+01	 4.74457E+01	 4.11543E+01	 1.55479E+01	 5.00000E+01
 6.30016E+01	 5.37316E+01	 2.56960E+01	 6.09802E+01	 2.22100E+01	 3.63059E+01	 3.79839E+01	 4.63870E+01	 4.74457E+01	 4.12282E+01	 1.54140E+01	 5.00000E+01
 6.29825E+01	 5.37355E+01	 2.56223E+01	 6.10806E+01	 2.22100E+01	 3.78980E+01	 3.79321E+01	 4.63713E+01	 4.74457E+01	 4.13410E+01	 1.72848E+01	 5.00000E+01
 6.29599E+01	 5.37513E+01	 2.50398E+01	 6.10278E+01	 2.22100E+01	 4.41266E+01	 3.77188E+01	 4.63512E+01	 4.74457E+01	 4.13638E+01	 2.32921E+01	 5.00000E+01
 6.29843E+01	 5.37099E+01	 2.45656E+01	 6.12047E+01	 2.22100E+01	 4.01503E+01	 3.78268E+01	 4.63183E+01	 4.74457E+01	 4.05760E+01	 1.80678E+01	 5.00000E+01
 6.29318E+01	 5.38268E+01	 2.46330E+01	 6.11224E+01	 2.22100E+01	 3.49581E+01	 3.80119E+01	 4.63355E+01	 4.74457E+01	 4.07950E+01	 1.55827E+01	 5.00000E+01
 6.28677E+01	 5.39058E+01	 2.52253E+01	 6.09985E+01	 2.22100E+01	 3.68199E+01	 3.80140E+01	 4.63784E+01	 4.74457E+01	 4.12043E+01	 1.87753E+01	 5.00000E+01
 6.29539E+01	 5.37597E+01	 2.48947E+01	 6.11576E+01	 2.22100E+01	 3.98008E+01	 3.78971E+01	 4.63751E+01	 4.74457E+01	 4.11262E+01	 1.90555E+01	 5.00000E+01
 6.29213E+01	 5.37930E+01	 2.50216E+01	 6.10738E+01	 2.22100E+01	 3.87247E+01	 3.79208E+01	 4.63753E+01	 4.74457E+01	 4.09206E+01	 1.74244E+01	 5.00000E+01
 6.28775E+01	 5.38573E+01	 2.51767E+01	 6.10077E+01	 2.22100E+01	 3.72559E+01	 3.79856E+01	 4.63676E+01	 4.74457E+01	 4.08807E+01	 1.66579E+01	 5.00000E+01
 6.28151E+01	 5.39456E+01	 2.50656E+01	 6.09822E+01	 2.22100E+01	 3.58321E+01	 3.80212E+01	 4.64023E+01	 4.74457E+01	 4.09372E+01	 1.52814E+01	 5.00000E+01
 6.27605E+01	 5.39816E+01	 2.42697E+01	 6.11195E+01	 2.22100E+01	 3.73904E+01	 3.79731E+01	 4.64045E+01	 4.74457E+01	 4.12708E+01	 1.76539E+01	 5.00000E+01
 6.27224E+01	 5.39900E+01	 2.41682E+01	 6.11492E+01	 2.22100E+01	 4.23189E+01	 3.78072E+01	 4.63923E+01	 4.74457E+01	 4.12900E+01	 2.12185E+01	 5.00000E+01
 6.28189E+01	 5.38266E+01	 2.43974E+01	 6.10072E+01	 2.22100E+01	 4.23318E+01	 3.77989E+01	 4.63523E+01	 4.74457E+01	 4.07983E+01	 2.09159E+01	 5.00000E+01
 6.28514E+01	 5.38295E+01	 2.48387E+01	 6.10506E+01	 2.22100E+01	 3.86972E+01	 3.78837E+01	 4.63564E+01	 4.74457E+01	 4.07616E+01	 1.98679E+01	 5.00000E+01
 6.28527E+01	 5.38543E+01	 2.48079E+01	 6.10345E+01	 2.22100E+01	 3.69869E+01	 3.79526E+01	 4.63601E+01	 4.74457E+01	 4.08508E+01	 2.05193E+01	 5.00000E+01
 6.29259E+01	 5.37824E+01	 2.43011E+01	 6.10480E+01	 2.22100E+01	 3.41495E+01	 3.80422E+01	 4.63790E+01	 4.74457E+01	 4.08844E+01	 1.78960E+01	 5.00000E+01
 6.29757E+01	 5.37388E+01	 2.44019E+01	 6.11614E+01	 2.22100E+01	 3.41539E+01	 3.80469E+01	 4.64138E+01	 4.74457E+01	 4.10441E+01	 1.68316E+01	 5.00000E+01
 6.29966E+01	 5.37053E+01	 2.51355E+01	 6.09729E+01	 2.22100E+01	 3.59260E+01	 3.80332E+01	 4.64040E+01	 4.74457E+01	 4.12030E+01	 1.76973E+01	 5.00000E+01
 6.30569E+01	 5.36201E+01	 2.42935E+01	 6.11040E+01	 2.22100E+01	 3.75788E+01	 3.79713E+01	 4.64076E+01	 4.74457E+01	 4.11467E+01	 1.76582E+01	 5.00000E+01
 6.30007E+01	 5.37038E+01	 2.42954E+01	 6.10614E+01	 2.22100E+01	 3.57163E+01	 3.80293E+01	 4.64228E+01	 4.74457E+01	 4.08919E+01	 1.57753E+01	 5.00000E+01
 6.29530E+01	 5.37637E+01	 2.42175E+01	 6.11034E+01	 2.22100E+01	 3.65638E+01	 3.79863E+01	 4.64250E+01	 4.74457E+01	 4.12368E+01	 1.76827E+01	 5.00000E+01
 6.28511E+01	 5.38699E+01	 2.41040E+01	 6.12250E+01	 2.22100E+01	 3.78971E+01	 3.79671E+01	 4.64271E+01	 4.74457E+01	 4.07592E+01	 1.52940E+01	 5.00000E+01
 6.28918E+01	 5.37637E+01	 2.38016E+01	 6.11764E+01	 2.22100E+01	 3.74157E+01	 3.80217E+01	 4.64217E+01	 4.74457E+01	 4.08691E+01	 1.45532E+01	 5.00000E+01
 6.29674E+01	 5.36794E+01	 2.38398E+01	 6.11517E+01	 2.22100E+01	 3.97560E+01	 3.79841E+01	 4.64354E+01	 4.74457E+01	 4.12919E+01	 1.69272E+01	 5.00000E+01
 6.29405E+01	 5.37211E+01	 2.32225E+01	 6.12028E+01	 2.22100E+01	 4.33313E+01	 3.79062E+01	 4.64224E+01	 4.74457E+01	 4.10122E+01	 1.73782E+01	 5.00000E+01
 6.29352E+01	 5.37108E+01	 2.40978E+01	 6.10138E+01	 2.22100E+01	 4.17876E+01	 3.79160E+01	 4.64014E+01	 4.74457E+01	 4.06918E+01	 1.59290E+01	 5.00000E+01
 6.29621E+01	 5.37026E+01	 2.33873E+01	 6.12372E+01	 2.22100E+01	 3.84512E+01	 3.80006E+01	 4.64332E+01	 4.74457E+01	 4.08076E+01	 1.45079E+01	 5.00000E+01
 6.28376E+01	 5.38687E+01	 2.38011E+01	 6.09833E+01	 2.22100E+01	 3.85761E+01	 3.80079E+01	 4.64400E+01	 4.74457E+01	 4.09647E+01	 1.49447E+01	 5.00000E+01
 6.28225E+01	 5.38554E+01	 2.37270E+01	 6.12390E+01	 2.22100E+01	 3.96771E+01	 3.79904E+01	 4.64408E+01	 4.74457E+01	 4.10116E+01	 1.54404E+01	 5.00000E+01
 6.28160E+01	 5.38372E+01	 2.35796E+01	 6.10912E+01	 2.22100E+01	 4.21347E+01	 3.79201E+01	 4.64312E+01	 4.74457E+01	 4.11363E+01	 1.76933E+01	 5.00000E+01
 6.28897E+01	 5.37356E+01	 2.37188E+01	 6.10891E+01	 2.22100E+01	 4.62338E+01	 3.78022E+01	 4.64011E+01	 4.74457E+01	 4.11686E+01	 2.20611E+01	 5.00000E+01
 6.29522E+01	 5.36844E+01	 2.42107E+01	 6.12632E+01	 2.22100E+01	 4.39074E+01	 3.78711E+01	 4.63868E+01	 4.74457E+01	 4.05001E+01	 1.82404E+01	 5.00000E+01
 6.30065E+01	 5.36648E+01	 2.38067E+01	 6.12442E+01	 2.22100E+01	 3.80515E+01	 3.80708E+01	 4.63847E+01	 4.74457E+01	 4.05780E+01	 1.50346E+01	 5.00000E+01
 6.30710E+01	 5.36336E+01	 2.35431E+01	 6.12501E+01	 2.22100E+01	 3.76837E+01	 3.81101E+01	 4.64124E+01	 4.74457E+01	 4.10834E+01	 1.60437E+01	 5.00000E+01
 6.30173E+01	 5.36914E+01	 2.41235E+01	 6.11372E+01	 2.22100E+01	 4.00107E+01	 3.80520E+01	 4.64277E+01	 4.74457E+01	 4.10383E+01	 1.68275E+01	 5.00000E+01
 6.29601E+01	 5.37270E+01	 2.41601E+01	 6.10319E+01	 2.22100E+01	 4.02107E+01	 3.79940E+01	 4.64341E+01	 4.74457E+01	 4.09599E+01	 1.60594E+01	 5.00000E+01
 6.28184E+01	 5.38810E+01	 2.39586E+01	 6.12220E+01	 2.22100E+01	 4.16719E+01	 3.79549E+01	 4.64380E+01	 4.74457E+01	 4.11566E+01	 1.89237E+01	 5.00000E+01
 6.27467E+01	 5.39357E+01	 2.40955E+01	 6.11762E+01	 2.22100E+01	 4.50668E+01	 3.78498E+01	 4.64068E+01	 4.74457E+01	 4.10217E+01	 2.19482E+01	 5.00000E+01
 6.27241E+01	 5.39586E+01	 2.41584E+01	 6.11977E+01	 2.22100E+01	 4.40389E+01	 3.79135E+01	 4.63907E+01	 4.74457E+01	 4.06176E+01	 2.06978E+01	 5.00000E+01
 6.28937E+01	 5.37749E+01	 2.43339E+01	 6.11405E+01	 2.22100E+01	 4.16349E+01	 3.80094E+01	 4.64084E+01	 4.74457E+01	 4.07484E+01	 1.97229E+01	 5.00000E+01
 6.28551E+01	 5.38526E+01	 2.48803E+01	 6.10409E+01	 2.22100E+01	 3.94926E+01	 3.80775E+01	 4.64218E+01	 4.74457E+01	 4.05984E+01	 1.71911E+01	 5.00000E+01
 6.28080E+01	 5.39320E+01	 2.41571E+01	 6.12402E+01	 2.22100E+01	 3.66159E+01	 3.81537E+01	 4.64467E+01	 4.74457E+01	 4.07764E+01	 1.47951E+01	 5.00000E+01
 6.28879E+01	 5.37840E+01	 2.48131E+01	 6.09681E+01	 2.22100E+01	 3.73100E+01	 3.81352E+01	 4.64612E+01	 4.74457E+01	 4.10381E+01	 1.51536E+01	 5.00000E+01
 6.28908E+01	 5.37615E+01	 2.45978E+01	 6.10871E+01	 2.22100E+01	 3.86816E+01	 3.80682E+01	 4.64437E+01	 4.74457E+01	 4.11200E+01	 1.49688E+01	 5.00000E+01
 6.28913E+01	 5.37693E+01	 2.45109E+01	 6.10658E+01	 2.22100E+01	 3.94556E+01	 3.80102E+01	 4.64477E+01	 4.74457E+01	 4.10789E+01	 1.58822E+01	 5.00000E+01
 6.28800E+01	 5.37713E+01	 2.40838E+01	 6.11851E+01	 2.22100E+01	 4.10967E+01	 3.79079E+01	 4.64215E+01	 4.74457E+01	 4.12300E+01	 1.85104E+01	 5.00000E+01
 6.28675E+01	 5.37855E+01	 2.39566E+01	 6.11072E+01	 2.22100E+01	 4.39938E+01	 3.78229E+01	 4.63922E+01	 4.74457E+01	 4.10759E+01	 2.12631E+01	 5.00000E+01
 6.28793E+01	 5.38011E+01	 2.43367E+01	 6.11230E+01	 2.22100E+01	 4.32443E+01	 3.78306E+01	 4.63778E+01	 4.74457E+01	 4.07915E+01	 2.13185E+01	 5.00000E+01
 6.29113E+01	 5.37836E+01	 2.42519E+01	 6.10731E+01	 2.22100E+01	 3.82838E+01	 3.80266E+01	 4.63840E+01	 4.74457E+01	 4.04353E+01	 1.72030E+01	 5.00000E+01
 6.29157E+01	 5.37953E+01	 2.41317E+01	 6.11469E+01	 2.22100E+01	 3.46414E+01	 3.81709E+01	 4.64138E+01	 4.74457E+01	 4.07113E+01	 1.47677E+01	 5.00000E+01
 6.29094E+01	 5.38287E+01	 2.42188E+01	 6.11519E+01	 2.22100E+01	 3.58781E+01	 3.81706E+01	 4.64472E+01	 4.74457E+01	 4.10329E+01	 1.40430E+01	 5.00000E+01
 6.29050E+01	 5.37857E+01	 2.43125E+01	 6.11045E+01	 2.22100E+01	 3.85127E+01	 3.81062E+01	 4.64416E+01	 4.74457E+01	 4.11579E+01	 1.54578E+01	 5.00000E+01
 6.28059E+01	 5.39099E+01	 2.47421E+01	 6.10556E+01	 2.22100E+01	 4.19700E+01	 3.79944E+01	 4.64457E+01	 4.74457E+01	 4.11883E+01	 1.74622E+01	 5.00000E+01
 6.27125E+01	 5.39852E+01	 2.46366E+01	 6.10774E+01	 2.22100E+01	 4.19291E+01	 3.80001E+01	 4.64399E+01	 4.74457E+01	 4.07805E+01	 1.51847E+01	 5.00000E+01
 6.27566E+01	 5.39051E+01	 2.51866E+01	 6.10565E+01	 2.22100E+01	 4.38021E+01	 3.79239E+01	 4.64259E+01	 4.74457E+01	 4.10071E+01	 1.92598E+01	 5.00000E+01
 6.27771E+01	 5.39028E+01	 2.49626E+01	 6.11361E+01	 2.22100E+01	 4.24481E+01	 3.79669E+01	 4.64059E+01	 4.74457E+01	 4.07642E+01	 1.74520E+01	 5.00000E+01
 6.27794E+01	 5.39133E+01	 2.46932E+01	 6.11066E+01	 2.22100E+01	 4.01879E+01	 3.80248E+01	 4.64180E+01	 4.74457E+01	 4.07941E+01	 1.65530E+01	 5.00000E+01
 6.27865E+01	 5.39068E+01	 2.48357E+01	 6.10191E+01	 2.22100E+01	 3.98753E+01	 3.80273E+01	 4.64225E+01	 4.74457E+01	 4.09148E+01	 1.79099E+01	 5.00000E+01
 6.28912E+01	 5.37422E+01	 2.46378E+01	 6.11651E+01	 2.22100E+01	 4.09879E+01	 3.80129E+01	 4.64182E+01	 4.74457E+01	 4.10218E+01	 1.87763E+01	 5.00000E+01
 6.30004E+01	 5.36551E+01	 2.44245E+01	 6.11576E+01	 2.22100E+01	 4.01090E+01	 3.80081E+01	 4.64104E+01	 4.74457E+01	 4.08500E+01	 1.80947E+01	 5.00000E+01
 6.28114E+01	 5.39318E+01	 2.44645E+01	 6.12082E+01	 2.22100E+01	 3.75965E+01	 3.80616E+01	 4.64236E+01	 4.74457E+01	 4.08479E+01	 1.69277E+01	 5.00000E+01
 6.26907E+01	 5.40397E+01	 2.50439E+01	 6.11137E+01	 2.22100E+01	 3.59497E+01	 3.81209E+01	 4.64276E+01	 4.74457E+01	 4.09148E+01	 1.55781E+01	 5.00000E+01
 6.26220E+01	 5.40988E+01	 2.56457E+01	 6.09622E+01	 2.22100E+01	 4.22306E+01	 3.79646E+01	 4.64159E+01	 4.74457E+01	 4.14249E+01	 2.24562E+01	 5.00000E+01
 6.27462E+01	 5.39226E+01	 2.49227E+01	 6.12287E+01	 2.22100E+01	 4.32214E+01	 3.79633E+01	 4.64055E+01	 4.74457E+01	 4.06081E+01	 1.78285E+01	 5.00000E+01
 6.28004E+01	 5.38865E+01	 2.48973E+01	 6.11784E+01	 2.22100E+01	 4.12862E+01	 3.80532E+01	 4.63957E+01	 4.74457E+01	 4.07751E+01	 1.79708E+01	 5.00000E+01
 6.28294E+01	 5.38797E+01	 2.50271E+01	 6.11893E+01	 2.22100E+01	 4.06266E+01	 3.80449E+01	 4.64230E+01	 4.74457E+01	 4.08785E+01	 1.76621E+01	 5.00000E+01
 6.29077E+01	 5.37745E+01	 2.49412E+01	 6.10370E+01	 2.22100E+01	 4.07324E+01	 3.80694E+01	 4.64185E+01	 4.74457E+01	 4.09859E+01	 1.70576E+01	 5.00000E+01
 6.28467E+01	 5.38803E+01	 2.44533E+01	 6.11440E+01	 2.22100E+01	 4.00734E+01	 3.80583E+01	 4.64310E+01	 4.74457E+01	 4.09400E+01	 1.73942E+01	 5.00000E+01
 6.27609E+01	 5.39560E+01	 2.45205E+01	 6.12471E+01	 2.22100E+01	 4.04715E+01	 3.79947E+01	 4.64305E+01	 4.74457E+01	 4.12260E+01	 1.93444E+01	 5.00000E+01
 6.26758E+01	 5.40318E+01	 2.45376E+01	 6.11344E+01	 2.22100E+01	 4.41592E+01	 3.78740E+01	 4.64178E+01	 4.74457E+01	 4.10833E+01	 2.30688E+01	 5.00000E+01
 6.27864E+01	 5.38319E+01	 2.50318E+01	 6.11201E+01	 2.22100E+01	 4.00654E+01	 3.80061E+01	 4.64029E+01	 4.74457E+01	 4.02870E+01	 1.67501E+01	 5.00000E+01
 6.29293E+01	 5.37043E+01	 2.41204E+01	 6.12163E+01	 2.22100E+01	 3.54864E+01	 3.81473E+01	 4.64286E+01	 4.74457E+01	 4.10390E+01	 1.65630E+01	 5.00000E+01
 6.28706E+01	 5.38263E+01	 2.42296E+01	 6.10485E+01	 2.22100E+01	 4.24762E+01	 3.79265E+01	 4.64256E+01	 4.74457E+01	 4.14848E+01	 2.36667E+01	 5.00000E+01
 6.28554E+01	 5.38169E+01	 2.46120E+01	 6.12212E+01	 2.22100E+01	 4.06392E+01	 3.79294E+01	 4.64197E+01	 4.74457E+01	 4.05967E+01	 1.91338E+01	 5.00000E+01
 6.28506E+01	 5.38279E+01	 2.49009E+01	 6.10811E+01	 2.22100E+01	 3.59678E+01	 3.80738E+01	 4.64225E+01	 4.74457E+01	 4.07560E+01	 1.69984E+01	 5.00000E+01
 6.28641E+01	 5.38213E+01	 2.44462E+01	 6.11103E+01	 2.22100E+01	 3.74970E+01	 3.80562E+01	 4.64285E+01	 4.74457E+01	 4.11664E+01	 1.89374E+01	 5.00000E+01
 6.28451E+01	 5.38351E+01	 2.42024E+01	 6.11435E+01	 2.22100E+01	 3.72911E+01	 3.80513E+01	 4.64359E+01	 4.74457E+01	 4.08291E+01	 1.64826E+01	 5.00000E+01
 6.28257E+01	 5.38682E+01	 2.44890E+01	 6.10258E+01	 2.22100E+01	 3.58940E+01	 3.80947E+01	 4.64608E+01	 4.74457E+01	 4.08918E+01	 1.44497E+01	 5.00000E+01
 6.29143E+01	 5.37419E+01	 2.47327E+01	 6.10763E+01	 2.22100E+01	 3.71845E+01	 3.80727E+01	 4.64620E+01	 4.74457E+01	 4.11096E+01	 1.43029E+01	 5.00000E+01
 6.28341E+01	 5.38547E+01	 2.48364E+01	 6.11212E+01	 2.22100E+01	 3.87222E+01	 3.80139E+01	 4.64579E+01	 4.74457E+01	 4.11238E+01	 1.39722E+01	 5.00000E+01
 6.27419E+01	 5.39527E+01	 2.46769E+01	 6.11275E+01	 2.22100E+01	 4.01933E+01	 3.79715E+01	 4.64468E+01	 4.74457E+01	 4.11387E+01	 1.54497E+01	 5.00000E+01
 6.29142E+01	 5.36990E+01	 2.47618E+01	 6.11425E+01	 2.22100E+01	 4.28154E+01	 3.79120E+01	 4.64347E+01	 4.74457E+01	 4.11857E+01	 1.67440E+01	 5.00000E+01
 6.29241E+01	 5.37311E+01	 2.54362E+01	 6.10756E+01	 2.22100E+01	 4.33254E+01	 3.78707E+01	 4.64055E+01	 4.74457E+01	 4.09529E+01	 1.65959E+01	 5.00000E+01
 6.29194E+01	 5.37899E+01	 2.59859E+01	 6.09249E+01	 2.22100E+01	 4.14397E+01	 3.79250E+01	 4.64104E+01	 4.74457E+01	 4.08278E+01	 1.66544E+01	 5.00000E+01
 6.29614E+01	 5.37183E+01	 2.52072E+01	 6.12710E+01	 2.22100E+01	 3.98337E+01	 3.79443E+01	 4.64213E+01	 4.74457E+01	 4.10412E+01	 1.72424E+01	 5.00000E+01
 6.28693E+01	 5.38412E+01	 2.50717E+01	 6.10716E+01	 2.22100E+01	 3.96427E+01	 3.79718E+01	 4.64039E+01	 4.74457E+01	 4.08779E+01	 1.74338E+01	 5.00000E+01
 6.27899E+01	 5.39578E+01	 2.53080E+01	 6.11331E+01	 2.22100E+01	 3.88088E+01	 3.79847E+01	 4.64106E+01	 4.74457E+01	 4.08624E+01	 1.75293E+01	 5.00000E+01
 6.27381E+01	 5.39951E+01	 2.54242E+01	 6.10407E+01	 2.22100E+01	 3.89917E+01	 3.80071E+01	 4.64273E+01	 4.74457E+01	 4.09644E+01	 1.71306E+01	 5.00000E+01
 6.27271E+01	 5.39841E+01	 2.50386E+01	 6.11361E+01	 2.22100E+01	 4.11778E+01	 3.79878E+01	 4.64149E+01	 4.74457E+01	 4.11058E+01	 1.87303E+01	 5.00000E+01
 6.27370E+01	 5.39630E+01	 2.52531E+01	 6.11468E+01	 2.22100E+01	 4.30574E+01	 3.79497E+01	 4.64044E+01	 4.74457E+01	 4.09592E+01	 1.95657E+01	 5.00000E+01
 6.27382E+01	 5.39611E+01	 2.46382E+01	 6.11737E+01	 2.22100E+01	 4.31416E+01	 3.79608E+01	 4.64043E+01	 4.74457E+01	 4.08569E+01	 2.00283E+01	 5.00000E+01
 6.28416E+01	 5.38087E+01	 2.43400E+01	 6.10562E+01	 2.22100E+01	 3.99466E+01	 3.80476E+01	 4.64041E+01	 4.74457E+01	 4.04519E+01	 1.50607E+01	 5.00000E+01
 6.29541E+01	 5.37124E+01	 2.45122E+01	 6.12648E+01	 2.22100E+01	 3.70233E+01	 3.81231E+01	 4.64329E+01	 4.74457E+01	 4.10211E+01	 1.52530E+01	 5.00000E+01
 6.31151E+01	 5.35393E+01	 2.48753E+01	 6.11637E+01	 2.22100E+01	 3.79338E+01	 3.80602E+01	 4.64364E+01	 4.74457E+01	 4.12979E+01	 1.61915E+01	 5.00000E+01
 6.31371E+01	 5.35346E+01	 2.46546E+01	 6.12226E+01	 2.22100E+01	 3.87670E+01	 3.79473E+01	 4.64356E+01	 4.74457E+01	 4.13002E+01	 1.66004E+01	 5.00000E+01
 6.31167E+01	 5.35490E+01	 2.44868E+01	 6.11071E+01	 2.22100E+01	 3.85321E+01	 3.79497E+01	 4.64201E+01	 4.74457E+01	 4.12135E+01	 1.68230E+01	 5.00000E+01
 6.30142E+01	 5.36922E+01	 2.41629E+01	 6.11839E+01	 2.22100E+01	 3.78558E+01	 3.79275E+01	 4.64212E+01	 4.74457E+01	 4.11073E+01	 1.70068E+01	 5.00000E+01
 6.29215E+01	 5.37890E+01	 2.39467E+01	 6.12056E+01	 2.22100E+01	 4.04396E+01	 3.78391E+01	 4.64063E+01	 4.74457E+01	 4.14529E+01	 2.19262E+01	 5.00000E+01
 6.28650E+01	 5.38349E+01	 2.37533E+01	 6.11687E+01	 2.22100E+01	 4.09479E+01	 3.78660E+01	 4.63935E+01	 4.74457E+01	 4.05148E+01	 1.78565E+01	 5.00000E+01
 6.29000E+01	 5.37874E+01	 2.40166E+01	 6.10658E+01	 2.22100E+01	 3.61297E+01	 3.80656E+01	 4.64039E+01	 4.74457E+01	 4.06176E+01	 1.55628E+01	 5.00000E+01
 6.29074E+01	 5.37882E+01	 2.44946E+01	 6.10730E+01	 2.22100E+01	 3.84500E+01	 3.80217E+01	 4.64207E+01	 4.74457E+01	 4.12586E+01	 1.84597E+01	 5.00000E+01
 6.28962E+01	 5.38061E+01	 2.45144E+01	 6.11930E+01	 2.22100E+01	 4.26073E+01	 3.79277E+01	 4.64288E+01	 4.74457E+01	 4.12144E+01	 2.07121E+01	 5.00000E+01
 6.29347E+01	 5.37202E+01	 2.44377E+01	 6.09968E+01	 2.22100E+01	 4.38574E+01	 3.78762E+01	 4.63868E+01	 4.74457E+01	 4.09153E+01	 2.04790E+01	 5.00000E+01
 6.30460E+01	 5.36052E+01	 2.44935E+01	 6.11531E+01	 2.22100E+01	 4.12729E+01	 3.79198E+01	 4.64103E+01	 4.74457E+01	 4.08195E+01	 1.98228E+01	 5.00000E+01
 6.31308E+01	 5.35292E+01	 2.45811E+01	 6.10416E+01	 2.22100E+01	 3.84691E+01	 3.80043E+01	 4.64081E+01	 4.74457E+01	 4.07158E+01	 1.73034E+01	 5.00000E+01
 6.29874E+01	 5.37578E+01	 2.40035E+01	 6.11485E+01	 2.22100E+01	 3.45257E+01	 3.81145E+01	 4.64289E+01	 4.74457E+01	 4.09945E+01	 1.61927E+01	 5.00000E+01
 6.29192E+01	 5.38189E+01	 2.38330E+01	 6.12464E+01	 2.22100E+01	 3.81422E+01	 3.80084E+01	 4.64505E+01	 4.74457E+01	 4.13964E+01	 1.97997E+01	 5.00000E+01
 6.28628E+01	 5.38273E+01	 2.39954E+01	 6.11816E+01	 2.22100E+01	 4.31396E+01	 3.78648E+01	 4.64235E+01	 4.74457E+01	 4.11198E+01	 2.09209E+01	 5.00000E+01
 6.29538E+01	 5.37117E+01	 2.38696E+01	 6.11681E+01	 2.22100E+01	 3.96199E+01	 3.79946E+01	 4.64173E+01	 4.74457E+01	 4.05286E+01	 1.52783E+01	 5.00000E+01
 6.29342E+01	 5.37797E+01	 2.37446E+01	 6.11355E+01	 2.22100E+01	 3.91711E+01	 3.80470E+01	 4.64248E+01	 4.74457E+01	 4.10285E+01	 1.60688E+01	 5.00000E+01
 6.28697E+01	 5.38143E+01	 2.36733E+01	 6.11581E+01	 2.22100E+01	 4.12076E+01	 3.79843E+01	 4.64271E+01	 4.74457E+01	 4.11058E+01	 1.73905E+01	 5.00000E+01
 6.29053E+01	 5.37569E+01	 2.36565E+01	 6.11177E+01	 2.22100E+01	 4.35522E+01	 3.79072E+01	 4.64075E+01	 4.74457E+01	 4.11465E+01	 1.91796E+01	 5.00000E+01
 6.28631E+01	 5.38408E+01	 2.35038E+01	 6.12711E+01	 2.22100E+01	 4.57587E+01	 3.78314E+01	 4.63941E+01	 4.74457E+01	 4.10742E+01	 2.17932E+01	 5.00000E+01
 6.27965E+01	 5.39201E+01	 2.44401E+01	 6.10579E+01	 2.22100E+01	 4.48628E+01	 3.78330E+01	 4.63723E+01	 4.74457E+01	 4.07521E+01	 2.14120E+01	 5.00000E+01
 6.28529E+01	 5.38383E+01	 2.45694E+01	 6.11478E+01	 2.22100E+01	 4.18516E+01	 3.79374E+01	 4.63789E+01	 4.74457E+01	 4.06770E+01	 2.01429E+01	 5.00000E+01
 6.28578E+01	 5.38588E+01	 2.45843E+01	 6.11943E+01	 2.22100E+01	 4.17382E+01	 3.79649E+01	 4.63856E+01	 4.74457E+01	 4.09885E+01	 2.16743E+01	 5.00000E+01
 6.28377E+01	 5.38740E+01	 2.40391E+01	 6.11416E+01	 2.22100E+01	 4.30545E+01	 3.79239E+01	 4.63818E+01	 4.74457E+01	 4.10269E+01	 2.35191E+01	 5.00000E+01
 6.28009E+01	 5.39159E+01	 2.41668E+01	 6.11293E+01	 2.22100E+01	 4.36947E+01	 3.79076E+01	 4.63822E+01	 4.74457E+01	 4.07739E+01	 2.34169E+01	 5.00000E+01
 6.28341E+01	 5.39077E+01	 2.43755E+01	 6.12047E+01	 2.22100E+01	 3.66204E+01	 3.81121E+01	 4.63959E+01	 4.74457E+01	 4.03258E+01	 1.52525E+01	 5.00000E+01
 6.28621E+01	 5.38950E+01	 2.48331E+01	 6.09250E+01	 2.22100E+01	 3.47812E+01	 3.81611E+01	 4.64195E+01	 4.74457E+01	 4.12307E+01	 1.65715E+01	 5.00000E+01
 6.28345E+01	 5.39072E+01	 2.46174E+01	 6.10438E+01	 2.22100E+01	 3.90303E+01	 3.80588E+01	 4.64338E+01	 4.74457E+01	 4.12241E+01	 1.69018E+01	 5.00000E+01
 6.28306E+01	 5.38869E+01	 2.44876E+01	 6.12367E+01	 2.22100E+01	 4.05782E+01	 3.79869E+01	 4.64289E+01	 4.74457E+01	 4.11143E+01	 1.65084E+01	 5.00000E+01
 6.28354E+01	 5.38652E+01	 2.51775E+01	 6.09438E+01	 2.22100E+01	 4.18132E+01	 3.79416E+01	 4.64249E+01	 4.74457E+01	 4.11692E+01	 1.78827E+01	 5.00000E+01
 6.29392E+01	 5.37328E+01	 2.47917E+01	 6.10621E+01	 2.22100E+01	 4.49381E+01	 3.77944E+01	 4.63793E+01	 4.74457E+01	 4.12828E+01	 2.28694E+01	 5.00000E+01
 6.29102E+01	 5.38106E+01	 2.43575E+01	 6.10664E+01	 2.22100E+01	 4.37574E+01	 3.77962E+01	 4.63605E+01	 4.74457E+01	 4.07780E+01	 2.20118E+01	 5.00000E+01
 6.28777E+01	 5.38768E+01	 2.40300E+01	 6.13483E+01	 2.22100E+01	 3.92844E+01	 3.79296E+01	 4.63443E+01	 4.74457E+01	 4.07176E+01	 2.09632E+01	 5.00000E+01
 6.29453E+01	 5.37876E+01	 2.48967E+01	 6.09612E+01	 2.22100E+01	 3.90252E+01	 3.79562E+01	 4.63489E+01	 4.74457E+01	 4.10191E+01	 2.24324E+01	 5.00000E+01
 6.28866E+01	 5.39147E+01	 2.50179E+01	 6.11787E+01	 2.22100E+01	 3.86175E+01	 3.79851E+01	 4.63699E+01	 4.74457E+01	 4.09059E+01	 2.16006E+01	 5.00000E+01
 6.28022E+01	 5.40074E+01	 2.48697E+01	 6.11579E+01	 2.22100E+01	 3.80663E+01	 3.80447E+01	 4.63834E+01	 4.74457E+01	 4.07824E+01	 2.04560E+01	 5.00000E+01
 6.28647E+01	 5.39035E+01	 2.49624E+01	 6.11853E+01	 2.22100E+01	 3.55061E+01	 3.81503E+01	 4.64008E+01	 4.74457E+01	 4.05713E+01	 1.56979E+01	 5.00000E+01
 6.29027E+01	 5.38376E+01	 2.52427E+01	 6.11444E+01	 2.22100E+01	 3.64771E+01	 3.81693E+01	 4.64233E+01	 4.74457E+01	 4.11537E+01	 1.69490E+01	 5.00000E+01
 6.29239E+01	 5.37974E+01	 2.51709E+01	 6.09592E+01	 2.22100E+01	 3.98491E+01	 3.80704E+01	 4.64320E+01	 4.74457E+01	 4.12706E+01	 1.76465E+01	 5.00000E+01
 6.29443E+01	 5.37795E+01	 2.54271E+01	 6.10963E+01	 2.22100E+01	 3.94790E+01	 3.80115E+01	 4.64176E+01	 4.74457E+01	 4.09364E+01	 1.62081E+01	 5.00000E+01
 6.28942E+01	 5.38442E+01	 2.52315E+01	 6.10072E+01	 2.22100E+01	 3.70442E+01	 3.80512E+01	 4.64079E+01	 4.74457E+01	 4.09900E+01	 1.52569E+01	 5.00000E+01
 6.28492E+01	 5.38935E+01	 2.53731E+01	 6.11537E+01	 2.22100E+01	 3.75276E+01	 3.79975E+01	 4.64157E+01	 4.74457E+01	 4.11937E+01	 1.66886E+01	 5.00000E+01
 6.28999E+01	 5.38212E+01	 2.52199E+01	 6.11746E+01	 2.22100E+01	 3.97491E+01	 3.79315E+01	 4.64026E+01	 4.74457E+01	 4.11840E+01	 1.73810E+01	 5.00000E+01
 6.28861E+01	 5.38474E+01	 2.52219E+01	 6.10673E+01	 2.22100E+01	 4.30215E+01	 3.78102E+01	 4.63838E+01	 4.74457E+01	 4.14029E+01	 2.25520E+01	 5.00000E+01
 6.28642E+01	 5.38821E+01	 2.48757E+01	 6.10693E+01	 2.22100E+01	 4.42777E+01	 3.78040E+01	 4.63557E+01	 4.74457E+01	 4.08407E+01	 2.30704E+01	 5.00000E+01
 6.29391E+01	 5.37749E+01	 2.50574E+01	 6.12168E+01	 2.22100E+01	 4.01633E+01	 3.79005E+01	 4.63415E+01	 4.74457E+01	 4.06222E+01	 2.13782E+01	 5.00000E+01
 6.29265E+01	 5.38685E+01	 2.46475E+01	 6.11937E+01	 2.22100E+01	 3.50749E+01	 3.80914E+01	 4.63769E+01	 4.74457E+01	 4.06372E+01	 1.79882E+01	 5.00000E+01
 6.28823E+01	 5.39434E+01	 2.45437E+01	 6.11100E+01	 2.22100E+01	 3.47222E+01	 3.81519E+01	 4.64236E+01	 4.74457E+01	 4.09838E+01	 1.76357E+01	 5.00000E+01
 6.28350E+01	 5.39589E+01	 2.50018E+01	 6.12222E+01	 2.22100E+01	 3.66979E+01	 3.81082E+01	 4.64251E+01	 4.74457E+01	 4.11403E+01	 1.84832E+01	 5.00000E+01
 6.29007E+01	 5.38397E+01	 2.51189E+01	 6.11756E+01	 2.22100E+01	 3.87716E+01	 3.80712E+01	 4.64354E+01	 4.74457E+01	 4.10149E+01	 1.63387E+01	 5.00000E+01
 6.29629E+01	 5.37668E+01	 2.52736E+01	 6.10690E+01	 2.22100E+01	 4.05627E+01	 3.80308E+01	 4.64221E+01	 4.74457E+01	 4.12084E+01	 1.76797E+01	 5.00000E+01
 6.30727E+01	 5.36294E+01	 2.48859E+01	 6.10353E+01	 2.22100E+01	 4.17606E+01	 3.79426E+01	 4.64260E+01	 4.74457E+01	 4.13301E+01	 2.03145E+01	 5.00000E+01
 6.30249E+01	 5.37267E+01	 2.50772E+01	 6.11848E+01	 2.22100E+01	 4.29092E+01	 3.78074E+01	 4.63984E+01	 4.74457E+01	 4.12789E+01	 2.37551E+01	 5.00000E+01
 6.29330E+01	 5.38185E+01	 2.43491E+01	 6.12640E+01	 2.22100E+01	 3.97541E+01	 3.78892E+01	 4.63736E+01	 4.74457E+01	 4.07430E+01	 2.15395E+01	 5.00000E+01
 6.30133E+01	 5.37464E+01	 2.41209E+01	 6.10414E+01	 2.22100E+01	 3.51595E+01	 3.80450E+01	 4.63886E+01	 4.74457E+01	 4.07309E+01	 1.96502E+01	 5.00000E+01
 6.30269E+01	 5.37451E+01	 2.44484E+01	 6.11617E+01	 2.22100E+01	 3.35850E+01	 3.80948E+01	 4.64176E+01	 4.74457E+01	 4.09947E+01	 1.86178E+01	 5.00000E+01
 6.30142E+01	 5.37352E+01	 2.45230E+01	 6.10826E+01	 2.22100E+01	 3.44146E+01	 3.80806E+01	 4.64373E+01	 4.74457E+01	 4.11245E+01	 1.79400E+01	 5.00000E+01
 6.28564E+01	 5.39140E+01	 2.45464E+01	 6.11100E+01	 2.22100E+01	 3.92902E+01	 3.79711E+01	 4.64331E+01	 4.74457E+01	 4.15377E+01	 2.31808E+01	 5.00000E+01
 6.28091E+01	 5.39304E+01	 2.39370E+01	 6.12363E+01	 2.22100E+01	 4.24897E+01	 3.78977E+01	 4.64080E+01	 4.74457E+01	 4.10420E+01	 2.43942E+01	 5.00000E+01
 6.28106E+01	 5.39251E+01	 2.39409E+01	 6.12398E+01	 2.22100E+01	 4.33443E+01	 3.79116E+01	 4.63902E+01	 4.74457E+01	 4.08548E+01	 2.43566E+01	 5.00000E+01
 6.29099E+01	 5.38032E+01	 2.38653E+01	 6.12115E+01	 2.22100E+01	 4.24515E+01	 3.79600E+01	 4.63920E+01	 4.74457E+01	 4.07228E+01	 2.32251E+01	 5.00000E+01
 6.29550E+01	 5.37844E+01	 2.43603E+01	 6.11542E+01	 2.22100E+01	 3.99553E+01	 3.80575E+01	 4.64115E+01	 4.74457E+01	 4.07730E+01	 2.18865E+01	 5.00000E+01
 6.29612E+01	 5.37896E+01	 2.43624E+01	 6.10850E+01	 2.22100E+01	 3.78725E+01	 3.81153E+01	 4.64224E+01	 4.74457E+01	 4.07109E+01	 1.91122E+01	 5.00000E+01
 6.29484E+01	 5.38237E+01	 2.44134E+01	 6.10649E+01	 2.22100E+01	 3.38485E+01	 3.82095E+01	 4.64695E+01	 4.74457E+01	 4.07712E+01	 1.44067E+01	 5.00000E+01
 6.29470E+01	 5.37666E+01	 2.44258E+01	 6.10211E+01	 2.22100E+01	 3.50823E+01	 3.81681E+01	 4.64767E+01	 4.74457E+01	 4.12358E+01	 1.43477E+01	 5.00000E+01
 6.29590E+01	 5.37454E+01	 2.44692E+01	 6.11111E+01	 2.22100E+01	 3.81657E+01	 3.80117E+01	 4.64809E+01	 4.74457E+01	 4.13605E+01	 1.59304E+01	 5.00000E+01
 6.29800E+01	 5.36998E+01	 2.41992E+01	 6.11105E+01	 2.22100E+01	 3.99687E+01	 3.79233E+01	 4.64631E+01	 4.74457E+01	 4.12422E+01	 1.62139E+01	 5.00000E+01
 6.29318E+01	 5.37688E+01	 2.43888E+01	 6.12021E+01	 2.22100E+01	 4.05042E+01	 3.78829E+01	 4.64399E+01	 4.74457E+01	 4.10814E+01	 1.67783E+01	 5.00000E+01
 6.28744E+01	 5.38323E+01	 2.43144E+01	 6.11824E+01	 2.22100E+01	 3.99567E+01	 3.78829E+01	 4.64245E+01	 4.74457E+01	 4.08182E+01	 1.54840E+01	 5.00000E+01
 6.29727E+01	 5.37108E+01	 2.42282E+01	 6.11620E+01	 2.22100E+01	 3.97468E+01	 3.79494E+01	 4.64230E+01	 4.74457E+01	 4.10776E+01	 1.60940E+01	 5.00000E+01
 6.29736E+01	 5.37377E+01	 2.46952E+01	 6.11492E+01	 2.22100E+01	 4.19723E+01	 3.79064E+01	 4.64140E+01	 4.74457E+01	 4.11305E+01	 1.75711E+01	 5.00000E+01
 6.29518E+01	 5.37483E+01	 2.43575E+01	 6.10757E+01	 2.22100E+01	 4.20905E+01	 3.79064E+01	 4.64022E+01	 4.74457E+01	 4.08847E+01	 1.66325E+01	 5.00000E+01
 6.29106E+01	 5.38217E+01	 2.43104E+01	 6.12601E+01	 2.22100E+01	 4.05032E+01	 3.79622E+01	 4.64167E+01	 4.74457E+01	 4.08255E+01	 1.60096E+01	 5.00000E+01
 6.29246E+01	 5.37975E+01	 2.37235E+01	 6.12593E+01	 2.22100E+01	 4.11166E+01	 3.79867E+01	 4.64177E+01	 4.74457E+01	 4.10551E+01	 1.73154E+01	 5.00000E+01
 6.29304E+01	 5.37785E+01	 2.38375E+01	 6.11889E+01	 2.22100E+01	 4.48182E+01	 3.78977E+01	 4.63935E+01	 4.74457E+01	 4.12019E+01	 2.10591E+01	 5.00000E+01
 6.29753E+01	 5.37570E+01	 2.35789E+01	 6.13992E+01	 2.22100E+01	 4.34143E+01	 3.79353E+01	 4.63849E+01	 4.74457E+01	 4.02001E+01	 1.45026E+01	 5.00000E+01
 6.29892E+01	 5.37651E+01	 2.41928E+01	 6.10540E+01	 2.22100E+01	 4.03810E+01	 3.80663E+01	 4.63999E+01	 4.74457E+01	 4.09187E+01	 1.71300E+01	 5.00000E+01
 6.29805E+01	 5.37618E+01	 2.46294E+01	 6.09861E+01	 2.22100E+01	 4.25718E+01	 3.79770E+01	 4.64126E+01	 4.74457E+01	 4.12030E+01	 2.01058E+01	 5.00000E+01
 6.29754E+01	 5.37683E+01	 2.43672E+01	 6.12066E+01	 2.22100E+01	 4.30757E+01	 3.79240E+01	 4.64132E+01	 4.74457E+01	 4.09037E+01	 2.04011E+01	 5.00000E+01
 6.29972E+01	 5.37478E+01	 2.44554E+01	 6.10555E+01	 2.22100E+01	 4.02197E+01	 3.79791E+01	 4.64044E+01	 4.74457E+01	 4.08339E+01	 1.91583E+01	 5.00000E+01
 6.30072E+01	 5.37458E+01	 2.43832E+01	 6.12991E+01	 2.22100E+01	 3.87969E+01	 3.80094E+01	 4.64075E+01	 4.74457E+01	 4.10112E+01	 2.00660E+01	 5.00000E+01
 6.29274E+01	 5.38286E+01	 2.44583E+01	 6.11886E+01	 2.22100E+01	 3.94109E+01	 3.80061E+01	 4.64117E+01	 4.74457E+01	 4.09729E+01	 2.00186E+01	 5.00000E+01
 6.29798E+01	 5.37437E+01	 2.47137E+01	 6.10537E+01	 2.22100E+01	 4.01173E+01	 3.80005E+01	 4.64006E+01	 4.74457E+01	 4.09843E+01	 2.06917E+01	 5.00000E+01
 6.30458E+01	 5.36761E+01	 2.48724E+01	 6.11225E+01	 2.22100E+01	 3.92905E+01	 3.80157E+01	 4.64136E+01	 4.74457E+01	 4.08067E+01	 1.90195E+01	 5.00000E+01
 6.30363E+01	 5.37361E+01	 2.45837E+01	 6.11264E+01	 2.22100E+01	 3.55995E+01	 3.81341E+01	 4.64363E+01	 4.74457E+01	 4.08026E+01	 1.60921E+01	 5.00000E+01
 6.30002E+01	 5.37536E+01	 2.41572E+01	 6.11400E+01	 2.22100E+01	 3.57226E+01	 3.81263E+01	 4.64331E+01	 4.74457E+01	 4.11517E+01	 1.66857E+01	 5.00000E+01
 6.29805E+01	 5.37677E+01	 2.43875E+01	 6.11380E+01	 2.22100E+01	 3.80956E+01	 3.80310E+01	 4.64479E+01	 4.74457E+01	 4.11461E+01	 1.68113E+01	 5.00000E+01
 6.29187E+01	 5.38431E+01	 2.47247E+01	 6.10225E+01	 2.22100E+01	 3.98844E+01	 3.79975E+01	 4.64343E+01	 4.74457E+01	 4.10753E+01	 1.67553E+01	 5.00000E+01
 6.29638E+01	 5.37630E+01	 2.44999E+01	 6.12313E+01	 2.22100E+01	 4.08851E+01	 3.79960E+01	 4.64370E+01	 4.74457E+01	 4.11730E+01	 1.78877E+01	 5.00000E+01
 6.30108E+01	 5.36746E+01	 2.44728E+01	 6.11542E+01	 2.22100E+01	 4.55806E+01	 3.78545E+01	 4.64145E+01	 4.74457E+01	 4.12013E+01	 2.22998E+01	 5.00000E+01
 6.28820E+01	 5.38749E+01	 2.44401E+01	 6.12761E+01	 2.22100E+01	 4.32348E+01	 3.78791E+01	 4.63873E+01	 4.74457E+01	 4.06746E+01	 2.04131E+01	 5.00000E+01
 6.28894E+01	 5.38454E+01	 2.47615E+01	 6.11407E+01	 2.22100E+01	 4.00703E+01	 3.80059E+01	 4.63830E+01	 4.74457E+01	 4.07470E+01	 1.89046E+01	 5.00000E+01
 6.29408E+01	 5.38125E+01	 2.52076E+01	 6.10326E+01	 2.22100E+01	 3.81241E+01	 3.80927E+01	 4.64308E+01	 4.74457E+01	 4.08427E+01	 1.68449E+01	 5.00000E+01
 6.29814E+01	 5.37573E+01	 2.52181E+01	 6.10521E+01	 2.22100E+01	 3.79773E+01	 3.81015E+01	 4.64489E+01	 4.74457E+01	 4.10361E+01	 1.74949E+01	 5.00000E+01
 6.29656E+01	 5.37888E+01	 2.45460E+01	 6.11005E+01	 2.22100E+01	 3.83899E+01	 3.80432E+01	 4.64615E+01	 4.74457E+01	 4.11308E+01	 1.73734E+01	 5.00000E+01
 6.29371E+01	 5.38129E+01	 2.46634E+01	 6.11318E+01	 2.22100E+01	 3.88034E+01	 3.80191E+01	 4.64415E+01	 4.74457E+01	 4.11097E+01	 1.75747E+01	 5.00000E+01
 6.31090E+01	 5.35682E+01	 2.43569E+01	 6.10713E+01	 2.22100E+01	 3.86770E+01	 3.79913E+01	 4.64471E+01	 4.74457E+01	 4.10988E+01	 1.76351E+01	 5.00000E+01
 6.30805E+01	 5.36738E+01	 2.43198E+01	 6.11601E+01	 2.22100E+01	 3.80888E+01	 3.79772E+01	 4.64300E+01	 4.74457E+01	 4.11443E+01	 1.87092E+01	 5.00000E+01
 6.29895E+01	 5.37822E+01	 2.44323E+01	 6.12302E+01	 2.22100E+01	 3.86151E+01	 3.79406E+01	 4.64283E+01	 4.74457E+01	 4.11069E+01	 1.92912E+01	 5.00000E+01
 6.30159E+01	 5.37167E+01	 2.53386E+01	 6.11593E+01	 2.22100E+01	 3.91860E+01	 3.79578E+01	 4.64015E+01	 4.74457E+01	 4.09989E+01	 1.97935E+01	 5.00000E+01
 6.30662E+01	 5.36892E+01	 2.51914E+01	 6.11636E+01	 2.22100E+01	 3.94132E+01	 3.79872E+01	 4.64135E+01	 4.74457E+01	 4.09553E+01	 2.02640E+01	 5.00000E+01
 6.30920E+01	 5.36531E+01	 2.45544E+01	 6.11777E+01	 2.22100E+01	 3.94773E+01	 3.80150E+01	 4.64196E+01	 4.74457E+01	 4.09612E+01	 1.97061E+01	 5.00000E+01
 6.31181E+01	 5.36261E+01	 2.43781E+01	 6.11947E+01	 2.22100E+01	 3.95980E+01	 3.80334E+01	 4.64108E+01	 4.74457E+01	 4.09606E+01	 1.91031E+01	 5.00000E+01
 6.30733E+01	 5.37059E+01	 2.43755E+01	 6.12667E+01	 2.22100E+01	 3.88490E+01	 3.80918E+01	 4.64247E+01	 4.74457E+01	 4.09956E+01	 1.83275E+01	 5.00000E+01
 6.30074E+01	 5.37505E+01	 2.43745E+01	 6.12264E+01	 2.22100E+01	 3.93156E+01	 3.80659E+01	 4.64337E+01	 4.74457E+01	 4.09947E+01	 1.88523E+01	 5.00000E+01
 6.29529E+01	 5.38064E+01	 2.45764E+01	 6.10426E+01	 2.22100E+01	 4.03249E+01	 3.80481E+01	 4.64399E+01	 4.74457E+01	 4.09804E+01	 1.92952E+01	 5.00000E+01
 6.29463E+01	 5.37969E+01	 2.50002E+01	 6.10357E+01	 2.22100E+01	 3.94252E+01	 3.80571E+01	 4.64449E+01	 4.74457E+01	 4.07525E+01	 1.62635E+01	 5.00000E+01
 6.29565E+01	 5.37698E+01	 2.52344E+01	 6.11049E+01	 2.22100E+01	 3.64567E+01	 3.81186E+01	 4.64693E+01	 4.74457E+01	 4.09109E+01	 1.39019E+01	 5.00000E+01
 6.29910E+01	 5.37251E+01	 2.51370E+01	 6.10874E+01	 2.22100E+01	 3.72282E+01	 3.80904E+01	 4.64738E+01	 4.74457E+01	 4.11139E+01	 1.41529E+01	 5.00000E+01
 6.29473E+01	 5.37825E+01	 2.47097E+01	 6.11167E+01	 2.22100E+01	 3.89889E+01	 3.80230E+01	 4.64692E+01	 4.74457E+01	 4.11409E+01	 1.44002E+01	 5.00000E+01
 6.28950E+01	 5.38094E+01	 2.41094E+01	 6.12058E+01	 2.22100E+01	 4.00830E+01	 3.79644E+01	 4.64602E+01	 4.74457E+01	 4.11312E+01	 1.45000E+01	 5.00000E+01
 6.29206E+01	 5.37534E+01	 2.50385E+01	 6.10442E+01	 2.22100E+01	 4.65734E+01	 3.77609E+01	 4.64231E+01	 4.74457E+01	 4.13101E+01	 2.17406E+01	 5.00000E+01
 6.28925E+01	 5.38208E+01	 2.49257E+01	 6.12226E+01	 2.22100E+01	 4.09445E+01	 3.79169E+01	 4.64030E+01	 4.74457E+01	 4.08318E+01	 1.68694E+01	 5.00000E+01
 6.28579E+01	 5.38841E+01	 2.48804E+01	 6.11191E+01	 2.22100E+01	 4.29853E+01	 3.78866E+01	 4.64097E+01	 4.74457E+01	 4.08678E+01	 1.99419E+01	 5.00000E+01
 6.28828E+01	 5.38487E+01	 2.51358E+01	 6.12688E+01	 2.22100E+01	 4.21201E+01	 3.79390E+01	 4.63838E+01	 4.74457E+01	 4.08188E+01	 1.94393E+01	 5.00000E+01
 6.29744E+01	 5.37392E+01	 2.49708E+01	 6.12347E+01	 2.22100E+01	 4.02338E+01	 3.80453E+01	 4.64155E+01	 4.74457E+01	 4.07054E+01	 1.69069E+01	 5.00000E+01
 6.30474E+01	 5.36622E+01	 2.48906E+01	 6.11664E+01	 2.22100E+01	 3.92378E+01	 3.81173E+01	 4.64301E+01	 4.74457E+01	 4.09838E+01	 1.63537E+01	 5.00000E+01
 6.30353E+01	 5.36992E+01	 2.50146E+01	 6.10409E+01	 2.22100E+01	 4.22519E+01	 3.79924E+01	 4.64338E+01	 4.74457E+01	 4.14343E+01	 2.04490E+01	 5.00000E+01
 6.29388E+01	 5.38348E+01	 2.54131E+01	 6.10306E+01	 2.22100E+01	 4.34127E+01	 3.78853E+01	 4.64246E+01	 4.74457E+01	 4.09628E+01	 2.07079E+01	 5.00000E+01
 6.28500E+01	 5.39231E+01	 2.47960E+01	 6.12709E+01	 2.22100E+01	 3.90470E+01	 3.79833E+01	 4.64227E+01	 4.74457E+01	 4.07474E+01	 1.78962E+01	 5.00000E+01
 6.30271E+01	 5.36851E+01	 2.45162E+01	 6.11402E+01	 2.22100E+01	 3.85702E+01	 3.80073E+01	 4.64269E+01	 4.74457E+01	 4.11880E+01	 1.98943E+01	 5.00000E+01
 6.30620E+01	 5.36686E+01	 2.48382E+01	 6.10680E+01	 2.22100E+01	 4.18953E+01	 3.78938E+01	 4.64292E+01	 4.74457E+01	 4.13261E+01	 2.36554E+01	 5.00000E+01
 6.30652E+01	 5.36715E+01	 2.49990E+01	 6.11091E+01	 2.22100E+01	 3.67333E+01	 3.80225E+01	 4.64216E+01	 4.74457E+01	 4.06361E+01	 1.71804E+01	 5.00000E+01
 6.29732E+01	 5.38244E+01	 2.45263E+01	 6.11325E+01	 2.22100E+01	 3.40555E+01	 3.81106E+01	 4.64378E+01	 4.74457E+01	 4.09002E+01	 1.69410E+01	 5.00000E+01
 6.29666E+01	 5.38025E+01	 2.36467E+01	 6.12459E+01	 2.22100E+01	 3.47702E+01	 3.81286E+01	 4.64527E+01	 4.74457E+01	 4.09664E+01	 1.46201E+01	 5.00000E+01
 6.29910E+01	 5.37621E+01	 2.36511E+01	 6.12125E+01	 2.22100E+01	 3.75848E+01	 3.80686E+01	 4.64688E+01	 4.74457E+01	 4.12181E+01	 1.60072E+01	 5.00000E+01
 6.29341E+01	 5.38043E+01	 2.37561E+01	 6.11275E+01	 2.22100E+01	 4.09238E+01	 3.79592E+01	 4.64428E+01	 4.74457E+01	 4.11636E+01	 1.64154E+01	 5.00000E+01
 6.30138E+01	 5.36680E+01	 2.41765E+01	 6.12595E+01	 2.22100E+01	 4.36338E+01	 3.78810E+01	 4.64300E+01	 4.74457E+01	 4.12732E+01	 2.02026E+01	 5.00000E+01
 6.30879E+01	 5.35914E+01	 2.45800E+01	 6.11643E+01	 2.22100E+01	 4.50520E+01	 3.78424E+01	 4.64027E+01	 4.74457E+01	 4.10595E+01	 2.06940E+01	 5.00000E+01
 6.29601E+01	 5.37917E+01	 2.37894E+01	 6.12005E+01	 2.22100E+01	 4.38563E+01	 3.78689E+01	 4.63831E+01	 4.74457E+01	 4.09310E+01	 2.20169E+01	 5.00000E+01
 6.29502E+01	 5.38137E+01	 2.38245E+01	 6.11961E+01	 2.22100E+01	 4.21858E+01	 3.79088E+01	 4.63915E+01	 4.74457E+01	 4.07825E+01	 2.28940E+01	 5.00000E+01
 6.29762E+01	 5.37821E+01	 2.38212E+01	 6.11634E+01	 2.22100E+01	 4.08423E+01	 3.79500E+01	 4.64000E+01	 4.74457E+01	 4.08320E+01	 2.32218E+01	 5.00000E+01
 6.30396E+01	 5.36892E+01	 2.45477E+01	 6.10335E+01	 2.22100E+01	 3.98910E+01	 3.79730E+01	 4.64021E+01	 4.74457E+01	 4.09018E+01	 2.30515E+01	 5.00000E+01
 6.30221E+01	 5.37343E+01	 2.38901E+01	 6.12979E+01	 2.22100E+01	 3.94776E+01	 3.79996E+01	 4.64187E+01	 4.74457E+01	 4.09802E+01	 2.32906E+01	 5.00000E+01
 6.29801E+01	 5.37852E+01	 2.37269E+01	 6.12526E+01	 2.22100E+01	 3.90388E+01	 3.80273E+01	 4.64097E+01	 4.74457E+01	 4.08560E+01	 2.28061E+01	 5.00000E+01
