1.200793E+01
7.947590E+00
4.808874E+00
2.663707E-01
1.788545E+01
6.221948E+00
1.389399E+02
1.359964E+02
2.527279E+00
6.302677E+01
4.171500E+01
2.524063E+01
1.483936E-01
1.060522E+01
3.689318E+00
5.238938E+01
4.109390E+01
6.497630E-01
4.264490E-01
7.913498E-03
8.968619E-01
9.343096E-03
5.059276E-01
1.704072E-01
4.838490E+01
3.947189E+01
3.827077E-01
1.138684E+02
5.240725E+01
6.625014E+01
2.122190E+01
5.823313E+01
1.466261E+01
1.764346E+01
8.485080E+00
1.136134E+00
1.003350E+02
9.230451E+01
6.294933E+01
5.313774E+01
2.633335E+01
6.058259E+01
1.000000E+00
2.591388E+01
3.722839E+01
4.644253E+01
1.000000E+00
3.718465E+01
1.230713E+01
6.912972E+01
0
0
