   9.8095710000000000e+00
   1.5868389999999998e+01
   3.2445089999999999e+00
   7.2283779999999997e-01
   5.0347780000000002e+00
   2.3280560000000001e+00
   2.9088159999999999e+02
   3.3314689999999999e+01
   2.6192330000000004e+00
   5.5967510000000004e+01
   9.0535479999999993e+01
   1.8511220000000002e+01
   4.7170410000000002e-01
   3.4997830000000003e+00
   1.6182820000000000e+00
   1.0674400000000000e+02
   9.3204229999999999e+00
   6.2815660000000006e-01
   4.5909410000000000e-01
   8.5192839999999985e-03
   9.6551750000000003e-01
   2.7471730000000000e-02
   1.5455980000000000e-01
   6.9201729999999989e-02
   8.7273820000000001e+01
   7.9107850000000006e+00
   3.6401830000000002e-01
   9.4562250000000006e+01
   8.9054810000000003e+01
   5.7686529999999998e+01
   4.0698290000000000e+01
   1.2378590000000001e+01
   4.1490130000000001e+00
   2.1376360000000002e+01
   1.1150209999999998e+00
   6.3328430000000002e-01
   1.0187990000000001e+02
   4.4987650000000002e+01
   8.9129640000000009e+01
   8.3809660000000008e+00
   1.9113599999999998e+01
   5.1367690000000003e+01
   7.7620710000000003e+01
   9.5007669999999997e+00
   2.9145710000000001e+01
   3.9425350000000002e+01
   1.0000000000000000e+00
   3.5549720000000001e+01
   9.9000000000000000e+01
   1.0000000000000000e+02
   0.0000000000000000e+00
   0.0000000000000000e+00
