   1.3233469999999999e+01
   5.1396760000000006e+00
   5.0699009999999998e+00
   1.7768470000000000e-01
   1.6162530000000000e+01
   5.9948169999999994e+00
   1.3075090000000000e+02
   1.4088350000000000e+02
   2.6109840000000002e+00
   8.2481300000000005e+01
   3.2034460000000003e+01
   3.1599570000000000e+01
   1.4751950000000000e-01
   1.4467120000000000e+01
   5.3659739999999996e+00
   5.0948500000000003e+01
   4.0561480000000003e+01
   5.2639670000000005e-01
   4.3205430000000000e-01
   8.0175119999999992e-03
   9.0865020000000007e-01
   1.4805170000000001e-02
   1.1106380000000000e+00
   3.9923169999999997e-01
   4.8884129999999999e+01
   3.9879159999999999e+01
   2.9567669999999996e-01
   1.3748890000000000e+02
   3.3148539999999997e+01
   8.4434120000000007e+01
   3.0030259999999998e+01
   6.4232789999999994e+01
   1.4647430000000002e+01
   9.3494729999999997e+00
   4.3383849999999997e+00
   8.9770859999999997e-01
   9.6627259999999993e+01
   7.3523219999999995e+01
   1.0000000000000000e+02
   8.6715080000000000e+01
   4.9476500000000001e+01
   9.6594520000000003e+01
   1.0000000000000000e+00
   4.8742080000000001e+01
   6.0959500000000006e+01
   7.4522289999999998e+01
   1.0000050000000000e+00
   6.0793499999999995e+01
   3.5533500000000004e+01
   1.0000000000000000e+02
   0.0000000000000000e+00
   0.0000000000000000e+00
