   1.3321940000000001e+01
   4.1613210000000000e+00
   5.2892690000000000e+00
   3.5283780000000001e-02
   2.3313099999999999e+01
   7.5715779999999997e+00
   2.4728520000000000e+01
   2.2027950000000001e+02
   2.4881169999999999e+00
   7.1089149999999989e+01
   2.2205829999999999e+01
   2.8224830000000001e+01
   2.0846540000000000e-02
   1.4886700000000001e+01
   4.8348690000000003e+00
   9.9061550000000000e+00
   7.0248649999999998e+01
   6.0498779999999996e-01
   3.9814369999999999e-01
   7.3882440000000004e-03
   8.3733320000000011e-01
   1.5638819999999999e-03
   8.4794330000000007e-01
   2.6669589999999999e-01
   9.7552070000000004e+00
   7.1623750000000001e+01
   3.5915339999999996e-01
   1.2414390000000000e+02
   2.8014820000000000e+01
   6.9739020000000011e+01
   4.4288019999999992e+00
   9.2905140000000003e+01
   1.9986789999999999e+01
   3.3384330000000002e+00
   1.4407909999999999e+01
   1.2934510000000001e+00
   1.0845719999999999e+02
   8.9825560000000010e+01
   1.3098279999999999e+01
   1.0000000000000000e+02
   3.2009279999999997e+01
   5.8155320000000003e+01
   1.0004040000000001e+00
   4.7095370000000003e+01
   3.7422400000000003e+01
   4.4491270000000000e+01
   1.0000770000000001e+00
   2.6070309999999999e+01
   1.4115240000000000e+01
   1.0000000000000000e+02
   0.0000000000000000e+00
   0.0000000000000000e+00
