   9.8651710000000001e+00
   1.5315190000000001e+01
   3.3657599999999999e+00
   6.7340699999999998e-01
   5.0227349999999999e+00
   2.3945129999999999e+00
   2.8934109999999998e+02
   3.3577660000000002e+01
   2.6372990000000001e+00
   5.7791420000000002e+01
   8.9718299999999999e+01
   1.9717049999999997e+01
   4.6735499999999996e-01
   3.7207720000000002e+00
   1.7738220000000000e+00
   1.0685620000000000e+02
   9.3467899999999986e+00
   6.1055000000000004e-01
   4.5997629999999995e-01
   8.5356539999999984e-03
   9.6737289999999998e-01
   2.8473850000000002e-02
   1.7204250000000001e-01
   7.9424880000000003e-02
   8.7438580000000002e+01
   7.9257200000000001e+00
   3.5396960000000000e-01
   9.7472050000000010e+01
   8.5600330000000014e+01
   6.1106189999999998e+01
   4.3010650000000005e+01
   1.2714889999999999e+01
   4.3157920000000001e+00
   1.9740610000000000e+01
   1.0238160000000001e+00
   6.0783889999999996e-01
   1.0063170000000000e+02
   4.5700539999999997e+01
   1.0000000000000000e+02
   9.4380439999999997e+00
   2.1542650000000002e+01
   5.7640039999999999e+01
   7.1165759999999992e+01
   1.0653889999999999e+01
   3.2684500000000000e+01
   4.4250860000000003e+01
   1.0000000000000000e+00
   4.0538249999999998e+01
   9.9000000000000000e+01
   1.0000000000000000e+02
   0.0000000000000000e+00
   0.0000000000000000e+00
