   1.3421110000000001e+01
   4.3109320000000002e+00
   5.3595870000000003e+00
   3.5494120000000004e-02
   2.2926959999999998e+01
   7.5534339999999993e+00
   2.5046889999999998e+01
   2.2086369999999999e+02
   2.4836680000000002e+00
   7.0690800000000010e+01
   2.2706260000000000e+01
   2.8229660000000003e+01
   2.0345619999999998e-02
   1.4173010000000000e+01
   4.6693899999999999e+00
   1.0002469999999999e+01
   7.0813289999999995e+01
   6.1472850000000001e-01
   3.9776790000000001e-01
   7.3812690000000002e-03
   8.3654279999999992e-01
   1.4472529999999999e-03
   7.6484630000000009e-01
   2.4400539999999998e-01
   9.7473589999999994e+00
   7.1566140000000004e+01
   3.6720120000000001e-01
   1.2361659999999999e+02
   2.9054889999999997e+01
   6.8984750000000005e+01
   4.2771600000000003e+00
   9.0418099999999995e+01
   1.9866040000000002e+01
   3.5274510000000001e+00
   1.5255770000000000e+01
   1.2976379999999998e+00
   1.0856010000000001e+02
   9.1561630000000008e+01
   1.2637040000000002e+01
   9.6216390000000004e+01
   3.0411669999999997e+01
   5.6091699999999996e+01
   1.0000000000000000e+00
   4.4347490000000001e+01
   3.5798650000000002e+01
   4.2864570000000001e+01
   1.0000000000000000e+00
   2.5256760000000000e+01
   1.2906879999999997e+01
   1.0000000000000000e+02
   0.0000000000000000e+00
   0.0000000000000000e+00
