 6.30525E+01	 5.39795E+01	 2.46436E+01	 6.13019E+01	 2.22100E+01	 4.00637E+01	 3.81003E+01	 4.65342E+01	 4.74457E+01	 4.11058E+01	 1.81135E+01	 5.00000E+01
 6.28988E+01	 5.38180E+01	 2.47460E+01	 6.11748E+01	 2.22100E+01	 3.98723E+01	 3.80527E+01	 4.64725E+01	 4.74457E+01	 4.09918E+01	 1.76883E+01	 5.00000E+01
 6.28093E+01	 5.37835E+01	 2.49528E+01	 6.11873E+01	 2.22100E+01	 3.94096E+01	 3.80389E+01	 4.64554E+01	 4.74457E+01	 4.09929E+01	 1.78881E+01	 5.00000E+01
 6.27677E+01	 5.37941E+01	 2.51011E+01	 6.10800E+01	 2.22100E+01	 3.93265E+01	 3.80381E+01	 4.64358E+01	 4.74457E+01	 4.09560E+01	 1.73808E+01	 5.00000E+01
 6.29096E+01	 5.35631E+01	 2.47833E+01	 6.12402E+01	 2.22100E+01	 3.93749E+01	 3.80160E+01	 4.64337E+01	 4.74457E+01	 4.10695E+01	 1.76394E+01	 5.00000E+01
 6.29385E+01	 5.35593E+01	 2.52913E+01	 6.11315E+01	 2.22100E+01	 3.93487E+01	 3.79920E+01	 4.64453E+01	 4.74457E+01	 4.10564E+01	 1.76912E+01	 5.00000E+01
 6.29449E+01	 5.35630E+01	 2.47035E+01	 6.11592E+01	 2.22100E+01	 3.88524E+01	 3.79835E+01	 4.64297E+01	 4.74457E+01	 4.10509E+01	 1.76713E+01	 5.00000E+01
 6.29376E+01	 5.36475E+01	 2.48424E+01	 7.60905E+01	 2.22100E+01	 2.05191E+01	 3.79657E+01	 4.65740E+01	 4.74457E+01	 4.07743E+01	 1.85042E+01	 5.00000E+01
 6.29201E+01	 5.36100E+01	 2.51133E+01	 7.66468E+01	 2.22100E+01	 1.39142E+01	 3.80115E+01	 4.65279E+01	 4.74457E+01	 4.12770E+01	 1.81623E+01	 5.00000E+01
 6.29160E+01	 5.35726E+01	 2.44695E+01	 7.67517E+01	 2.22100E+01	 1.86562E+01	 3.80565E+01	 4.64619E+01	 4.74457E+01	 4.13304E+01	 1.80291E+01	 5.00000E+01
 6.28179E+01	 5.37220E+01	 2.40724E+01	 7.67475E+01	 2.22100E+01	 2.76250E+01	 3.80757E+01	 4.64323E+01	 4.74457E+01	 4.12175E+01	 1.81743E+01	 5.00000E+01
 6.28343E+01	 5.36949E+01	 2.40000E+01	 7.65895E+01	 2.22100E+01	 3.70128E+01	 3.80935E+01	 4.64213E+01	 4.74457E+01	 4.10245E+01	 1.79812E+01	 5.00000E+01
 6.28607E+01	 5.36538E+01	 2.46099E+01	 7.64781E+01	 2.22100E+01	 4.37514E+01	 3.81115E+01	 4.64204E+01	 4.74457E+01	 4.08867E+01	 1.79357E+01	 5.00000E+01
 6.27608E+01	 5.37729E+01	 2.44490E+01	 7.65390E+01	 2.22100E+01	 4.74040E+01	 3.80923E+01	 4.64205E+01	 4.74457E+01	 4.07630E+01	 1.79159E+01	 5.00000E+01
 6.27819E+01	 5.37411E+01	 2.45025E+01	 7.66469E+01	 2.22100E+01	 4.89255E+01	 3.80803E+01	 4.64353E+01	 4.74457E+01	 4.07319E+01	 1.82902E+01	 5.00000E+01
 6.28184E+01	 5.36980E+01	 2.41879E+01	 7.65131E+01	 2.22100E+01	 4.92715E+01	 3.80523E+01	 4.64430E+01	 4.74457E+01	 4.08119E+01	 1.79011E+01	 5.00000E+01
 6.28509E+01	 5.36622E+01	 2.41363E+01	 7.65737E+01	 2.22100E+01	 4.81197E+01	 3.80173E+01	 4.64429E+01	 4.74457E+01	 4.08488E+01	 1.76532E+01	 5.00000E+01
 6.28814E+01	 5.36114E+01	 2.39275E+01	 7.65437E+01	 2.22100E+01	 4.64446E+01	 3.79500E+01	 4.64286E+01	 4.74457E+01	 4.08738E+01	 1.75713E+01	 5.00000E+01
 6.29006E+01	 5.35918E+01	 2.44251E+01	 7.65366E+01	 2.22100E+01	 4.46426E+01	 3.79276E+01	 4.64212E+01	 4.74457E+01	 4.09316E+01	 1.77168E+01	 5.00000E+01
 6.29145E+01	 5.35847E+01	 2.44478E+01	 7.65984E+01	 2.22100E+01	 4.31143E+01	 3.79088E+01	 4.64168E+01	 4.74457E+01	 4.09703E+01	 1.78795E+01	 5.00000E+01
 6.29109E+01	 5.35943E+01	 2.44247E+01	 7.65228E+01	 2.22100E+01	 4.23830E+01	 3.79060E+01	 4.64111E+01	 4.74457E+01	 4.10036E+01	 1.74286E+01	 5.00000E+01
 6.28999E+01	 5.36176E+01	 2.39551E+01	 7.65363E+01	 2.22100E+01	 4.21792E+01	 3.78784E+01	 4.64072E+01	 4.74457E+01	 4.09980E+01	 1.75865E+01	 5.00000E+01
 6.30206E+01	 5.34735E+01	 2.43681E+01	 7.65791E+01	 2.22100E+01	 4.21800E+01	 3.78516E+01	 4.64111E+01	 4.74457E+01	 4.10381E+01	 1.74864E+01	 5.00000E+01
 6.29179E+01	 5.36257E+01	 2.41992E+01	 7.65988E+01	 2.22100E+01	 4.23579E+01	 3.78423E+01	 4.63887E+01	 4.74457E+01	 4.10360E+01	 1.78066E+01	 5.00000E+01
 6.28070E+01	 5.37504E+01	 2.41497E+01	 7.65760E+01	 2.22100E+01	 4.31101E+01	 3.78482E+01	 4.63860E+01	 4.74457E+01	 4.09287E+01	 1.69909E+01	 5.00000E+01
 6.27291E+01	 5.38302E+01	 2.43764E+01	 7.65556E+01	 2.22100E+01	 4.43412E+01	 3.78461E+01	 4.63740E+01	 4.74457E+01	 4.09148E+01	 1.79370E+01	 5.00000E+01
 6.27343E+01	 5.38025E+01	 2.38944E+01	 7.64851E+01	 2.22100E+01	 4.54863E+01	 3.78348E+01	 4.63724E+01	 4.74457E+01	 4.08829E+01	 1.73144E+01	 5.00000E+01
 6.27537E+01	 5.37824E+01	 2.44376E+01	 7.65328E+01	 2.22100E+01	 4.62620E+01	 3.78356E+01	 4.63742E+01	 4.74457E+01	 4.09220E+01	 1.76571E+01	 5.00000E+01
 6.28432E+01	 5.36676E+01	 2.43835E+01	 7.65238E+01	 2.22100E+01	 4.66847E+01	 3.78136E+01	 4.63643E+01	 4.74457E+01	 4.09255E+01	 1.76858E+01	 5.00000E+01
 6.28644E+01	 5.36847E+01	 2.40816E+01	 7.65292E+01	 2.22100E+01	 4.65165E+01	 3.78298E+01	 4.63557E+01	 4.74457E+01	 4.09358E+01	 1.72078E+01	 5.00000E+01
 6.28595E+01	 5.36991E+01	 2.46932E+01	 7.63962E+01	 2.22100E+01	 4.55577E+01	 3.78189E+01	 4.63489E+01	 4.74457E+01	 4.08862E+01	 1.80326E+01	 5.00000E+01
 6.29869E+01	 5.35328E+01	 2.44673E+01	 7.65800E+01	 2.22100E+01	 4.43088E+01	 3.78152E+01	 4.63443E+01	 4.74457E+01	 4.09919E+01	 1.72798E+01	 5.00000E+01
 6.30042E+01	 5.35638E+01	 2.48754E+01	 7.64006E+01	 2.22100E+01	 4.32347E+01	 3.78125E+01	 4.63321E+01	 4.74457E+01	 4.09457E+01	 1.72282E+01	 5.00000E+01
 6.30077E+01	 5.35941E+01	 2.54139E+01	 7.64670E+01	 2.22100E+01	 4.20717E+01	 3.78208E+01	 4.63472E+01	 4.74457E+01	 4.10608E+01	 1.81977E+01	 5.00000E+01
 6.29680E+01	 5.36426E+01	 2.53846E+01	 7.64691E+01	 2.22100E+01	 4.14061E+01	 3.78211E+01	 4.63514E+01	 4.74457E+01	 4.09929E+01	 1.78259E+01	 5.00000E+01
 6.29287E+01	 5.36909E+01	 2.54419E+01	 7.65052E+01	 2.22100E+01	 4.12569E+01	 3.78129E+01	 4.63407E+01	 4.74457E+01	 4.10119E+01	 1.77285E+01	 5.00000E+01
 6.28862E+01	 5.37263E+01	 2.51412E+01	 7.65890E+01	 2.22100E+01	 4.19746E+01	 3.78200E+01	 4.63250E+01	 4.74457E+01	 4.10530E+01	 1.77162E+01	 5.00000E+01
 6.30201E+01	 5.35699E+01	 2.53588E+01	 7.64670E+01	 2.22100E+01	 4.28370E+01	 3.78241E+01	 4.63251E+01	 4.74457E+01	 4.10814E+01	 1.73201E+01	 5.00000E+01
 6.29772E+01	 5.36569E+01	 2.55146E+01	 7.63833E+01	 2.22100E+01	 4.28842E+01	 3.78093E+01	 4.63260E+01	 4.74457E+01	 4.10406E+01	 1.75634E+01	 5.00000E+01
 6.29143E+01	 5.37393E+01	 2.49364E+01	 7.66243E+01	 2.22100E+01	 4.23313E+01	 3.78315E+01	 4.63211E+01	 4.74457E+01	 4.10168E+01	 1.77787E+01	 5.00000E+01
 6.28704E+01	 5.37785E+01	 2.50738E+01	 7.63568E+01	 2.22100E+01	 4.25222E+01	 3.78394E+01	 4.63232E+01	 4.74457E+01	 4.09801E+01	 1.72669E+01	 5.00000E+01
 6.29223E+01	 5.36837E+01	 2.48546E+01	 7.65797E+01	 2.22100E+01	 4.25436E+01	 3.78133E+01	 4.63036E+01	 4.74457E+01	 4.09954E+01	 1.73605E+01	 5.00000E+01
 6.29849E+01	 5.36297E+01	 2.47057E+01	 7.65039E+01	 2.22100E+01	 4.26905E+01	 3.78162E+01	 4.63081E+01	 4.74457E+01	 4.10904E+01	 1.75154E+01	 5.00000E+01
 6.29677E+01	 5.36740E+01	 2.42717E+01	 7.66365E+01	 2.22100E+01	 4.24216E+01	 3.77799E+01	 4.62990E+01	 4.74457E+01	 4.10184E+01	 1.73136E+01	 5.00000E+01
 6.30422E+01	 5.35860E+01	 2.46654E+01	 7.64994E+01	 2.22100E+01	 4.19381E+01	 3.77856E+01	 4.63000E+01	 4.74457E+01	 4.10888E+01	 1.77147E+01	 5.00000E+01
 6.31052E+01	 5.35181E+01	 2.40826E+01	 7.66513E+01	 2.22100E+01	 4.13089E+01	 3.78015E+01	 4.62865E+01	 4.74457E+01	 4.10911E+01	 1.80240E+01	 5.00000E+01
 6.29750E+01	 5.37105E+01	 2.44262E+01	 7.66197E+01	 2.22100E+01	 4.08161E+01	 3.77862E+01	 4.62914E+01	 4.74457E+01	 4.10544E+01	 1.72901E+01	 5.00000E+01
 6.29838E+01	 5.36609E+01	 2.47372E+01	 7.65769E+01	 2.22100E+01	 4.10348E+01	 3.78003E+01	 4.62938E+01	 4.74457E+01	 4.10807E+01	 1.75492E+01	 5.00000E+01
 6.30303E+01	 5.36155E+01	 2.41380E+01	 7.65613E+01	 2.22100E+01	 4.17196E+01	 3.77897E+01	 4.62945E+01	 4.74457E+01	 4.10898E+01	 1.76228E+01	 5.00000E+01
 6.30174E+01	 5.36503E+01	 2.38633E+01	 7.66220E+01	 2.22100E+01	 4.21380E+01	 3.77953E+01	 4.63006E+01	 4.74457E+01	 4.11028E+01	 1.75002E+01	 5.00000E+01
 6.30263E+01	 5.36372E+01	 2.43214E+01	 7.65088E+01	 2.22100E+01	 4.26866E+01	 3.77757E+01	 4.63015E+01	 4.74457E+01	 4.10850E+01	 1.74613E+01	 5.00000E+01
 6.30259E+01	 5.36152E+01	 2.46732E+01	 7.65065E+01	 2.22100E+01	 4.26587E+01	 3.77552E+01	 4.62944E+01	 4.74457E+01	 4.10662E+01	 1.77127E+01	 5.00000E+01
 6.30283E+01	 5.36419E+01	 2.43421E+01	 7.64110E+01	 2.22100E+01	 4.20897E+01	 3.77671E+01	 4.62967E+01	 4.74457E+01	 4.10192E+01	 1.74482E+01	 5.00000E+01
 6.30537E+01	 5.36034E+01	 2.45528E+01	 7.63851E+01	 2.22100E+01	 4.11314E+01	 3.77735E+01	 4.63036E+01	 4.74457E+01	 4.10474E+01	 1.77630E+01	 5.00000E+01
 6.30761E+01	 5.35865E+01	 2.42452E+01	 7.64592E+01	 2.22100E+01	 4.01529E+01	 3.77785E+01	 4.63002E+01	 4.74457E+01	 4.11048E+01	 1.76025E+01	 5.00000E+01
 6.29852E+01	 5.37030E+01	 2.43911E+01	 7.63846E+01	 2.22100E+01	 3.95375E+01	 3.77910E+01	 4.62917E+01	 4.74457E+01	 4.10868E+01	 1.74491E+01	 5.00000E+01
 6.30244E+01	 5.36529E+01	 2.46361E+01	 7.63907E+01	 2.22100E+01	 3.91774E+01	 3.77755E+01	 4.63172E+01	 4.74457E+01	 4.10401E+01	 1.73972E+01	 5.00000E+01
 6.30657E+01	 5.36050E+01	 2.52056E+01	 7.63006E+01	 2.22100E+01	 3.90433E+01	 3.77718E+01	 4.62968E+01	 4.74457E+01	 4.10254E+01	 1.80246E+01	 5.00000E+01
 6.31406E+01	 5.35330E+01	 2.48492E+01	 7.62952E+01	 2.22100E+01	 3.85935E+01	 3.77879E+01	 4.62952E+01	 4.74457E+01	 4.10563E+01	 1.69653E+01	 5.00000E+01
 6.30580E+01	 5.37068E+01	 2.44959E+01	 7.63713E+01	 2.22100E+01	 3.81161E+01	 3.77914E+01	 4.63118E+01	 4.74457E+01	 4.11114E+01	 1.73845E+01	 5.00000E+01
 6.29277E+01	 5.38149E+01	 2.47036E+01	 7.64314E+01	 2.22100E+01	 3.82083E+01	 3.77886E+01	 4.63112E+01	 4.74457E+01	 4.10452E+01	 1.76704E+01	 5.00000E+01
 6.29710E+01	 5.37486E+01	 2.56394E+01	 7.63931E+01	 2.22100E+01	 3.90932E+01	 3.78334E+01	 4.63017E+01	 4.74457E+01	 4.10650E+01	 1.74993E+01	 5.00000E+01
 6.29966E+01	 5.37073E+01	 2.54933E+01	 7.63572E+01	 2.22100E+01	 4.03443E+01	 3.78350E+01	 4.63021E+01	 4.74457E+01	 4.11133E+01	 1.74675E+01	 5.00000E+01
 6.30286E+01	 5.37031E+01	 2.57762E+01	 7.63750E+01	 2.22100E+01	 4.08614E+01	 3.78219E+01	 4.63117E+01	 4.74457E+01	 4.10897E+01	 1.77138E+01	 5.00000E+01
 6.29834E+01	 5.37764E+01	 2.54482E+01	 7.62942E+01	 2.22100E+01	 4.02981E+01	 3.78418E+01	 4.63186E+01	 4.74457E+01	 4.10231E+01	 1.74855E+01	 5.00000E+01
 6.30146E+01	 5.37129E+01	 2.54880E+01	 7.64100E+01	 2.22100E+01	 3.96853E+01	 3.78319E+01	 4.63200E+01	 4.74457E+01	 4.10763E+01	 1.74182E+01	 5.00000E+01
 6.30417E+01	 5.36674E+01	 2.55887E+01	 7.61653E+01	 2.22100E+01	 3.90986E+01	 3.78391E+01	 4.63043E+01	 4.74457E+01	 4.10745E+01	 1.75242E+01	 5.00000E+01
 6.30565E+01	 5.36674E+01	 2.51252E+01	 7.64366E+01	 2.22100E+01	 3.82984E+01	 3.78464E+01	 4.63225E+01	 4.74457E+01	 4.11166E+01	 1.76587E+01	 5.00000E+01
 6.30529E+01	 5.36780E+01	 2.51054E+01	 7.62059E+01	 2.22100E+01	 3.77376E+01	 3.78398E+01	 4.63200E+01	 4.74457E+01	 4.11100E+01	 1.77682E+01	 5.00000E+01
 6.30600E+01	 5.36752E+01	 2.50419E+01	 7.63381E+01	 2.22100E+01	 3.66912E+01	 3.78324E+01	 4.63262E+01	 4.74457E+01	 4.11101E+01	 1.77684E+01	 5.00000E+01
 6.30513E+01	 5.36871E+01	 2.55366E+01	 7.63454E+01	 2.22100E+01	 3.61580E+01	 3.78468E+01	 4.63360E+01	 4.74457E+01	 4.11212E+01	 1.76296E+01	 5.00000E+01
 6.30192E+01	 5.37361E+01	 2.53896E+01	 7.63319E+01	 2.22100E+01	 3.63460E+01	 3.78608E+01	 4.63328E+01	 4.74457E+01	 4.11620E+01	 1.73886E+01	 5.00000E+01
 6.29834E+01	 5.37568E+01	 2.52922E+01	 7.62430E+01	 2.22100E+01	 3.66572E+01	 3.78587E+01	 4.63383E+01	 4.74457E+01	 4.10871E+01	 1.79803E+01	 5.00000E+01
 6.30168E+01	 5.37190E+01	 2.56089E+01	 7.62419E+01	 2.22100E+01	 3.66405E+01	 3.78819E+01	 4.63400E+01	 4.74457E+01	 4.11145E+01	 1.75619E+01	 5.00000E+01
 6.30084E+01	 5.37266E+01	 2.55235E+01	 7.63766E+01	 2.22100E+01	 3.67780E+01	 3.78905E+01	 4.63337E+01	 4.74457E+01	 4.11176E+01	 1.79649E+01	 5.00000E+01
 6.29960E+01	 5.37508E+01	 2.49347E+01	 7.63170E+01	 2.22100E+01	 3.71263E+01	 3.78809E+01	 4.63480E+01	 4.74457E+01	 4.11212E+01	 1.79181E+01	 5.00000E+01
 6.30098E+01	 5.37099E+01	 2.44472E+01	 7.64859E+01	 2.22100E+01	 3.76452E+01	 3.78818E+01	 4.63391E+01	 4.74457E+01	 4.11493E+01	 1.76286E+01	 5.00000E+01
 6.29344E+01	 5.38222E+01	 2.44883E+01	 7.63878E+01	 2.22100E+01	 3.81849E+01	 3.78823E+01	 4.63389E+01	 4.74457E+01	 4.10933E+01	 1.71587E+01	 5.00000E+01
 6.28595E+01	 5.39068E+01	 2.50515E+01	 7.62655E+01	 2.22100E+01	 3.87625E+01	 3.78992E+01	 4.63629E+01	 4.74457E+01	 4.09918E+01	 1.79662E+01	 5.00000E+01
 6.29499E+01	 5.37671E+01	 2.47011E+01	 7.64407E+01	 2.22100E+01	 3.86733E+01	 3.78742E+01	 4.63618E+01	 4.74457E+01	 4.10701E+01	 1.74924E+01	 5.00000E+01
 6.29237E+01	 5.37919E+01	 2.48163E+01	 7.63599E+01	 2.22100E+01	 3.88945E+01	 3.78636E+01	 4.63632E+01	 4.74457E+01	 4.10682E+01	 1.75493E+01	 5.00000E+01
 6.28844E+01	 5.38489E+01	 2.49624E+01	 7.62675E+01	 2.22100E+01	 3.87113E+01	 3.78884E+01	 4.63491E+01	 4.74457E+01	 4.10302E+01	 1.81152E+01	 5.00000E+01
 6.28199E+01	 5.39410E+01	 2.48432E+01	 7.62288E+01	 2.22100E+01	 3.81102E+01	 3.78946E+01	 4.63727E+01	 4.74457E+01	 4.09783E+01	 1.78411E+01	 5.00000E+01
 6.27692E+01	 5.39822E+01	 2.40442E+01	 7.64058E+01	 2.22100E+01	 3.74826E+01	 3.79101E+01	 4.63721E+01	 4.74457E+01	 4.09727E+01	 1.77026E+01	 5.00000E+01
 6.27396E+01	 5.39985E+01	 2.39454E+01	 7.64580E+01	 2.22100E+01	 3.80609E+01	 3.78896E+01	 4.63806E+01	 4.74457E+01	 4.10136E+01	 1.75908E+01	 5.00000E+01
 6.28382E+01	 5.38326E+01	 2.41793E+01	 7.62488E+01	 2.22100E+01	 3.85877E+01	 3.78901E+01	 4.63639E+01	 4.74457E+01	 4.09603E+01	 1.78044E+01	 5.00000E+01
 6.28592E+01	 5.38330E+01	 2.46175E+01	 7.62729E+01	 2.22100E+01	 3.79671E+01	 3.78891E+01	 4.63727E+01	 4.74457E+01	 4.09817E+01	 1.74550E+01	 5.00000E+01
 6.28497E+01	 5.38565E+01	 2.45785E+01	 7.62820E+01	 2.22100E+01	 3.72971E+01	 3.79144E+01	 4.63706E+01	 4.74457E+01	 4.09640E+01	 1.78309E+01	 5.00000E+01
 6.29127E+01	 5.37851E+01	 2.40615E+01	 7.62990E+01	 2.22100E+01	 3.69376E+01	 3.79146E+01	 4.63720E+01	 4.74457E+01	 4.10043E+01	 1.76304E+01	 5.00000E+01
 6.29649E+01	 5.37392E+01	 2.41582E+01	 7.64432E+01	 2.22100E+01	 3.66109E+01	 3.79156E+01	 4.63898E+01	 4.74457E+01	 4.10167E+01	 1.71076E+01	 5.00000E+01
 6.29939E+01	 5.37078E+01	 2.48949E+01	 7.62380E+01	 2.22100E+01	 3.69435E+01	 3.79436E+01	 4.63726E+01	 4.74457E+01	 4.10824E+01	 1.76059E+01	 5.00000E+01
 6.30672E+01	 5.36208E+01	 2.40664E+01	 7.64003E+01	 2.22100E+01	 3.71565E+01	 3.79350E+01	 4.63801E+01	 4.74457E+01	 4.10949E+01	 1.74325E+01	 5.00000E+01
 6.30144E+01	 5.37042E+01	 2.40825E+01	 7.63019E+01	 2.22100E+01	 3.68651E+01	 3.79594E+01	 4.63952E+01	 4.74457E+01	 4.09968E+01	 1.78556E+01	 5.00000E+01
 6.29692E+01	 5.37667E+01	 2.40192E+01	 7.63905E+01	 2.22100E+01	 3.65678E+01	 3.79545E+01	 4.63981E+01	 4.74457E+01	 4.10205E+01	 1.76449E+01	 5.00000E+01
 6.28659E+01	 5.38828E+01	 2.39213E+01	 7.65216E+01	 2.22100E+01	 3.72191E+01	 3.79701E+01	 4.64109E+01	 4.74457E+01	 4.10156E+01	 1.78430E+01	 5.00000E+01
 6.29012E+01	 5.37754E+01	 2.36324E+01	 7.64622E+01	 2.22100E+01	 3.89339E+01	 3.79615E+01	 4.64003E+01	 4.74457E+01	 4.09709E+01	 1.80096E+01	 5.00000E+01
 6.29759E+01	 5.36935E+01	 2.36830E+01	 7.64460E+01	 2.22100E+01	 4.00884E+01	 3.79558E+01	 4.64105E+01	 4.74457E+01	 4.09980E+01	 1.81176E+01	 5.00000E+01
 6.29512E+01	 5.37451E+01	 2.30830E+01	 7.65072E+01	 2.22100E+01	 4.04714E+01	 3.79843E+01	 4.64138E+01	 4.74457E+01	 4.09697E+01	 1.77414E+01	 5.00000E+01
 6.29436E+01	 5.37312E+01	 2.39730E+01	 7.62650E+01	 2.22100E+01	 4.06054E+01	 3.79545E+01	 4.64020E+01	 4.74457E+01	 4.09006E+01	 1.78970E+01	 5.00000E+01
 6.29650E+01	 5.37163E+01	 2.32743E+01	 7.65125E+01	 2.22100E+01	 3.98249E+01	 3.79565E+01	 4.64274E+01	 4.74457E+01	 4.09231E+01	 1.79381E+01	 5.00000E+01
 6.28339E+01	 5.38883E+01	 2.36958E+01	 7.62283E+01	 2.22100E+01	 3.93234E+01	 3.79706E+01	 4.64267E+01	 4.74457E+01	 4.08768E+01	 1.78103E+01	 5.00000E+01
 6.28215E+01	 5.38764E+01	 2.36333E+01	 7.65162E+01	 2.22100E+01	 3.88245E+01	 3.79983E+01	 4.64289E+01	 4.74457E+01	 4.09091E+01	 1.77083E+01	 5.00000E+01
 6.28189E+01	 5.38583E+01	 2.34997E+01	 7.63684E+01	 2.22100E+01	 3.97321E+01	 3.79762E+01	 4.64275E+01	 4.74457E+01	 4.09131E+01	 1.77473E+01	 5.00000E+01
 6.28985E+01	 5.37566E+01	 2.36544E+01	 7.63586E+01	 2.22100E+01	 4.04717E+01	 3.79691E+01	 4.64208E+01	 4.74457E+01	 4.09533E+01	 1.80174E+01	 5.00000E+01
 6.29562E+01	 5.37005E+01	 2.41553E+01	 7.65157E+01	 2.22100E+01	 4.06202E+01	 3.79774E+01	 4.64250E+01	 4.74457E+01	 4.09492E+01	 1.73860E+01	 5.00000E+01
 6.29958E+01	 5.36681E+01	 2.37511E+01	 7.65024E+01	 2.22100E+01	 4.06843E+01	 3.79838E+01	 4.64056E+01	 4.74457E+01	 4.09760E+01	 1.75599E+01	 5.00000E+01
 6.30496E+01	 5.36397E+01	 2.34801E+01	 7.65422E+01	 2.22100E+01	 4.08198E+01	 3.79793E+01	 4.64057E+01	 4.74457E+01	 4.09893E+01	 1.79554E+01	 5.00000E+01
 6.30046E+01	 5.36980E+01	 2.40617E+01	 7.64064E+01	 2.22100E+01	 4.04837E+01	 3.79940E+01	 4.64109E+01	 4.74457E+01	 4.09262E+01	 1.84435E+01	 5.00000E+01
 6.29579E+01	 5.37337E+01	 2.41081E+01	 7.62830E+01	 2.22100E+01	 3.99920E+01	 3.79659E+01	 4.64166E+01	 4.74457E+01	 4.09028E+01	 1.79993E+01	 5.00000E+01
 6.28305E+01	 5.38823E+01	 2.39227E+01	 7.65020E+01	 2.22100E+01	 3.94840E+01	 3.79985E+01	 4.64303E+01	 4.74457E+01	 4.09726E+01	 1.84972E+01	 5.00000E+01
 6.27642E+01	 5.39424E+01	 2.40741E+01	 7.64323E+01	 2.22100E+01	 3.99319E+01	 3.80006E+01	 4.64230E+01	 4.74457E+01	 4.08646E+01	 1.78492E+01	 5.00000E+01
 6.27370E+01	 5.39621E+01	 2.41458E+01	 7.64551E+01	 2.22100E+01	 4.09533E+01	 3.80193E+01	 4.64255E+01	 4.74457E+01	 4.08774E+01	 1.80624E+01	 5.00000E+01
 6.28909E+01	 5.37756E+01	 2.43197E+01	 7.63844E+01	 2.22100E+01	 4.20284E+01	 3.80064E+01	 4.64383E+01	 4.74457E+01	 4.09703E+01	 1.81550E+01	 5.00000E+01
 6.28412E+01	 5.38526E+01	 2.48590E+01	 7.62565E+01	 2.22100E+01	 4.19502E+01	 3.79988E+01	 4.64350E+01	 4.74457E+01	 4.08271E+01	 1.77733E+01	 5.00000E+01
 6.27882E+01	 5.39332E+01	 2.41301E+01	 7.65089E+01	 2.22100E+01	 4.07355E+01	 3.80079E+01	 4.64354E+01	 4.74457E+01	 4.08681E+01	 1.76452E+01	 5.00000E+01
 6.28785E+01	 5.37813E+01	 2.47887E+01	 7.62133E+01	 2.22100E+01	 4.02712E+01	 3.80144E+01	 4.64315E+01	 4.74457E+01	 4.08935E+01	 1.81682E+01	 5.00000E+01
 6.28962E+01	 5.37605E+01	 2.45849E+01	 7.63618E+01	 2.22100E+01	 3.93796E+01	 3.80219E+01	 4.64120E+01	 4.74457E+01	 4.09348E+01	 1.78338E+01	 5.00000E+01
 6.29089E+01	 5.37704E+01	 2.45141E+01	 7.63316E+01	 2.22100E+01	 3.86520E+01	 3.80257E+01	 4.64250E+01	 4.74457E+01	 4.09398E+01	 1.85122E+01	 5.00000E+01
 6.29026E+01	 5.37776E+01	 2.41048E+01	 7.64725E+01	 2.22100E+01	 3.82132E+01	 3.80031E+01	 4.64160E+01	 4.74457E+01	 4.09486E+01	 1.83098E+01	 5.00000E+01
 6.28885E+01	 5.38006E+01	 2.39909E+01	 7.63806E+01	 2.22100E+01	 3.86368E+01	 3.80126E+01	 4.64156E+01	 4.74457E+01	 4.09168E+01	 1.81096E+01	 5.00000E+01
 6.28913E+01	 5.38146E+01	 2.43766E+01	 7.63693E+01	 2.22100E+01	 3.89116E+01	 3.80052E+01	 4.64244E+01	 4.74457E+01	 4.09619E+01	 1.80335E+01	 5.00000E+01
 6.29021E+01	 5.37934E+01	 2.42854E+01	 7.63034E+01	 2.22100E+01	 3.92059E+01	 3.80373E+01	 4.64272E+01	 4.74457E+01	 4.09296E+01	 1.82341E+01	 5.00000E+01
 6.28899E+01	 5.37997E+01	 2.41500E+01	 7.64003E+01	 2.22100E+01	 3.92445E+01	 3.80407E+01	 4.64264E+01	 4.74457E+01	 4.08707E+01	 1.78148E+01	 5.00000E+01
 6.28806E+01	 5.38382E+01	 2.42258E+01	 7.64303E+01	 2.22100E+01	 3.93534E+01	 3.80482E+01	 4.64343E+01	 4.74457E+01	 4.09386E+01	 1.76025E+01	 5.00000E+01
 6.28928E+01	 5.37897E+01	 2.43197E+01	 7.63839E+01	 2.22100E+01	 3.96952E+01	 3.80467E+01	 4.64183E+01	 4.74457E+01	 4.09326E+01	 1.86064E+01	 5.00000E+01
 6.28116E+01	 5.39131E+01	 2.47603E+01	 7.63361E+01	 2.22100E+01	 3.99356E+01	 3.80432E+01	 4.64320E+01	 4.74457E+01	 4.09426E+01	 1.87546E+01	 5.00000E+01
 6.27285E+01	 5.39850E+01	 2.46662E+01	 7.63362E+01	 2.22100E+01	 4.01913E+01	 3.80604E+01	 4.64412E+01	 4.74457E+01	 4.08628E+01	 1.80677E+01	 5.00000E+01
 6.27711E+01	 5.39099E+01	 2.52237E+01	 7.63061E+01	 2.22100E+01	 4.03183E+01	 3.80480E+01	 4.64420E+01	 4.74457E+01	 4.08567E+01	 1.84743E+01	 5.00000E+01
 6.27837E+01	 5.39111E+01	 2.50006E+01	 7.63777E+01	 2.22100E+01	 4.01700E+01	 3.80655E+01	 4.64361E+01	 4.74457E+01	 4.09245E+01	 1.79891E+01	 5.00000E+01
 6.27742E+01	 5.39186E+01	 2.47253E+01	 7.63543E+01	 2.22100E+01	 4.02197E+01	 3.80496E+01	 4.64459E+01	 4.74457E+01	 4.09285E+01	 1.79563E+01	 5.00000E+01
 6.27729E+01	 5.39132E+01	 2.48575E+01	 7.62645E+01	 2.22100E+01	 3.99959E+01	 3.80383E+01	 4.64434E+01	 4.74457E+01	 4.08517E+01	 1.84204E+01	 5.00000E+01
 6.28787E+01	 5.37474E+01	 2.46518E+01	 7.64379E+01	 2.22100E+01	 3.96909E+01	 3.80615E+01	 4.64398E+01	 4.74457E+01	 4.09325E+01	 1.80852E+01	 5.00000E+01
 6.29892E+01	 5.36575E+01	 2.44332E+01	 7.64204E+01	 2.22100E+01	 3.91876E+01	 3.80459E+01	 4.64345E+01	 4.74457E+01	 4.09709E+01	 1.84115E+01	 5.00000E+01
 6.28014E+01	 5.39255E+01	 2.44668E+01	 7.64709E+01	 2.22100E+01	 3.84005E+01	 3.80430E+01	 4.64409E+01	 4.74457E+01	 4.09498E+01	 1.83278E+01	 5.00000E+01
 6.26795E+01	 5.40302E+01	 2.50393E+01	 7.63719E+01	 2.22100E+01	 3.83868E+01	 3.80434E+01	 4.64305E+01	 4.74457E+01	 4.08729E+01	 1.82779E+01	 5.00000E+01
 6.26174E+01	 5.40974E+01	 2.56394E+01	 7.62214E+01	 2.22100E+01	 3.92474E+01	 3.80482E+01	 4.64234E+01	 4.74457E+01	 4.08493E+01	 1.84776E+01	 5.00000E+01
 6.27496E+01	 5.39198E+01	 2.49178E+01	 7.65141E+01	 2.22100E+01	 4.04743E+01	 3.80625E+01	 4.64357E+01	 4.74457E+01	 4.09548E+01	 1.80695E+01	 5.00000E+01
 6.27979E+01	 5.38754E+01	 2.48886E+01	 7.64566E+01	 2.22100E+01	 4.16911E+01	 3.80586E+01	 4.64223E+01	 4.74457E+01	 4.09368E+01	 1.82065E+01	 5.00000E+01
 6.28229E+01	 5.38657E+01	 2.50102E+01	 7.64718E+01	 2.22100E+01	 4.19280E+01	 3.80151E+01	 4.64402E+01	 4.74457E+01	 4.09067E+01	 1.81879E+01	 5.00000E+01
 6.28967E+01	 5.37672E+01	 2.49157E+01	 7.63128E+01	 2.22100E+01	 4.16849E+01	 3.80447E+01	 4.64280E+01	 4.74457E+01	 4.09516E+01	 1.76578E+01	 5.00000E+01
 6.28391E+01	 5.38721E+01	 2.44240E+01	 7.64320E+01	 2.22100E+01	 4.05589E+01	 3.80492E+01	 4.64370E+01	 4.74457E+01	 4.08926E+01	 1.80626E+01	 5.00000E+01
 6.27586E+01	 5.39477E+01	 2.44916E+01	 7.65519E+01	 2.22100E+01	 3.96924E+01	 3.80270E+01	 4.64386E+01	 4.74457E+01	 4.09666E+01	 1.77827E+01	 5.00000E+01
 6.26801E+01	 5.40274E+01	 2.45122E+01	 7.64204E+01	 2.22100E+01	 3.98654E+01	 3.80251E+01	 4.64461E+01	 4.74457E+01	 4.08844E+01	 1.80161E+01	 5.00000E+01
 6.27854E+01	 5.38222E+01	 2.50057E+01	 7.63720E+01	 2.22100E+01	 4.02403E+01	 3.80374E+01	 4.64401E+01	 4.74457E+01	 4.08713E+01	 1.78584E+01	 5.00000E+01
 6.29161E+01	 5.36849E+01	 2.40854E+01	 7.64931E+01	 2.22100E+01	 4.03178E+01	 3.80179E+01	 4.64384E+01	 4.74457E+01	 4.10209E+01	 1.81229E+01	 5.00000E+01
 6.28580E+01	 5.38253E+01	 2.41884E+01	 7.63465E+01	 2.22100E+01	 3.96985E+01	 3.80138E+01	 4.64378E+01	 4.74457E+01	 4.09684E+01	 1.78893E+01	 5.00000E+01
 6.28500E+01	 5.38115E+01	 2.45723E+01	 7.64966E+01	 2.22100E+01	 3.90254E+01	 3.80012E+01	 4.64474E+01	 4.74457E+01	 4.09471E+01	 1.78335E+01	 5.00000E+01
 6.28429E+01	 5.38084E+01	 2.48615E+01	 7.63371E+01	 2.22100E+01	 3.90480E+01	 3.79997E+01	 4.64364E+01	 4.74457E+01	 4.09693E+01	 1.79146E+01	 5.00000E+01
 6.28528E+01	 5.38091E+01	 2.44028E+01	 7.63956E+01	 2.22100E+01	 3.90602E+01	 3.80141E+01	 4.64302E+01	 4.74457E+01	 4.09855E+01	 1.77853E+01	 5.00000E+01
 6.28371E+01	 5.38250E+01	 2.41589E+01	 7.64197E+01	 2.22100E+01	 3.90804E+01	 3.80042E+01	 4.64328E+01	 4.74457E+01	 4.09644E+01	 1.83600E+01	 5.00000E+01
 6.28195E+01	 5.38570E+01	 2.44497E+01	 7.62946E+01	 2.22100E+01	 3.91744E+01	 3.80013E+01	 4.64443E+01	 4.74457E+01	 4.09075E+01	 1.80456E+01	 5.00000E+01
 6.29144E+01	 5.37336E+01	 2.47018E+01	 7.63683E+01	 2.22100E+01	 3.93076E+01	 3.80144E+01	 4.64382E+01	 4.74457E+01	 4.09707E+01	 1.80350E+01	 5.00000E+01
 6.28410E+01	 5.38522E+01	 2.48173E+01	 7.64167E+01	 2.22100E+01	 3.92990E+01	 3.80118E+01	 4.64370E+01	 4.74457E+01	 4.09782E+01	 1.77609E+01	 5.00000E+01
 6.27536E+01	 5.39541E+01	 2.46715E+01	 7.64323E+01	 2.22100E+01	 3.95636E+01	 3.80181E+01	 4.64351E+01	 4.74457E+01	 4.09609E+01	 1.85308E+01	 5.00000E+01
 6.29263E+01	 5.37068E+01	 2.47704E+01	 7.64377E+01	 2.22100E+01	 4.03134E+01	 3.80281E+01	 4.64399E+01	 4.74457E+01	 4.09887E+01	 1.78429E+01	 5.00000E+01
 6.29311E+01	 5.37428E+01	 2.54544E+01	 7.63624E+01	 2.22100E+01	 4.06628E+01	 3.80032E+01	 4.64292E+01	 4.74457E+01	 4.09764E+01	 1.75426E+01	 5.00000E+01
 6.29168E+01	 5.37987E+01	 2.60062E+01	 7.61542E+01	 2.22100E+01	 4.02086E+01	 3.80155E+01	 4.64412E+01	 4.74457E+01	 4.09208E+01	 1.77606E+01	 5.00000E+01
 6.29469E+01	 5.37286E+01	 2.52248E+01	 7.65540E+01	 2.22100E+01	 3.92375E+01	 3.80040E+01	 4.64521E+01	 4.74457E+01	 4.10253E+01	 1.75729E+01	 5.00000E+01
 6.28499E+01	 5.38487E+01	 2.50836E+01	 7.63281E+01	 2.22100E+01	 3.89314E+01	 3.80215E+01	 4.64338E+01	 4.74457E+01	 4.09272E+01	 1.76905E+01	 5.00000E+01
 6.27671E+01	 5.39617E+01	 2.53145E+01	 7.64032E+01	 2.22100E+01	 3.89176E+01	 3.79974E+01	 4.64350E+01	 4.74457E+01	 4.09511E+01	 1.83736E+01	 5.00000E+01
 6.27181E+01	 5.39908E+01	 2.54259E+01	 7.63010E+01	 2.22100E+01	 3.95589E+01	 3.79928E+01	 4.64432E+01	 4.74457E+01	 4.09758E+01	 1.80167E+01	 5.00000E+01
 6.27126E+01	 5.39772E+01	 2.50377E+01	 7.64225E+01	 2.22100E+01	 4.02382E+01	 3.80111E+01	 4.64286E+01	 4.74457E+01	 4.09409E+01	 1.75277E+01	 5.00000E+01
 6.27279E+01	 5.39560E+01	 2.52523E+01	 7.64337E+01	 2.22100E+01	 4.09550E+01	 3.80117E+01	 4.64258E+01	 4.74457E+01	 4.09574E+01	 1.76966E+01	 5.00000E+01
 6.27320E+01	 5.39475E+01	 2.46370E+01	 7.64689E+01	 2.22100E+01	 4.19207E+01	 3.79994E+01	 4.64297E+01	 4.74457E+01	 4.09456E+01	 1.81148E+01	 5.00000E+01
 6.28311E+01	 5.37909E+01	 2.43341E+01	 7.63251E+01	 2.22100E+01	 4.21145E+01	 3.79843E+01	 4.64214E+01	 4.74457E+01	 4.09288E+01	 1.78205E+01	 5.00000E+01
 6.29386E+01	 5.36922E+01	 2.44985E+01	 7.65657E+01	 2.22100E+01	 4.12228E+01	 3.79833E+01	 4.64241E+01	 4.74457E+01	 4.10262E+01	 1.81278E+01	 5.00000E+01
 6.31054E+01	 5.35251E+01	 2.48604E+01	 7.64710E+01	 2.22100E+01	 4.00022E+01	 3.79786E+01	 4.64149E+01	 4.74457E+01	 4.10819E+01	 1.82584E+01	 5.00000E+01
 6.31401E+01	 5.35226E+01	 2.46470E+01	 7.65393E+01	 2.22100E+01	 3.86527E+01	 3.79439E+01	 4.64179E+01	 4.74457E+01	 4.11536E+01	 1.82799E+01	 5.00000E+01
 6.31291E+01	 5.35367E+01	 2.44906E+01	 7.64056E+01	 2.22100E+01	 3.77025E+01	 3.79852E+01	 4.64123E+01	 4.74457E+01	 4.11341E+01	 1.80847E+01	 5.00000E+01
 6.30268E+01	 5.36835E+01	 2.41774E+01	 7.64879E+01	 2.22100E+01	 3.69858E+01	 3.79778E+01	 4.64240E+01	 4.74457E+01	 4.10797E+01	 1.79466E+01	 5.00000E+01
 6.29302E+01	 5.37877E+01	 2.39676E+01	 7.65094E+01	 2.22100E+01	 3.73298E+01	 3.79631E+01	 4.64230E+01	 4.74457E+01	 4.10542E+01	 1.77277E+01	 5.00000E+01
 6.28684E+01	 5.38359E+01	 2.37778E+01	 7.64519E+01	 2.22100E+01	 3.84512E+01	 3.79863E+01	 4.64322E+01	 4.74457E+01	 4.09895E+01	 1.74392E+01	 5.00000E+01
 6.28858E+01	 5.37782E+01	 2.40340E+01	 7.63257E+01	 2.22100E+01	 4.02134E+01	 3.79732E+01	 4.64226E+01	 4.74457E+01	 4.09327E+01	 1.82341E+01	 5.00000E+01
 6.28867E+01	 5.37831E+01	 2.45035E+01	 7.63495E+01	 2.22100E+01	 4.06953E+01	 3.79565E+01	 4.64190E+01	 4.74457E+01	 4.09296E+01	 1.77046E+01	 5.00000E+01
 6.28798E+01	 5.38119E+01	 2.45213E+01	 7.64998E+01	 2.22100E+01	 4.09519E+01	 3.79765E+01	 4.64327E+01	 4.74457E+01	 4.09802E+01	 1.80220E+01	 5.00000E+01
 6.29320E+01	 5.37140E+01	 2.44501E+01	 7.62693E+01	 2.22100E+01	 4.15974E+01	 3.79525E+01	 4.64037E+01	 4.74457E+01	 4.09912E+01	 1.77310E+01	 5.00000E+01
 6.30426E+01	 5.35936E+01	 2.45083E+01	 7.64226E+01	 2.22100E+01	 4.11280E+01	 3.79349E+01	 4.64291E+01	 4.74457E+01	 4.09944E+01	 1.79229E+01	 5.00000E+01
 6.31231E+01	 5.35141E+01	 2.45931E+01	 7.62981E+01	 2.22100E+01	 4.02186E+01	 3.79543E+01	 4.64183E+01	 4.74457E+01	 4.10144E+01	 1.75495E+01	 5.00000E+01
 6.29721E+01	 5.37435E+01	 2.40084E+01	 7.64311E+01	 2.22100E+01	 3.89251E+01	 3.79678E+01	 4.64138E+01	 4.74457E+01	 4.09686E+01	 1.77966E+01	 5.00000E+01
 6.29116E+01	 5.38104E+01	 2.38382E+01	 7.65841E+01	 2.22100E+01	 3.87867E+01	 3.79659E+01	 4.64276E+01	 4.74457E+01	 4.09923E+01	 1.82511E+01	 5.00000E+01
 6.28676E+01	 5.38264E+01	 2.40088E+01	 7.65020E+01	 2.22100E+01	 3.99373E+01	 3.79562E+01	 4.64187E+01	 4.74457E+01	 4.09958E+01	 1.77438E+01	 5.00000E+01
 6.29620E+01	 5.36991E+01	 2.38927E+01	 7.64617E+01	 2.22100E+01	 4.13628E+01	 3.79550E+01	 4.64159E+01	 4.74457E+01	 4.09693E+01	 1.80016E+01	 5.00000E+01
 6.29352E+01	 5.37698E+01	 2.37696E+01	 7.64361E+01	 2.22100E+01	 4.19979E+01	 3.79660E+01	 4.64082E+01	 4.74457E+01	 4.09476E+01	 1.74849E+01	 5.00000E+01
 6.28699E+01	 5.38145E+01	 2.36995E+01	 7.64709E+01	 2.22100E+01	 4.18660E+01	 3.79664E+01	 4.64085E+01	 4.74457E+01	 4.09415E+01	 1.79633E+01	 5.00000E+01
 6.29104E+01	 5.37611E+01	 2.36896E+01	 7.64270E+01	 2.22100E+01	 4.20233E+01	 3.79627E+01	 4.63979E+01	 4.74457E+01	 4.09169E+01	 1.75619E+01	 5.00000E+01
 6.28719E+01	 5.38473E+01	 2.35461E+01	 7.66040E+01	 2.22100E+01	 4.22461E+01	 3.79590E+01	 4.64046E+01	 4.74457E+01	 4.09503E+01	 1.78979E+01	 5.00000E+01
 6.28025E+01	 5.39217E+01	 2.44853E+01	 7.63256E+01	 2.22100E+01	 4.26096E+01	 3.79318E+01	 4.63975E+01	 4.74457E+01	 4.09161E+01	 1.79817E+01	 5.00000E+01
 6.28455E+01	 5.38386E+01	 2.46102E+01	 7.64130E+01	 2.22100E+01	 4.25189E+01	 3.79417E+01	 4.64013E+01	 4.74457E+01	 4.09047E+01	 1.80689E+01	 5.00000E+01
 6.28422E+01	 5.38590E+01	 2.46160E+01	 7.64962E+01	 2.22100E+01	 4.24526E+01	 3.79483E+01	 4.63980E+01	 4.74457E+01	 4.09580E+01	 1.80720E+01	 5.00000E+01
 6.28202E+01	 5.38771E+01	 2.40632E+01	 7.64266E+01	 2.22100E+01	 4.24574E+01	 3.79356E+01	 4.63906E+01	 4.74457E+01	 4.08945E+01	 1.81168E+01	 5.00000E+01
 6.27914E+01	 5.39124E+01	 2.41881E+01	 7.64080E+01	 2.22100E+01	 4.21083E+01	 3.79489E+01	 4.63966E+01	 4.74457E+01	 4.09249E+01	 1.80973E+01	 5.00000E+01
 6.28215E+01	 5.38914E+01	 2.43908E+01	 7.64617E+01	 2.22100E+01	 4.17035E+01	 3.79472E+01	 4.63907E+01	 4.74457E+01	 4.09391E+01	 1.77168E+01	 5.00000E+01
 6.28481E+01	 5.38749E+01	 2.48421E+01	 7.61875E+01	 2.22100E+01	 4.14257E+01	 3.79197E+01	 4.63739E+01	 4.74457E+01	 4.09297E+01	 1.77634E+01	 5.00000E+01
 6.28336E+01	 5.39021E+01	 2.46280E+01	 7.63627E+01	 2.22100E+01	 4.08183E+01	 3.79617E+01	 4.63811E+01	 4.74457E+01	 4.09660E+01	 1.80302E+01	 5.00000E+01
 6.28469E+01	 5.38827E+01	 2.45112E+01	 7.65609E+01	 2.22100E+01	 4.04844E+01	 3.79674E+01	 4.63834E+01	 4.74457E+01	 4.09858E+01	 1.78727E+01	 5.00000E+01
 6.28642E+01	 5.38594E+01	 2.52175E+01	 7.62202E+01	 2.22100E+01	 4.08405E+01	 3.79701E+01	 4.63919E+01	 4.74457E+01	 4.09430E+01	 1.78817E+01	 5.00000E+01
 6.29680E+01	 5.37412E+01	 2.48464E+01	 7.63559E+01	 2.22100E+01	 4.03796E+01	 3.79525E+01	 4.63736E+01	 4.74457E+01	 4.09570E+01	 1.84464E+01	 5.00000E+01
 6.29306E+01	 5.38252E+01	 2.44198E+01	 7.63500E+01	 2.22100E+01	 3.96340E+01	 3.79624E+01	 4.63839E+01	 4.74457E+01	 4.09388E+01	 1.81340E+01	 5.00000E+01
 6.28819E+01	 5.38854E+01	 2.40896E+01	 7.66400E+01	 2.22100E+01	 3.86194E+01	 3.79901E+01	 4.63727E+01	 4.74457E+01	 4.09458E+01	 1.79567E+01	 5.00000E+01
 6.29312E+01	 5.38001E+01	 2.49427E+01	 7.62152E+01	 2.22100E+01	 3.89335E+01	 3.79792E+01	 4.63705E+01	 4.74457E+01	 4.09869E+01	 1.76183E+01	 5.00000E+01
 6.28676E+01	 5.39242E+01	 2.50508E+01	 7.64591E+01	 2.22100E+01	 3.86342E+01	 3.79896E+01	 4.63866E+01	 4.74457E+01	 4.10367E+01	 1.75666E+01	 5.00000E+01
 6.27807E+01	 5.40122E+01	 2.48918E+01	 7.64387E+01	 2.22100E+01	 3.93852E+01	 3.79935E+01	 4.63884E+01	 4.74457E+01	 4.09772E+01	 1.77623E+01	 5.00000E+01
 6.28473E+01	 5.38954E+01	 2.49747E+01	 7.64622E+01	 2.22100E+01	 4.01855E+01	 3.79817E+01	 4.63826E+01	 4.74457E+01	 4.09729E+01	 1.81949E+01	 5.00000E+01
 6.28928E+01	 5.38270E+01	 2.52500E+01	 7.64332E+01	 2.22100E+01	 4.04408E+01	 3.80020E+01	 4.63784E+01	 4.74457E+01	 4.09384E+01	 1.78732E+01	 5.00000E+01
 6.29286E+01	 5.37954E+01	 2.51820E+01	 7.62462E+01	 2.22100E+01	 4.01881E+01	 3.80161E+01	 4.63857E+01	 4.74457E+01	 4.09955E+01	 1.75000E+01	 5.00000E+01
 6.29648E+01	 5.37757E+01	 2.54503E+01	 7.63802E+01	 2.22100E+01	 3.92313E+01	 3.79974E+01	 4.63813E+01	 4.74457E+01	 4.10206E+01	 1.82363E+01	 5.00000E+01
 6.29162E+01	 5.38422E+01	 2.52646E+01	 7.62875E+01	 2.22100E+01	 3.82772E+01	 3.80054E+01	 4.63727E+01	 4.74457E+01	 4.09936E+01	 1.83352E+01	 5.00000E+01
 6.28721E+01	 5.38964E+01	 2.54128E+01	 7.64558E+01	 2.22100E+01	 3.74268E+01	 3.79998E+01	 4.63850E+01	 4.74457E+01	 4.09960E+01	 1.84659E+01	 5.00000E+01
 6.29189E+01	 5.38369E+01	 2.52658E+01	 7.64823E+01	 2.22100E+01	 3.77313E+01	 3.80038E+01	 4.63866E+01	 4.74457E+01	 4.10582E+01	 1.81043E+01	 5.00000E+01
 6.29029E+01	 5.38681E+01	 2.52726E+01	 7.63531E+01	 2.22100E+01	 3.82813E+01	 3.79761E+01	 4.63895E+01	 4.74457E+01	 4.10049E+01	 1.79801E+01	 5.00000E+01
 6.28780E+01	 5.39026E+01	 2.49288E+01	 7.63279E+01	 2.22100E+01	 3.83235E+01	 3.80237E+01	 4.63949E+01	 4.74457E+01	 4.09894E+01	 1.78484E+01	 5.00000E+01
 6.29357E+01	 5.37884E+01	 2.51002E+01	 7.64768E+01	 2.22100E+01	 3.81711E+01	 3.79973E+01	 4.63897E+01	 4.74457E+01	 4.10387E+01	 1.76363E+01	 5.00000E+01
 6.29031E+01	 5.38727E+01	 2.46690E+01	 7.64588E+01	 2.22100E+01	 3.83744E+01	 3.79981E+01	 4.64029E+01	 4.74457E+01	 4.10295E+01	 1.76600E+01	 5.00000E+01
 6.28490E+01	 5.39474E+01	 2.45421E+01	 7.63880E+01	 2.22100E+01	 3.86211E+01	 3.80024E+01	 4.64176E+01	 4.74457E+01	 4.10035E+01	 1.75440E+01	 5.00000E+01
 6.28136E+01	 5.39574E+01	 2.49863E+01	 7.65195E+01	 2.22100E+01	 3.89123E+01	 3.79912E+01	 4.63998E+01	 4.74457E+01	 4.10480E+01	 1.85980E+01	 5.00000E+01
 6.28975E+01	 5.38315E+01	 2.51021E+01	 7.64939E+01	 2.22100E+01	 3.99263E+01	 3.79864E+01	 4.64038E+01	 4.74457E+01	 4.10529E+01	 1.78367E+01	 5.00000E+01
 6.29749E+01	 5.37558E+01	 2.52613E+01	 7.63537E+01	 2.22100E+01	 4.04854E+01	 3.79922E+01	 4.63900E+01	 4.74457E+01	 4.10353E+01	 1.76527E+01	 5.00000E+01
 6.30939E+01	 5.36232E+01	 2.48817E+01	 7.63136E+01	 2.22100E+01	 3.96323E+01	 3.79831E+01	 4.64064E+01	 4.74457E+01	 4.10581E+01	 1.79322E+01	 5.00000E+01
 6.30495E+01	 5.37288E+01	 2.50801E+01	 7.64698E+01	 2.22100E+01	 3.77555E+01	 3.79630E+01	 4.64068E+01	 4.74457E+01	 4.11059E+01	 1.79040E+01	 5.00000E+01
 6.29512E+01	 5.38174E+01	 2.43535E+01	 7.65611E+01	 2.22100E+01	 3.70398E+01	 3.79900E+01	 4.64027E+01	 4.74457E+01	 4.11052E+01	 1.79544E+01	 5.00000E+01
 6.30115E+01	 5.37424E+01	 2.41134E+01	 7.62922E+01	 2.22100E+01	 3.73429E+01	 3.79909E+01	 4.64067E+01	 4.74457E+01	 4.10623E+01	 1.84432E+01	 5.00000E+01
 6.30132E+01	 5.37423E+01	 2.44244E+01	 7.64286E+01	 2.22100E+01	 3.70078E+01	 3.79820E+01	 4.64133E+01	 4.74457E+01	 4.10499E+01	 1.79541E+01	 5.00000E+01
 6.29983E+01	 5.37384E+01	 2.44880E+01	 7.63651E+01	 2.22100E+01	 3.71273E+01	 3.79742E+01	 4.64164E+01	 4.74457E+01	 4.10769E+01	 1.79010E+01	 5.00000E+01
 6.28570E+01	 5.39139E+01	 2.45113E+01	 7.64110E+01	 2.22100E+01	 3.74291E+01	 3.80014E+01	 4.64141E+01	 4.74457E+01	 4.10617E+01	 1.77773E+01	 5.00000E+01
 6.28227E+01	 5.39304E+01	 2.39101E+01	 7.65557E+01	 2.22100E+01	 3.87341E+01	 3.80048E+01	 4.64131E+01	 4.74457E+01	 4.10006E+01	 1.86817E+01	 5.00000E+01
 6.28258E+01	 5.39184E+01	 2.39183E+01	 7.65407E+01	 2.22100E+01	 4.07053E+01	 3.79979E+01	 4.64111E+01	 4.74457E+01	 4.09571E+01	 1.79480E+01	 5.00000E+01
 6.29126E+01	 5.37983E+01	 2.38381E+01	 7.65032E+01	 2.22100E+01	 4.20851E+01	 3.79770E+01	 4.64156E+01	 4.74457E+01	 4.09622E+01	 1.77884E+01	 5.00000E+01
 6.29456E+01	 5.37782E+01	 2.43213E+01	 7.64355E+01	 2.22100E+01	 4.23016E+01	 3.79808E+01	 4.64208E+01	 4.74457E+01	 4.09854E+01	 1.81363E+01	 5.00000E+01
 6.29456E+01	 5.37849E+01	 2.43129E+01	 7.63541E+01	 2.22100E+01	 4.15735E+01	 3.79838E+01	 4.64112E+01	 4.74457E+01	 4.09607E+01	 1.79502E+01	 5.00000E+01
 6.29355E+01	 5.38124E+01	 2.43575E+01	 7.63522E+01	 2.22100E+01	 4.06902E+01	 3.79678E+01	 4.64262E+01	 4.74457E+01	 4.09483E+01	 1.78212E+01	 5.00000E+01
 6.29466E+01	 5.37577E+01	 2.43740E+01	 7.63123E+01	 2.22100E+01	 3.99668E+01	 3.79759E+01	 4.64090E+01	 4.74457E+01	 4.09664E+01	 1.74975E+01	 5.00000E+01
 6.29773E+01	 5.37472E+01	 2.44329E+01	 7.64223E+01	 2.22100E+01	 3.88704E+01	 3.79602E+01	 4.64167E+01	 4.74457E+01	 4.10221E+01	 1.80703E+01	 5.00000E+01
 6.30147E+01	 5.37051E+01	 2.41881E+01	 7.64275E+01	 2.22100E+01	 3.83534E+01	 3.79704E+01	 4.64192E+01	 4.74457E+01	 4.10503E+01	 1.79071E+01	 5.00000E+01
 6.29673E+01	 5.37827E+01	 2.43997E+01	 7.65049E+01	 2.22100E+01	 3.81072E+01	 3.79799E+01	 4.64191E+01	 4.74457E+01	 4.09870E+01	 1.77529E+01	 5.00000E+01
 6.29029E+01	 5.38471E+01	 2.43387E+01	 7.64923E+01	 2.22100E+01	 3.89347E+01	 3.79526E+01	 4.64200E+01	 4.74457E+01	 4.09897E+01	 1.83230E+01	 5.00000E+01
 6.29821E+01	 5.37352E+01	 2.42557E+01	 7.64555E+01	 2.22100E+01	 3.99132E+01	 3.79799E+01	 4.64192E+01	 4.74457E+01	 4.10160E+01	 1.83070E+01	 5.00000E+01
 6.29747E+01	 5.37679E+01	 2.47237E+01	 7.64321E+01	 2.22100E+01	 4.02377E+01	 3.79883E+01	 4.64171E+01	 4.74457E+01	 4.09929E+01	 1.80288E+01	 5.00000E+01
 6.29469E+01	 5.37789E+01	 2.43862E+01	 7.63475E+01	 2.22100E+01	 4.03774E+01	 3.79848E+01	 4.64139E+01	 4.74457E+01	 4.09665E+01	 1.77276E+01	 5.00000E+01
 6.29029E+01	 5.38430E+01	 2.43370E+01	 7.65487E+01	 2.22100E+01	 4.01429E+01	 3.79900E+01	 4.64279E+01	 4.74457E+01	 4.09368E+01	 1.78663E+01	 5.00000E+01
 6.29144E+01	 5.38147E+01	 2.37454E+01	 7.65646E+01	 2.22100E+01	 4.06001E+01	 3.80018E+01	 4.64249E+01	 4.74457E+01	 4.09580E+01	 1.79311E+01	 5.00000E+01
 6.29220E+01	 5.37976E+01	 2.38556E+01	 7.64950E+01	 2.22100E+01	 4.11675E+01	 3.79986E+01	 4.64091E+01	 4.74457E+01	 4.09365E+01	 1.78129E+01	 5.00000E+01
 6.29705E+01	 5.37675E+01	 2.35942E+01	 7.67117E+01	 2.22100E+01	 4.17480E+01	 3.79848E+01	 4.64139E+01	 4.74457E+01	 4.10107E+01	 1.79944E+01	 5.00000E+01
 6.29764E+01	 5.37626E+01	 2.41976E+01	 7.63346E+01	 2.22100E+01	 4.23432E+01	 3.79866E+01	 4.64069E+01	 4.74457E+01	 4.09517E+01	 1.81975E+01	 5.00000E+01
 6.29706E+01	 5.37626E+01	 2.46251E+01	 7.62386E+01	 2.22100E+01	 4.14085E+01	 3.79814E+01	 4.64143E+01	 4.74457E+01	 4.09306E+01	 1.78287E+01	 5.00000E+01
 6.29737E+01	 5.37693E+01	 2.43589E+01	 7.65004E+01	 2.22100E+01	 4.02571E+01	 3.79866E+01	 4.64269E+01	 4.74457E+01	 4.09940E+01	 1.82681E+01	 5.00000E+01
 6.29967E+01	 5.37395E+01	 2.44431E+01	 7.63105E+01	 2.22100E+01	 3.96825E+01	 3.79787E+01	 4.64186E+01	 4.74457E+01	 4.09693E+01	 1.76715E+01	 5.00000E+01
 6.30076E+01	 5.37323E+01	 2.43649E+01	 7.65974E+01	 2.22100E+01	 3.89078E+01	 3.79871E+01	 4.64177E+01	 4.74457E+01	 4.10394E+01	 1.81997E+01	 5.00000E+01
 6.29251E+01	 5.38190E+01	 2.44320E+01	 7.64806E+01	 2.22100E+01	 3.94113E+01	 3.79852E+01	 4.64188E+01	 4.74457E+01	 4.09857E+01	 1.79035E+01	 5.00000E+01
 6.29789E+01	 5.37329E+01	 2.46820E+01	 7.63245E+01	 2.22100E+01	 3.99611E+01	 3.79874E+01	 4.64057E+01	 4.74457E+01	 4.09683E+01	 1.80356E+01	 5.00000E+01
 6.30467E+01	 5.36641E+01	 2.48377E+01	 7.63900E+01	 2.22100E+01	 3.98070E+01	 3.79885E+01	 4.64179E+01	 4.74457E+01	 4.09933E+01	 1.79065E+01	 5.00000E+01
 6.30354E+01	 5.37197E+01	 2.45450E+01	 7.63938E+01	 2.22100E+01	 3.91616E+01	 3.80130E+01	 4.64259E+01	 4.74457E+01	 4.09975E+01	 1.79359E+01	 5.00000E+01
 6.30006E+01	 5.37404E+01	 2.41162E+01	 7.64634E+01	 2.22100E+01	 3.89205E+01	 3.80069E+01	 4.64070E+01	 4.74457E+01	 4.10343E+01	 1.83896E+01	 5.00000E+01
 6.29872E+01	 5.37621E+01	 2.43497E+01	 7.64401E+01	 2.22100E+01	 3.92000E+01	 3.79802E+01	 4.64190E+01	 4.74457E+01	 4.09806E+01	 1.82209E+01	 5.00000E+01
 6.29346E+01	 5.38391E+01	 2.46981E+01	 7.63202E+01	 2.22100E+01	 3.97707E+01	 3.79973E+01	 4.64124E+01	 4.74457E+01	 4.09789E+01	 1.81608E+01	 5.00000E+01
 6.29819E+01	 5.37634E+01	 2.44845E+01	 7.65314E+01	 2.22100E+01	 4.02219E+01	 3.80270E+01	 4.64246E+01	 4.74457E+01	 4.09925E+01	 1.82383E+01	 5.00000E+01
 6.30322E+01	 5.36816E+01	 2.44680E+01	 7.64651E+01	 2.22100E+01	 4.06706E+01	 3.80276E+01	 4.64285E+01	 4.74457E+01	 4.09847E+01	 1.80466E+01	 5.00000E+01
 6.28926E+01	 5.38844E+01	 2.44402E+01	 7.65618E+01	 2.22100E+01	 4.06913E+01	 3.79966E+01	 4.64213E+01	 4.74457E+01	 4.09715E+01	 1.83626E+01	 5.00000E+01
 6.28828E+01	 5.38507E+01	 2.47565E+01	 7.64150E+01	 2.22100E+01	 4.11811E+01	 3.80028E+01	 4.64109E+01	 4.74457E+01	 4.09739E+01	 1.80226E+01	 5.00000E+01
 6.29220E+01	 5.38159E+01	 2.51920E+01	 7.62822E+01	 2.22100E+01	 4.12043E+01	 3.80084E+01	 4.64394E+01	 4.74457E+01	 4.09446E+01	 1.75282E+01	 5.00000E+01
 6.29615E+01	 5.37615E+01	 2.51947E+01	 7.63139E+01	 2.22100E+01	 4.05723E+01	 3.80133E+01	 4.64400E+01	 4.74457E+01	 4.09959E+01	 1.86485E+01	 5.00000E+01
 6.29556E+01	 5.37900E+01	 2.45230E+01	 7.63850E+01	 2.22100E+01	 3.93503E+01	 3.79969E+01	 4.64454E+01	 4.74457E+01	 4.10012E+01	 1.80982E+01	 5.00000E+01
 6.29381E+01	 5.38133E+01	 2.46470E+01	 7.64247E+01	 2.22100E+01	 3.85392E+01	 3.80134E+01	 4.64281E+01	 4.74457E+01	 4.10294E+01	 1.82117E+01	 5.00000E+01
 6.31175E+01	 5.35666E+01	 2.43494E+01	 7.63442E+01	 2.22100E+01	 3.79508E+01	 3.80078E+01	 4.64397E+01	 4.74457E+01	 4.10641E+01	 1.81493E+01	 5.00000E+01
 6.30895E+01	 5.36754E+01	 2.43193E+01	 7.64378E+01	 2.22100E+01	 3.68819E+01	 3.80156E+01	 4.64297E+01	 4.74457E+01	 4.10549E+01	 1.81804E+01	 5.00000E+01
 6.29974E+01	 5.37862E+01	 2.44364E+01	 7.65380E+01	 2.22100E+01	 3.65541E+01	 3.80110E+01	 4.64391E+01	 4.74457E+01	 4.10556E+01	 1.76162E+01	 5.00000E+01
 6.30180E+01	 5.37222E+01	 2.53429E+01	 7.64375E+01	 2.22100E+01	 3.76067E+01	 3.80194E+01	 4.64199E+01	 4.74457E+01	 4.10498E+01	 1.79444E+01	 5.00000E+01
 6.30619E+01	 5.36936E+01	 2.51932E+01	 7.64352E+01	 2.22100E+01	 3.86974E+01	 3.80222E+01	 4.64337E+01	 4.74457E+01	 4.10193E+01	 1.82516E+01	 5.00000E+01
 6.30826E+01	 5.36559E+01	 2.45516E+01	 7.64646E+01	 2.22100E+01	 3.94228E+01	 3.80238E+01	 4.64374E+01	 4.74457E+01	 4.10275E+01	 1.77676E+01	 5.00000E+01
 6.31065E+01	 5.36262E+01	 2.43692E+01	 7.64950E+01	 2.22100E+01	 4.00702E+01	 3.80182E+01	 4.64228E+01	 4.74457E+01	 4.10179E+01	 1.74351E+01	 5.00000E+01
 6.30625E+01	 5.37020E+01	 2.43618E+01	 7.65621E+01	 2.22100E+01	 4.00580E+01	 3.80480E+01	 4.64281E+01	 4.74457E+01	 4.10463E+01	 1.74870E+01	 5.00000E+01
 6.29994E+01	 5.37461E+01	 2.43590E+01	 7.65317E+01	 2.22100E+01	 4.02609E+01	 3.80247E+01	 4.64302E+01	 4.74457E+01	 4.09646E+01	 1.79366E+01	 5.00000E+01
 6.29509E+01	 5.38006E+01	 2.45621E+01	 7.63185E+01	 2.22100E+01	 4.06852E+01	 3.80260E+01	 4.64338E+01	 4.74457E+01	 4.09398E+01	 1.82804E+01	 5.00000E+01
 6.29481E+01	 5.37905E+01	 2.49893E+01	 7.63008E+01	 2.22100E+01	 4.04658E+01	 3.80212E+01	 4.64378E+01	 4.74457E+01	 4.09513E+01	 1.75791E+01	 5.00000E+01
 6.29579E+01	 5.37603E+01	 2.52257E+01	 7.63734E+01	 2.22100E+01	 3.99943E+01	 3.80055E+01	 4.64482E+01	 4.74457E+01	 4.10027E+01	 1.75680E+01	 5.00000E+01
 6.29943E+01	 5.37217E+01	 2.51327E+01	 7.63885E+01	 2.22100E+01	 3.96655E+01	 3.80053E+01	 4.64425E+01	 4.74457E+01	 4.09713E+01	 1.77777E+01	 5.00000E+01
 6.29573E+01	 5.37850E+01	 2.47136E+01	 7.64166E+01	 2.22100E+01	 3.95684E+01	 3.80015E+01	 4.64392E+01	 4.74457E+01	 4.09877E+01	 1.80542E+01	 5.00000E+01
 6.29108E+01	 5.38156E+01	 2.41254E+01	 7.65214E+01	 2.22100E+01	 3.95451E+01	 3.79897E+01	 4.64390E+01	 4.74457E+01	 4.09881E+01	 1.78892E+01	 5.00000E+01
 6.29428E+01	 5.37697E+01	 2.50693E+01	 7.63351E+01	 2.22100E+01	 3.95377E+01	 3.80003E+01	 4.64342E+01	 4.74457E+01	 4.09746E+01	 1.79502E+01	 5.00000E+01
 6.29038E+01	 5.38323E+01	 2.49634E+01	 7.65102E+01	 2.22100E+01	 3.97847E+01	 3.79969E+01	 4.64307E+01	 4.74457E+01	 4.09836E+01	 1.74286E+01	 5.00000E+01
 6.28593E+01	 5.38944E+01	 2.49163E+01	 7.64001E+01	 2.22100E+01	 4.03369E+01	 3.80040E+01	 4.64478E+01	 4.74457E+01	 4.09413E+01	 1.79873E+01	 5.00000E+01
 6.28664E+01	 5.38637E+01	 2.51598E+01	 7.65632E+01	 2.22100E+01	 4.11819E+01	 3.79930E+01	 4.64220E+01	 4.74457E+01	 4.09967E+01	 1.79686E+01	 5.00000E+01
 6.29493E+01	 5.37445E+01	 2.49813E+01	 7.65087E+01	 2.22100E+01	 4.20770E+01	 3.79969E+01	 4.64393E+01	 4.74457E+01	 4.09869E+01	 1.80673E+01	 5.00000E+01
 6.30199E+01	 5.36622E+01	 2.48889E+01	 7.64509E+01	 2.22100E+01	 4.22883E+01	 3.80078E+01	 4.64303E+01	 4.74457E+01	 4.09761E+01	 1.80073E+01	 5.00000E+01
 6.30201E+01	 5.36976E+01	 2.50074E+01	 7.63254E+01	 2.22100E+01	 4.15153E+01	 3.79856E+01	 4.64275E+01	 4.74457E+01	 4.10468E+01	 1.82011E+01	 5.00000E+01
 6.29391E+01	 5.38317E+01	 2.54097E+01	 7.62896E+01	 2.22100E+01	 4.00421E+01	 3.79733E+01	 4.64353E+01	 4.74457E+01	 4.09904E+01	 1.81597E+01	 5.00000E+01
 6.28541E+01	 5.39100E+01	 2.47954E+01	 7.65540E+01	 2.22100E+01	 3.88173E+01	 3.79871E+01	 4.64380E+01	 4.74457E+01	 4.10087E+01	 1.76126E+01	 5.00000E+01
 6.30258E+01	 5.36721E+01	 2.45114E+01	 7.64328E+01	 2.22100E+01	 3.91051E+01	 3.79803E+01	 4.64351E+01	 4.74457E+01	 4.10565E+01	 1.77207E+01	 5.00000E+01
 6.30617E+01	 5.36633E+01	 2.48291E+01	 7.63408E+01	 2.22100E+01	 3.90457E+01	 3.79722E+01	 4.64458E+01	 4.74457E+01	 4.11061E+01	 1.79840E+01	 5.00000E+01
 6.30597E+01	 5.36631E+01	 2.49858E+01	 7.63625E+01	 2.22100E+01	 3.82580E+01	 3.79805E+01	 4.64386E+01	 4.74457E+01	 4.10766E+01	 1.76072E+01	 5.00000E+01
 6.29640E+01	 5.38076E+01	 2.45064E+01	 7.64200E+01	 2.22100E+01	 3.79760E+01	 3.79825E+01	 4.64331E+01	 4.74457E+01	 4.09979E+01	 1.80908E+01	 5.00000E+01
 6.29589E+01	 5.37897E+01	 2.36198E+01	 7.65771E+01	 2.22100E+01	 3.84644E+01	 3.79961E+01	 4.64298E+01	 4.74457E+01	 4.09784E+01	 1.73918E+01	 5.00000E+01
 6.29887E+01	 5.37569E+01	 2.36258E+01	 7.65349E+01	 2.22100E+01	 3.95433E+01	 3.79886E+01	 4.64359E+01	 4.74457E+01	 4.09864E+01	 1.79388E+01	 5.00000E+01
 6.29467E+01	 5.37998E+01	 2.37430E+01	 7.64338E+01	 2.22100E+01	 4.02428E+01	 3.79745E+01	 4.64184E+01	 4.74457E+01	 4.09692E+01	 1.73943E+01	 5.00000E+01
 6.30336E+01	 5.36688E+01	 2.41781E+01	 7.65847E+01	 2.22100E+01	 4.06739E+01	 3.79847E+01	 4.64253E+01	 4.74457E+01	 4.10012E+01	 1.81980E+01	 5.00000E+01
 6.31089E+01	 5.35932E+01	 2.45923E+01	 7.64617E+01	 2.22100E+01	 4.11571E+01	 3.79945E+01	 4.64241E+01	 4.74457E+01	 4.10490E+01	 1.75519E+01	 5.00000E+01
 6.29672E+01	 5.37978E+01	 2.38047E+01	 7.64948E+01	 2.22100E+01	 4.11430E+01	 3.79923E+01	 4.64202E+01	 4.74457E+01	 4.10093E+01	 1.78813E+01	 5.00000E+01
 6.29423E+01	 5.38200E+01	 2.38329E+01	 7.64639E+01	 2.22100E+01	 4.09062E+01	 3.79831E+01	 4.64327E+01	 4.74457E+01	 4.09058E+01	 1.83484E+01	 5.00000E+01
 6.29558E+01	 5.37865E+01	 2.38184E+01	 7.64324E+01	 2.22100E+01	 4.07911E+01	 3.79718E+01	 4.64359E+01	 4.74457E+01	 4.09350E+01	 1.84456E+01	 5.00000E+01
 6.30150E+01	 5.36882E+01	 2.45321E+01	 7.62892E+01	 2.22100E+01	 4.04545E+01	 3.79593E+01	 4.64283E+01	 4.74457E+01	 4.09700E+01	 1.80959E+01	 5.00000E+01
 6.30005E+01	 5.37269E+01	 2.38653E+01	 7.66048E+01	 2.22100E+01	 3.98330E+01	 3.79776E+01	 4.64366E+01	 4.74457E+01	 4.09888E+01	 1.76914E+01	 5.00000E+01
 6.29625E+01	 5.37739E+01	 2.36962E+01	 7.65565E+01	 2.22100E+01	 3.99731E+01	 3.79791E+01	 4.64197E+01	 4.74457E+01	 4.09806E+01	 1.82876E+01	 5.00000E+01
