 6.30525E+01	 5.39795E+01	 2.46436E+01	 6.13019E+01	 2.22100E+01	 4.00637E+01	 3.81003E+01	 4.65342E+01	 4.74457E+01	 4.11058E+01	 1.81135E+01	 5.00000E+01
 6.28988E+01	 5.38180E+01	 2.47460E+01	 6.11748E+01	 2.22100E+01	 3.98723E+01	 3.80527E+01	 4.64725E+01	 4.74457E+01	 4.09918E+01	 1.76883E+01	 5.00000E+01
 6.28093E+01	 5.37835E+01	 2.49528E+01	 6.11873E+01	 2.22100E+01	 3.94096E+01	 3.80389E+01	 4.64554E+01	 4.74457E+01	 4.09929E+01	 1.78881E+01	 5.00000E+01
 6.27677E+01	 5.37941E+01	 2.51011E+01	 6.10800E+01	 2.22100E+01	 3.93265E+01	 3.80381E+01	 4.64358E+01	 4.74457E+01	 4.09560E+01	 1.73808E+01	 5.00000E+01
 6.29096E+01	 5.35631E+01	 2.47833E+01	 6.12402E+01	 2.22100E+01	 3.93749E+01	 3.80160E+01	 4.64337E+01	 4.74457E+01	 4.10695E+01	 1.76394E+01	 5.00000E+01
 6.29385E+01	 5.35593E+01	 2.52913E+01	 6.11315E+01	 2.22100E+01	 3.93487E+01	 3.79920E+01	 4.64453E+01	 4.74457E+01	 4.10564E+01	 1.76912E+01	 5.00000E+01
 6.29449E+01	 5.35630E+01	 2.47035E+01	 6.11540E+01	 2.22100E+01	 3.88524E+01	 3.79835E+01	 4.64297E+01	 4.74457E+01	 4.10509E+01	 1.76713E+01	 5.00000E+01
 6.29080E+01	 5.36170E+01	 2.48302E+01	 6.10483E+01	 2.22100E+01	 3.88990E+01	 3.79631E+01	 4.64289E+01	 4.74457E+01	 4.10320E+01	 1.81376E+01	 5.00000E+01
 6.29133E+01	 5.36091E+01	 2.52708E+01	 6.12217E+01	 2.22100E+01	 3.88682E+01	 3.79530E+01	 4.64435E+01	 4.74457E+01	 4.10671E+01	 1.77382E+01	 5.00000E+01
 6.29134E+01	 5.35719E+01	 2.47081E+01	 6.12787E+01	 2.22100E+01	 3.96910E+01	 3.79501E+01	 4.64393E+01	 4.74457E+01	 4.10276E+01	 1.75765E+01	 5.00000E+01
 6.28124E+01	 5.37063E+01	 2.43649E+01	 6.12720E+01	 2.22100E+01	 4.06547E+01	 3.79321E+01	 4.64363E+01	 4.74457E+01	 4.10039E+01	 1.76794E+01	 5.00000E+01
 6.28275E+01	 5.36646E+01	 2.43411E+01	 6.11128E+01	 2.22100E+01	 4.19549E+01	 3.79181E+01	 4.64306E+01	 4.74457E+01	 4.09564E+01	 1.74576E+01	 5.00000E+01
 6.28550E+01	 5.36164E+01	 2.49907E+01	 6.10363E+01	 2.22100E+01	 4.23477E+01	 3.79117E+01	 4.64258E+01	 4.74457E+01	 4.09559E+01	 1.74185E+01	 5.00000E+01
 6.27599E+01	 5.37313E+01	 2.48683E+01	 6.10922E+01	 2.22100E+01	 4.20710E+01	 3.78809E+01	 4.64174E+01	 4.74457E+01	 4.09215E+01	 1.74370E+01	 5.00000E+01
 6.27843E+01	 5.37045E+01	 2.49469E+01	 6.11987E+01	 2.22100E+01	 4.18626E+01	 3.78722E+01	 4.64234E+01	 4.74457E+01	 4.09279E+01	 1.78786E+01	 5.00000E+01
 6.28251E+01	 5.36681E+01	 2.46455E+01	 6.10742E+01	 2.22100E+01	 4.21205E+01	 3.78611E+01	 4.64237E+01	 4.74457E+01	 4.10284E+01	 1.75774E+01	 5.00000E+01
 6.28581E+01	 5.36455E+01	 2.45940E+01	 6.11362E+01	 2.22100E+01	 4.12461E+01	 3.78518E+01	 4.64192E+01	 4.74457E+01	 4.11300E+01	 1.74432E+01	 5.00000E+01
 6.28891E+01	 5.36071E+01	 2.43755E+01	 6.11040E+01	 2.22100E+01	 3.86185E+01	 3.78146E+01	 4.64034E+01	 4.74457E+01	 4.12413E+01	 1.75153E+01	 5.00000E+01
 6.29095E+01	 5.35959E+01	 2.48507E+01	 6.11125E+01	 2.22100E+01	 3.34860E+01	 3.78239E+01	 4.63987E+01	 4.74457E+01	 4.14191E+01	 1.78307E+01	 5.00000E+01
 6.29214E+01	 5.35984E+01	 2.48333E+01	 6.11767E+01	 2.22100E+01	 2.60587E+01	 3.78382E+01	 4.64006E+01	 4.74457E+01	 4.16120E+01	 1.81862E+01	 5.00000E+01
 6.29173E+01	 5.36114E+01	 2.47515E+01	 6.10946E+01	 2.22100E+01	 1.73199E+01	 3.78708E+01	 4.64054E+01	 4.74457E+01	 4.18278E+01	 1.79418E+01	 5.00000E+01
 6.29051E+01	 5.36349E+01	 2.42049E+01	 6.11249E+01	 2.22100E+01	 8.30540E+00	 3.78826E+01	 4.64174E+01	 4.74457E+01	 4.20163E+01	 1.83160E+01	 5.00000E+01
 6.30274E+01	 5.34824E+01	 2.44931E+01	 6.11634E+01	 2.22100E+01	 3.52621E+00	 3.79004E+01	 4.64425E+01	 4.74457E+01	 4.21896E+01	 1.84062E+01	 5.00000E+01
 6.29272E+01	 5.36185E+01	 2.41686E+01	 6.11739E+01	 2.22100E+01	 1.49442E+00	 3.79377E+01	 4.64476E+01	 4.74457E+01	 4.22434E+01	 1.88864E+01	 5.00000E+01
 6.28144E+01	 5.37276E+01	 2.39381E+01	 6.11552E+01	 2.22100E+01	 6.28845E-01	 3.79875E+01	 4.64788E+01	 4.74457E+01	 4.21585E+01	 1.81985E+01	 5.00000E+01
 6.27426E+01	 5.37713E+01	 2.39311E+01	 6.11477E+01	 2.22100E+01	 2.72399E-01	 3.80217E+01	 4.65058E+01	 4.74457E+01	 4.21540E+01	 1.92258E+01	 5.00000E+01
 6.27514E+01	 5.37011E+01	 2.32011E+01	 6.10811E+01	 2.22100E+01	 1.13017E-01	 3.80357E+01	 4.65470E+01	 4.74457E+01	 4.21131E+01	 1.86103E+01	 5.00000E+01
 6.27654E+01	 5.36452E+01	 2.34760E+01	 6.11234E+01	 2.22100E+01	 4.78023E-02	 3.80491E+01	 4.65941E+01	 4.74457E+01	 4.21303E+01	 1.89030E+01	 5.00000E+01
 6.28628E+01	 5.34666E+01	 2.31099E+01	 6.10990E+01	 2.22100E+01	 2.35813E-02	 3.80258E+01	 4.66304E+01	 4.74457E+01	 4.20956E+01	 1.88269E+01	 5.00000E+01
 6.28864E+01	 5.34207E+01	 2.24969E+01	 6.11031E+01	 2.22100E+01	 1.02291E-02	 3.80277E+01	 4.66680E+01	 4.74457E+01	 4.20457E+01	 1.81990E+01	 5.00000E+01
 6.28732E+01	 5.33857E+01	 2.28036E+01	 6.09955E+01	 2.22100E+01	 3.08891E-03	 3.79910E+01	 4.67056E+01	 4.74457E+01	 4.19151E+01	 1.88406E+01	 5.00000E+01
 6.30070E+01	 5.31442E+01	 2.22357E+01	 6.11474E+01	 2.22100E+01	 1.97952E-03	 3.79518E+01	 4.67422E+01	 4.74457E+01	 4.18724E+01	 1.78318E+01	 5.00000E+01
 6.30237E+01	 5.31083E+01	 2.23300E+01	 6.10034E+01	 2.22100E+01	 3.10508E-03	 3.79074E+01	 4.67677E+01	 4.74457E+01	 4.16374E+01	 1.74910E+01	 5.00000E+01
 6.30173E+01	 5.30886E+01	 2.25685E+01	 6.10536E+01	 2.22100E+01	 2.83568E-03	 3.78703E+01	 4.68147E+01	 4.74457E+01	 4.15854E+01	 1.81549E+01	 5.00000E+01
 6.29810E+01	 5.30701E+01	 2.22478E+01	 6.10596E+01	 2.22100E+01	 1.75845E-01	 3.78232E+01	 4.68453E+01	 4.74457E+01	 4.13845E+01	 1.74905E+01	 5.00000E+01
 6.29376E+01	 5.30673E+01	 2.20476E+01	 6.10852E+01	 2.22100E+01	 8.96927E+00	 3.77693E+01	 4.68550E+01	 4.74457E+01	 4.12159E+01	 1.70697E+01	 5.00000E+01
 6.28860E+01	 5.30671E+01	 2.15291E+01	 6.11480E+01	 2.22100E+01	 2.75446E+01	 3.77313E+01	 4.68539E+01	 4.74457E+01	 4.09596E+01	 1.67584E+01	 5.00000E+01
 6.30128E+01	 5.28767E+01	 2.15693E+01	 6.10493E+01	 2.22100E+01	 4.91608E+01	 3.76854E+01	 4.68620E+01	 4.74457E+01	 4.06648E+01	 1.60836E+01	 5.00000E+01
 6.29566E+01	 5.29433E+01	 2.16159E+01	 6.09825E+01	 2.22100E+01	 6.78032E+01	 3.76099E+01	 4.68623E+01	 4.74457E+01	 4.03849E+01	 1.60879E+01	 5.00000E+01
 6.28799E+01	 5.30110E+01	 2.09901E+01	 6.11831E+01	 2.22100E+01	 8.00899E+01	 3.75570E+01	 4.68467E+01	 4.74457E+01	 4.02892E+01	 1.61115E+01	 5.00000E+01
 6.28161E+01	 5.30510E+01	 2.11669E+01	 6.09498E+01	 2.22100E+01	 8.54345E+01	 3.74772E+01	 4.68286E+01	 4.74457E+01	 4.01450E+01	 1.54482E+01	 5.00000E+01
 6.28469E+01	 5.29673E+01	 2.10509E+01	 6.11585E+01	 2.22100E+01	 8.53134E+01	 3.73617E+01	 4.67783E+01	 4.74457E+01	 4.00149E+01	 1.53775E+01	 5.00000E+01
 6.28959E+01	 5.29232E+01	 2.10566E+01	 6.10953E+01	 2.22100E+01	 8.49036E+01	 3.72828E+01	 4.67418E+01	 4.74457E+01	 3.99732E+01	 1.53722E+01	 5.00000E+01
 6.28579E+01	 5.30024E+01	 2.08546E+01	 6.12255E+01	 2.22100E+01	 8.70224E+01	 3.71774E+01	 4.66824E+01	 4.74457E+01	 3.97595E+01	 1.50091E+01	 5.00000E+01
 6.29171E+01	 5.29581E+01	 2.15278E+01	 6.11330E+01	 2.22100E+01	 9.31244E+01	 3.71287E+01	 4.66254E+01	 4.74457E+01	 3.96552E+01	 1.53001E+01	 5.00000E+01
 6.29777E+01	 5.29268E+01	 2.12565E+01	 6.12505E+01	 2.22100E+01	 1.00000E+02	 3.71032E+01	 4.65466E+01	 4.74457E+01	 3.94806E+01	 1.55146E+01	 5.00000E+01
 6.28296E+01	 5.31940E+01	 2.19966E+01	 6.12442E+01	 2.22100E+01	 1.00000E+02	 3.70572E+01	 4.64809E+01	 4.74457E+01	 3.94159E+01	 1.47540E+01	 5.00000E+01
 6.28253E+01	 5.32265E+01	 2.27393E+01	 6.12248E+01	 2.22100E+01	 1.00000E+02	 3.70549E+01	 4.64078E+01	 4.74457E+01	 3.95143E+01	 1.50930E+01	 5.00000E+01
 6.28756E+01	 5.32468E+01	 2.25757E+01	 6.12198E+01	 2.22100E+01	 1.00000E+02	 3.70444E+01	 4.63304E+01	 4.74457E+01	 3.96969E+01	 1.53360E+01	 5.00000E+01
 6.28404E+01	 5.33970E+01	 2.28038E+01	 6.12830E+01	 2.22100E+01	 1.00000E+02	 3.70690E+01	 4.62589E+01	 4.74457E+01	 3.98715E+01	 1.54525E+01	 5.00000E+01
 6.28372E+01	 5.34939E+01	 2.37571E+01	 6.12019E+01	 2.22100E+01	 1.00000E+02	 3.70871E+01	 4.61851E+01	 4.74457E+01	 3.99736E+01	 1.56810E+01	 5.00000E+01
 6.28426E+01	 5.35542E+01	 2.45825E+01	 6.12270E+01	 2.22100E+01	 1.00000E+02	 3.71202E+01	 4.61080E+01	 4.74457E+01	 4.00503E+01	 1.62651E+01	 5.00000E+01
 6.28258E+01	 5.37027E+01	 2.47346E+01	 6.11662E+01	 2.22100E+01	 1.00000E+02	 3.71953E+01	 4.60464E+01	 4.74457E+01	 4.00810E+01	 1.63443E+01	 5.00000E+01
 6.28473E+01	 5.37624E+01	 2.54116E+01	 6.11635E+01	 2.22100E+01	 1.00000E+02	 3.72666E+01	 4.59956E+01	 4.74457E+01	 4.01812E+01	 1.70005E+01	 5.00000E+01
 6.28796E+01	 5.38151E+01	 2.55438E+01	 6.12326E+01	 2.22100E+01	 1.00000E+02	 3.73314E+01	 4.59397E+01	 4.74457E+01	 4.03069E+01	 1.71487E+01	 5.00000E+01
 6.27865E+01	 5.40158E+01	 2.61409E+01	 6.11695E+01	 2.22100E+01	 1.00000E+02	 3.73929E+01	 4.58850E+01	 4.74457E+01	 4.03664E+01	 1.73009E+01	 5.00000E+01
 6.28360E+01	 5.40255E+01	 2.68031E+01	 6.11886E+01	 2.22100E+01	 9.81136E+01	 3.74119E+01	 4.58690E+01	 4.74457E+01	 4.04343E+01	 1.75454E+01	 5.00000E+01
 6.28940E+01	 5.40199E+01	 2.77566E+01	 6.11164E+01	 2.22100E+01	 7.31482E+01	 3.74273E+01	 4.58101E+01	 4.74457E+01	 4.07941E+01	 1.85664E+01	 5.00000E+01
 6.29857E+01	 5.39878E+01	 2.77657E+01	 6.11160E+01	 2.22100E+01	 3.63236E+01	 3.74661E+01	 4.57735E+01	 4.74457E+01	 4.14593E+01	 1.79425E+01	 5.00000E+01
 6.29275E+01	 5.41914E+01	 2.77316E+01	 6.11678E+01	 2.22100E+01	 1.59283E+01	 3.75201E+01	 4.57623E+01	 4.74457E+01	 4.19815E+01	 1.87906E+01	 5.00000E+01
 6.28247E+01	 5.43265E+01	 2.81848E+01	 6.12458E+01	 2.22100E+01	 6.94882E+00	 3.75998E+01	 4.57473E+01	 4.74457E+01	 4.21128E+01	 1.94670E+01	 5.00000E+01
 6.28986E+01	 5.42781E+01	 2.93098E+01	 6.12018E+01	 2.22100E+01	 3.01941E+00	 3.77512E+01	 4.57376E+01	 4.74457E+01	 4.21754E+01	 1.96681E+01	 5.00000E+01
 6.29536E+01	 5.42453E+01	 2.92612E+01	 6.11470E+01	 2.22100E+01	 1.30104E+00	 3.78696E+01	 4.57520E+01	 4.74457E+01	 4.21855E+01	 1.99033E+01	 5.00000E+01
 6.30078E+01	 5.42467E+01	 2.95685E+01	 6.11798E+01	 2.22100E+01	 5.61712E-01	 3.79682E+01	 4.57898E+01	 4.74457E+01	 4.20892E+01	 2.02898E+01	 5.00000E+01
 6.29915E+01	 5.42981E+01	 2.91958E+01	 6.10993E+01	 2.22100E+01	 2.46515E-01	 3.80823E+01	 4.58343E+01	 4.74457E+01	 4.19220E+01	 2.00772E+01	 5.00000E+01
 6.30476E+01	 5.41999E+01	 2.91438E+01	 6.11691E+01	 2.22100E+01	 1.08156E-01	 3.81421E+01	 4.58789E+01	 4.74457E+01	 4.19077E+01	 1.99048E+01	 5.00000E+01
 6.30873E+01	 5.41261E+01	 2.91047E+01	 6.09433E+01	 2.22100E+01	 4.06509E-02	 3.81907E+01	 4.59108E+01	 4.74457E+01	 4.18717E+01	 1.98452E+01	 5.00000E+01
 6.31293E+01	 5.40620E+01	 2.84448E+01	 6.11554E+01	 2.22100E+01	 1.13761E-02	 3.82122E+01	 4.59773E+01	 4.74457E+01	 4.19040E+01	 1.97488E+01	 5.00000E+01
 6.31447E+01	 5.40101E+01	 2.81914E+01	 6.09411E+01	 2.22100E+01	 3.80757E-03	 3.81959E+01	 4.60228E+01	 4.74457E+01	 4.18880E+01	 1.95987E+01	 5.00000E+01
 6.31567E+01	 5.39605E+01	 2.78711E+01	 6.10477E+01	 2.22100E+01	 3.87861E-03	 3.81602E+01	 4.60746E+01	 4.74457E+01	 4.18852E+01	 1.93157E+01	 5.00000E+01
 6.31694E+01	 5.38955E+01	 2.80466E+01	 6.10367E+01	 2.22100E+01	 5.08987E-03	 3.81331E+01	 4.61267E+01	 4.74457E+01	 4.19002E+01	 1.88934E+01	 5.00000E+01
 6.31495E+01	 5.38778E+01	 2.75700E+01	 6.10211E+01	 2.22100E+01	 1.19197E-03	 3.80972E+01	 4.61630E+01	 4.74457E+01	 4.19535E+01	 1.83748E+01	 5.00000E+01
 6.31142E+01	 5.38509E+01	 2.71380E+01	 6.09363E+01	 2.22100E+01	 1.40490E-03	 3.80417E+01	 4.62049E+01	 4.74457E+01	 4.18960E+01	 1.87117E+01	 5.00000E+01
 6.31625E+01	 5.37436E+01	 2.70681E+01	 6.09470E+01	 2.22100E+01	 2.07211E-03	 3.80122E+01	 4.62401E+01	 4.74457E+01	 4.19408E+01	 1.80612E+01	 5.00000E+01
 6.31604E+01	 5.36948E+01	 2.65862E+01	 6.10493E+01	 2.22100E+01	 4.44768E-04	 3.79716E+01	 4.62647E+01	 4.74457E+01	 4.19572E+01	 1.82603E+01	 5.00000E+01
 6.31459E+01	 5.36794E+01	 2.56214E+01	 6.10015E+01	 2.22100E+01	 1.47737E+00	 3.79183E+01	 4.63089E+01	 4.74457E+01	 4.19625E+01	 1.80394E+01	 5.00000E+01
 6.31669E+01	 5.35855E+01	 2.47010E+01	 6.11453E+01	 2.22100E+01	 7.41795E+00	 3.78816E+01	 4.63285E+01	 4.74457E+01	 4.19328E+01	 1.75777E+01	 5.00000E+01
 6.30918E+01	 5.36559E+01	 2.43310E+01	 6.10779E+01	 2.22100E+01	 1.49682E+01	 3.78473E+01	 4.63564E+01	 4.74457E+01	 4.17748E+01	 1.69551E+01	 5.00000E+01
 6.30104E+01	 5.37093E+01	 2.45030E+01	 6.09773E+01	 2.22100E+01	 2.20127E+01	 3.78291E+01	 4.64068E+01	 4.74457E+01	 4.15692E+01	 1.76155E+01	 5.00000E+01
 6.30991E+01	 5.35304E+01	 2.37485E+01	 6.11496E+01	 2.22100E+01	 2.67000E+01	 3.77656E+01	 4.64297E+01	 4.74457E+01	 4.15750E+01	 1.69972E+01	 5.00000E+01
 6.30661E+01	 5.35230E+01	 2.34879E+01	 6.10652E+01	 2.22100E+01	 2.98029E+01	 3.77122E+01	 4.64523E+01	 4.74457E+01	 4.15200E+01	 1.69209E+01	 5.00000E+01
 6.30163E+01	 5.35554E+01	 2.33115E+01	 6.10059E+01	 2.22100E+01	 3.07512E+01	 3.76913E+01	 4.64563E+01	 4.74457E+01	 4.14657E+01	 1.73761E+01	 5.00000E+01
 6.29445E+01	 5.36197E+01	 2.28787E+01	 6.09994E+01	 2.22100E+01	 3.00771E+01	 3.76523E+01	 4.64942E+01	 4.74457E+01	 4.14241E+01	 1.70103E+01	 5.00000E+01
 6.28838E+01	 5.36404E+01	 2.17903E+01	 6.11588E+01	 2.22100E+01	 2.87705E+01	 3.76257E+01	 4.65043E+01	 4.74457E+01	 4.14366E+01	 1.67965E+01	 5.00000E+01
 6.28436E+01	 5.36415E+01	 2.14317E+01	 6.11977E+01	 2.22100E+01	 2.85098E+01	 3.75692E+01	 4.65214E+01	 4.74457E+01	 4.14924E+01	 1.66446E+01	 5.00000E+01
 6.29317E+01	 5.34643E+01	 2.14363E+01	 6.10440E+01	 2.22100E+01	 2.82239E+01	 3.75422E+01	 4.65117E+01	 4.74457E+01	 4.14431E+01	 1.68451E+01	 5.00000E+01
 6.29415E+01	 5.34581E+01	 2.16701E+01	 6.10930E+01	 2.22100E+01	 2.70874E+01	 3.75234E+01	 4.65258E+01	 4.74457E+01	 4.14605E+01	 1.64935E+01	 5.00000E+01
 6.29222E+01	 5.34763E+01	 2.14481E+01	 6.10879E+01	 2.22100E+01	 2.64082E+01	 3.75399E+01	 4.65286E+01	 4.74457E+01	 4.14229E+01	 1.68776E+01	 5.00000E+01
 6.29729E+01	 5.34060E+01	 2.07705E+01	 6.11093E+01	 2.22100E+01	 2.64703E+01	 3.75385E+01	 4.65352E+01	 4.74457E+01	 4.14310E+01	 1.67024E+01	 5.00000E+01
 6.30132E+01	 5.33622E+01	 2.07290E+01	 6.12456E+01	 2.22100E+01	 2.69336E+01	 3.75435E+01	 4.65587E+01	 4.74457E+01	 4.14010E+01	 1.62042E+01	 5.00000E+01
 6.30324E+01	 5.33308E+01	 2.13616E+01	 6.10661E+01	 2.22100E+01	 2.83627E+01	 3.75791E+01	 4.65476E+01	 4.74457E+01	 4.14115E+01	 1.67340E+01	 5.00000E+01
 6.30922E+01	 5.32491E+01	 2.04498E+01	 6.12012E+01	 2.22100E+01	 2.99063E+01	 3.75800E+01	 4.65609E+01	 4.74457E+01	 4.13669E+01	 1.65808E+01	 5.00000E+01
 6.30280E+01	 5.33361E+01	 2.04231E+01	 6.11526E+01	 2.22100E+01	 3.10837E+01	 3.76141E+01	 4.65822E+01	 4.74457E+01	 4.12059E+01	 1.70283E+01	 5.00000E+01
 6.29732E+01	 5.33989E+01	 2.03317E+01	 6.12030E+01	 2.22100E+01	 3.25089E+01	 3.76181E+01	 4.65899E+01	 4.74457E+01	 4.11658E+01	 1.68219E+01	 5.00000E+01
 6.28580E+01	 5.35195E+01	 2.02372E+01	 6.13166E+01	 2.22100E+01	 3.50689E+01	 3.76404E+01	 4.66069E+01	 4.74457E+01	 4.10986E+01	 1.70279E+01	 5.00000E+01
 6.28827E+01	 5.34158E+01	 1.99845E+01	 6.12589E+01	 2.22100E+01	 3.87844E+01	 3.76359E+01	 4.65994E+01	 4.74457E+01	 4.09929E+01	 1.71917E+01	 5.00000E+01
 6.29488E+01	 5.33348E+01	 2.00943E+01	 6.12383E+01	 2.22100E+01	 4.18958E+01	 3.76318E+01	 4.66110E+01	 4.74457E+01	 4.09639E+01	 1.72956E+01	 5.00000E+01
 6.29137E+01	 5.33913E+01	 1.95908E+01	 6.12817E+01	 2.22100E+01	 4.41179E+01	 3.76598E+01	 4.66136E+01	 4.74457E+01	 4.08906E+01	 1.69162E+01	 5.00000E+01
 6.28973E+01	 5.33822E+01	 2.06006E+01	 6.10685E+01	 2.22100E+01	 4.58148E+01	 3.76274E+01	 4.65995E+01	 4.74457E+01	 4.07854E+01	 1.70689E+01	 5.00000E+01
 6.29123E+01	 5.33698E+01	 2.00380E+01	 6.12829E+01	 2.22100E+01	 4.61865E+01	 3.76256E+01	 4.66202E+01	 4.74457E+01	 4.07920E+01	 1.71121E+01	 5.00000E+01
 6.27732E+01	 5.35496E+01	 2.06327E+01	 6.10319E+01	 2.22100E+01	 4.63807E+01	 3.76354E+01	 4.66134E+01	 4.74457E+01	 4.07335E+01	 1.70026E+01	 5.00000E+01
 6.27542E+01	 5.35456E+01	 2.07601E+01	 6.12771E+01	 2.22100E+01	 4.60208E+01	 3.76592E+01	 4.66077E+01	 4.74457E+01	 4.07777E+01	 1.69241E+01	 5.00000E+01
 6.27478E+01	 5.35334E+01	 2.08227E+01	 6.11209E+01	 2.22100E+01	 4.64677E+01	 3.76344E+01	 4.65974E+01	 4.74457E+01	 4.08222E+01	 1.70149E+01	 5.00000E+01
 6.28209E+01	 5.34443E+01	 2.12054E+01	 6.11065E+01	 2.22100E+01	 4.57292E+01	 3.76269E+01	 4.65815E+01	 4.74457E+01	 4.09260E+01	 1.73600E+01	 5.00000E+01
 6.28739E+01	 5.33999E+01	 2.19380E+01	 6.12460E+01	 2.22100E+01	 4.31910E+01	 3.76385E+01	 4.65766E+01	 4.74457E+01	 4.10092E+01	 1.68278E+01	 5.00000E+01
 6.29117E+01	 5.33761E+01	 2.17583E+01	 6.12132E+01	 2.22100E+01	 3.94698E+01	 3.76532E+01	 4.65486E+01	 4.74457E+01	 4.11327E+01	 1.71242E+01	 5.00000E+01
 6.29611E+01	 5.33615E+01	 2.17278E+01	 6.12357E+01	 2.22100E+01	 3.49075E+01	 3.76631E+01	 4.65421E+01	 4.74457E+01	 4.12534E+01	 1.76614E+01	 5.00000E+01
 6.29144E+01	 5.34303E+01	 2.25312E+01	 6.11224E+01	 2.22100E+01	 2.93008E+01	 3.76988E+01	 4.65435E+01	 4.74457E+01	 4.13010E+01	 1.83102E+01	 5.00000E+01
 6.28677E+01	 5.34729E+01	 2.27769E+01	 6.10082E+01	 2.22100E+01	 2.33672E+01	 3.76986E+01	 4.65487E+01	 4.74457E+01	 4.13869E+01	 1.80327E+01	 5.00000E+01
 6.27400E+01	 5.36276E+01	 2.27967E+01	 6.11899E+01	 2.22100E+01	 1.76297E+01	 3.77651E+01	 4.65655E+01	 4.74457E+01	 4.15602E+01	 1.86953E+01	 5.00000E+01
 6.26752E+01	 5.36892E+01	 2.31222E+01	 6.11280E+01	 2.22100E+01	 1.33317E+01	 3.78058E+01	 4.65662E+01	 4.74457E+01	 4.15352E+01	 1.82111E+01	 5.00000E+01
 6.26484E+01	 5.37080E+01	 2.33435E+01	 6.11188E+01	 2.22100E+01	 1.03175E+01	 3.78658E+01	 4.65813E+01	 4.74457E+01	 4.16032E+01	 1.85539E+01	 5.00000E+01
 6.28049E+01	 5.35131E+01	 2.36474E+01	 6.10465E+01	 2.22100E+01	 8.28864E+00	 3.78943E+01	 4.66118E+01	 4.74457E+01	 4.17257E+01	 1.87488E+01	 5.00000E+01
 6.27581E+01	 5.35752E+01	 2.42790E+01	 6.09417E+01	 2.22100E+01	 6.22955E+00	 3.79254E+01	 4.66305E+01	 4.74457E+01	 4.15919E+01	 1.84464E+01	 5.00000E+01
 6.27039E+01	 5.36418E+01	 2.36224E+01	 6.11324E+01	 2.22100E+01	 4.30429E+00	 3.79674E+01	 4.66554E+01	 4.74457E+01	 4.16213E+01	 1.83343E+01	 5.00000E+01
 6.27991E+01	 5.34610E+01	 2.43249E+01	 6.08628E+01	 2.22100E+01	 4.26253E+00	 3.79983E+01	 4.66790E+01	 4.74457E+01	 4.16024E+01	 1.88348E+01	 5.00000E+01
 6.28196E+01	 5.34071E+01	 2.41443E+01	 6.09709E+01	 2.22100E+01	 4.88263E+00	 3.80198E+01	 4.66882E+01	 4.74457E+01	 4.15843E+01	 1.84255E+01	 5.00000E+01
 6.28286E+01	 5.33900E+01	 2.40749E+01	 6.09329E+01	 2.22100E+01	 6.72803E+00	 3.80253E+01	 4.67300E+01	 4.74457E+01	 4.15052E+01	 1.89871E+01	 5.00000E+01
 6.28290E+01	 5.33499E+01	 2.36516E+01	 6.10354E+01	 2.22100E+01	 9.88770E+00	 3.79914E+01	 4.67487E+01	 4.74457E+01	 4.13960E+01	 1.86130E+01	 5.00000E+01
 6.28176E+01	 5.33274E+01	 2.35098E+01	 6.09362E+01	 2.22100E+01	 1.52325E+01	 3.79773E+01	 4.67736E+01	 4.74457E+01	 4.11819E+01	 1.81829E+01	 5.00000E+01
 6.28157E+01	 5.33066E+01	 2.38607E+01	 6.09191E+01	 2.22100E+01	 2.23139E+01	 3.79338E+01	 4.68037E+01	 4.74457E+01	 4.10207E+01	 1.78211E+01	 5.00000E+01
 6.28330E+01	 5.32332E+01	 2.37358E+01	 6.08470E+01	 2.22100E+01	 3.15519E+01	 3.79172E+01	 4.68219E+01	 4.74457E+01	 4.07599E+01	 1.76980E+01	 5.00000E+01
 6.28221E+01	 5.31957E+01	 2.35792E+01	 6.09248E+01	 2.22100E+01	 4.23577E+01	 3.78586E+01	 4.68293E+01	 4.74457E+01	 4.04561E+01	 1.69158E+01	 5.00000E+01
 6.28088E+01	 5.32036E+01	 2.36513E+01	 6.09380E+01	 2.22100E+01	 5.44827E+01	 3.77912E+01	 4.68368E+01	 4.74457E+01	 4.02762E+01	 1.63424E+01	 5.00000E+01
 6.28237E+01	 5.31193E+01	 2.37733E+01	 6.08921E+01	 2.22100E+01	 6.73441E+01	 3.77027E+01	 4.68106E+01	 4.74457E+01	 4.00284E+01	 1.69869E+01	 5.00000E+01
 6.27407E+01	 5.32208E+01	 2.42770E+01	 6.08420E+01	 2.22100E+01	 7.99192E+01	 3.76021E+01	 4.68029E+01	 4.74457E+01	 3.98140E+01	 1.67642E+01	 5.00000E+01
 6.26558E+01	 5.32810E+01	 2.42788E+01	 6.08519E+01	 2.22100E+01	 9.17231E+01	 3.75146E+01	 4.67790E+01	 4.74457E+01	 3.95489E+01	 1.57439E+01	 5.00000E+01
 6.26941E+01	 5.32091E+01	 2.49928E+01	 6.08385E+01	 2.22100E+01	 1.00000E+02	 3.73935E+01	 4.67347E+01	 4.74457E+01	 3.94047E+01	 1.58797E+01	 5.00000E+01
 6.27009E+01	 5.32295E+01	 2.49665E+01	 6.09092E+01	 2.22100E+01	 1.00000E+02	 3.73039E+01	 4.66716E+01	 4.74457E+01	 3.94644E+01	 1.51789E+01	 5.00000E+01
 6.26938E+01	 5.32587E+01	 2.49182E+01	 6.08901E+01	 2.22100E+01	 1.00000E+02	 3.71924E+01	 4.66141E+01	 4.74457E+01	 3.94960E+01	 1.49972E+01	 5.00000E+01
 6.26825E+01	 5.33105E+01	 2.53334E+01	 6.08273E+01	 2.22100E+01	 1.00000E+02	 3.71046E+01	 4.65367E+01	 4.74457E+01	 3.94615E+01	 1.53734E+01	 5.00000E+01
 6.27809E+01	 5.32156E+01	 2.54311E+01	 6.09935E+01	 2.22100E+01	 1.00000E+02	 3.70747E+01	 4.64528E+01	 4.74457E+01	 3.96003E+01	 1.50446E+01	 5.00000E+01
 6.28990E+01	 5.31854E+01	 2.55188E+01	 6.10071E+01	 2.22100E+01	 1.00000E+02	 3.70319E+01	 4.63651E+01	 4.74457E+01	 3.97252E+01	 1.54942E+01	 5.00000E+01
 6.26960E+01	 5.35596E+01	 2.58941E+01	 6.10787E+01	 2.22100E+01	 1.00000E+02	 3.70257E+01	 4.62897E+01	 4.74457E+01	 3.97988E+01	 1.55706E+01	 5.00000E+01
 6.25672E+01	 5.37685E+01	 2.68086E+01	 6.10120E+01	 2.22100E+01	 1.00000E+02	 3.70439E+01	 4.62000E+01	 4.74457E+01	 3.97713E+01	 1.57427E+01	 5.00000E+01
 6.25149E+01	 5.39157E+01	 2.77294E+01	 6.09140E+01	 2.22100E+01	 1.00000E+02	 3.70830E+01	 4.61178E+01	 4.74457E+01	 3.97921E+01	 1.61945E+01	 5.00000E+01
 6.26314E+01	 5.38584E+01	 2.73576E+01	 6.11708E+01	 2.22100E+01	 1.00000E+02	 3.71436E+01	 4.60583E+01	 4.74457E+01	 3.99334E+01	 1.60173E+01	 5.00000E+01
 6.26779E+01	 5.39159E+01	 2.76511E+01	 6.11408E+01	 2.22100E+01	 1.00000E+02	 3.71929E+01	 4.59786E+01	 4.74457E+01	 3.99599E+01	 1.63702E+01	 5.00000E+01
 6.27161E+01	 5.39813E+01	 2.80684E+01	 6.11853E+01	 2.22100E+01	 1.00000E+02	 3.72043E+01	 4.59358E+01	 4.74457E+01	 3.99714E+01	 1.65881E+01	 5.00000E+01
 6.27877E+01	 5.39794E+01	 2.82702E+01	 6.10533E+01	 2.22100E+01	 1.00000E+02	 3.72857E+01	 4.58671E+01	 4.74457E+01	 4.00530E+01	 1.63384E+01	 5.00000E+01
 6.27396E+01	 5.41617E+01	 2.80488E+01	 6.11767E+01	 2.22100E+01	 1.00000E+02	 3.73362E+01	 4.58246E+01	 4.74457E+01	 4.00246E+01	 1.68944E+01	 5.00000E+01
 6.26778E+01	 5.42945E+01	 2.83691E+01	 6.13015E+01	 2.22100E+01	 1.00000E+02	 3.73507E+01	 4.57776E+01	 4.74457E+01	 4.01294E+01	 1.68026E+01	 5.00000E+01
 6.26093E+01	 5.44413E+01	 2.86290E+01	 6.12001E+01	 2.22100E+01	 1.00000E+02	 3.73754E+01	 4.57395E+01	 4.74457E+01	 4.00742E+01	 1.71608E+01	 5.00000E+01
 6.27321E+01	 5.42886E+01	 2.93394E+01	 6.11710E+01	 2.22100E+01	 1.00000E+02	 3.74031E+01	 4.56902E+01	 4.74457E+01	 4.01008E+01	 1.71308E+01	 5.00000E+01
 6.28852E+01	 5.41918E+01	 2.86043E+01	 6.12893E+01	 2.22100E+01	 9.44556E+01	 3.73879E+01	 4.56461E+01	 4.74457E+01	 4.03282E+01	 1.75197E+01	 5.00000E+01
 6.28442E+01	 5.43790E+01	 2.88872E+01	 6.11699E+01	 2.22100E+01	 7.13555E+01	 3.73823E+01	 4.56035E+01	 4.74457E+01	 4.05788E+01	 1.74506E+01	 5.00000E+01
 6.28578E+01	 5.44064E+01	 2.94287E+01	 6.13211E+01	 2.22100E+01	 4.52397E+01	 3.73815E+01	 4.55734E+01	 4.74457E+01	 4.09353E+01	 1.75779E+01	 5.00000E+01
 6.28775E+01	 5.44403E+01	 2.98270E+01	 6.11976E+01	 2.22100E+01	 2.66358E+01	 3.74221E+01	 4.55272E+01	 4.74457E+01	 4.12203E+01	 1.78565E+01	 5.00000E+01
 6.29114E+01	 5.44866E+01	 2.94243E+01	 6.12650E+01	 2.22100E+01	 1.86729E+01	 3.75162E+01	 4.54952E+01	 4.74457E+01	 4.13173E+01	 1.79052E+01	 5.00000E+01
 6.29210E+01	 5.45460E+01	 2.91796E+01	 6.13010E+01	 2.22100E+01	 2.10576E+01	 3.76158E+01	 4.54825E+01	 4.74457E+01	 4.12118E+01	 1.86761E+01	 5.00000E+01
 6.29296E+01	 5.46139E+01	 2.94245E+01	 6.11965E+01	 2.22100E+01	 3.08463E+01	 3.77368E+01	 4.54902E+01	 4.74457E+01	 4.09128E+01	 1.84279E+01	 5.00000E+01
 6.30451E+01	 5.45247E+01	 2.95815E+01	 6.12584E+01	 2.22100E+01	 4.45213E+01	 3.78675E+01	 4.54905E+01	 4.74457E+01	 4.06624E+01	 1.83927E+01	 5.00000E+01
 6.29899E+01	 5.46673E+01	 2.95806E+01	 6.13004E+01	 2.22100E+01	 5.88985E+01	 3.79578E+01	 4.55021E+01	 4.74457E+01	 4.03719E+01	 1.80513E+01	 5.00000E+01
 6.29162E+01	 5.47845E+01	 2.93155E+01	 6.13025E+01	 2.22100E+01	 7.22864E+01	 3.80195E+01	 4.55147E+01	 4.74457E+01	 4.01030E+01	 1.86651E+01	 5.00000E+01
 6.31028E+01	 5.45406E+01	 2.92852E+01	 6.13071E+01	 2.22100E+01	 8.35785E+01	 3.80426E+01	 4.55320E+01	 4.74457E+01	 3.99740E+01	 1.77756E+01	 5.00000E+01
 6.31168E+01	 5.45779E+01	 2.98506E+01	 6.12231E+01	 2.22100E+01	 9.13282E+01	 3.79904E+01	 4.55275E+01	 4.74457E+01	 3.98913E+01	 1.72043E+01	 5.00000E+01
 6.31090E+01	 5.46356E+01	 3.03067E+01	 6.10623E+01	 2.22100E+01	 9.48760E+01	 3.79430E+01	 4.55389E+01	 4.74457E+01	 3.98635E+01	 1.71641E+01	 5.00000E+01
 6.31451E+01	 5.45669E+01	 2.94436E+01	 6.14117E+01	 2.22100E+01	 9.46817E+01	 3.78508E+01	 4.55386E+01	 4.74457E+01	 4.00909E+01	 1.68070E+01	 5.00000E+01
 6.30516E+01	 5.46976E+01	 2.92368E+01	 6.12184E+01	 2.22100E+01	 9.18911E+01	 3.77809E+01	 4.55008E+01	 4.74457E+01	 4.02601E+01	 1.68527E+01	 5.00000E+01
 6.29753E+01	 5.48234E+01	 2.94109E+01	 6.12899E+01	 2.22100E+01	 8.43610E+01	 3.76727E+01	 4.54776E+01	 4.74457E+01	 4.08768E+01	 1.76732E+01	 5.00000E+01
 6.29288E+01	 5.48794E+01	 2.94603E+01	 6.12172E+01	 2.22100E+01	 6.86441E+01	 3.76018E+01	 4.54605E+01	 4.74457E+01	 4.15734E+01	 1.76618E+01	 5.00000E+01
 6.29282E+01	 5.48971E+01	 2.89861E+01	 6.13408E+01	 2.22100E+01	 4.32162E+01	 3.75888E+01	 4.54256E+01	 4.74457E+01	 4.22190E+01	 1.77282E+01	 5.00000E+01
 6.29535E+01	 5.49028E+01	 2.90722E+01	 6.13734E+01	 2.22100E+01	 1.89971E+01	 3.76098E+01	 4.54129E+01	 4.74457E+01	 4.27781E+01	 1.85234E+01	 5.00000E+01
 6.29651E+01	 5.49265E+01	 2.82312E+01	 6.14165E+01	 2.22100E+01	 8.18811E+00	 3.76745E+01	 4.54229E+01	 4.74457E+01	 4.29033E+01	 1.95072E+01	 5.00000E+01
 6.30803E+01	 5.47840E+01	 2.76281E+01	 6.13128E+01	 2.22100E+01	 3.51411E+00	 3.77764E+01	 4.54411E+01	 4.74457E+01	 4.26882E+01	 1.96238E+01	 5.00000E+01
 6.32006E+01	 5.46915E+01	 2.74233E+01	 6.15444E+01	 2.22100E+01	 1.50579E+00	 3.79098E+01	 4.54878E+01	 4.74457E+01	 4.24346E+01	 2.01268E+01	 5.00000E+01
 6.33896E+01	 5.45003E+01	 2.73218E+01	 6.14667E+01	 2.22100E+01	 6.38463E-01	 3.80316E+01	 4.55359E+01	 4.74457E+01	 4.23802E+01	 2.03355E+01	 5.00000E+01
 6.34427E+01	 5.44601E+01	 2.66310E+01	 6.15225E+01	 2.22100E+01	 2.68603E-01	 3.80963E+01	 4.56059E+01	 4.74457E+01	 4.24281E+01	 2.03275E+01	 5.00000E+01
 6.34370E+01	 5.44411E+01	 2.60063E+01	 6.13911E+01	 2.22100E+01	 1.16170E-01	 3.82039E+01	 4.56731E+01	 4.74457E+01	 4.24146E+01	 2.00691E+01	 5.00000E+01
 6.33499E+01	 5.45235E+01	 2.51550E+01	 6.14598E+01	 2.22100E+01	 5.27139E-02	 3.82327E+01	 4.57595E+01	 4.74457E+01	 4.23818E+01	 1.98136E+01	 5.00000E+01
 6.32583E+01	 5.45645E+01	 2.44092E+01	 6.14767E+01	 2.22100E+01	 2.02240E-02	 3.82303E+01	 4.58326E+01	 4.74457E+01	 4.23790E+01	 1.94679E+01	 5.00000E+01
 6.31883E+01	 5.45621E+01	 2.36942E+01	 6.14110E+01	 2.22100E+01	 1.25579E-02	 3.82485E+01	 4.59143E+01	 4.74457E+01	 4.23358E+01	 1.90185E+01	 5.00000E+01
 6.32122E+01	 5.44248E+01	 2.33668E+01	 6.12930E+01	 2.22100E+01	 7.70309E-03	 3.82189E+01	 4.59752E+01	 4.74457E+01	 4.23047E+01	 1.96864E+01	 5.00000E+01
 6.32111E+01	 5.43577E+01	 2.32736E+01	 6.13280E+01	 2.22100E+01	 1.69722E-03	 3.81798E+01	 4.60399E+01	 4.74457E+01	 4.22898E+01	 1.89722E+01	 5.00000E+01
 6.31911E+01	 5.43309E+01	 2.27376E+01	 6.14432E+01	 2.22100E+01	 1.52385E-03	 3.81751E+01	 4.61195E+01	 4.74457E+01	 4.23023E+01	 1.90884E+01	 5.00000E+01
 6.32446E+01	 5.41544E+01	 2.20929E+01	 6.12312E+01	 2.22100E+01	 1.90136E-03	 3.81262E+01	 4.61546E+01	 4.74457E+01	 4.22251E+01	 1.85906E+01	 5.00000E+01
 6.33484E+01	 5.39655E+01	 2.16098E+01	 6.13840E+01	 2.22100E+01	 2.74022E-03	 3.80856E+01	 4.62418E+01	 4.74457E+01	 4.21138E+01	 1.85836E+01	 5.00000E+01
 6.34132E+01	 5.38340E+01	 2.12002E+01	 6.12632E+01	 2.22100E+01	 3.11078E-03	 3.80844E+01	 4.62898E+01	 4.74457E+01	 4.19963E+01	 1.80029E+01	 5.00000E+01
 6.32557E+01	 5.39978E+01	 2.01061E+01	 6.13787E+01	 2.22100E+01	 1.99207E-03	 3.80809E+01	 4.63407E+01	 4.74457E+01	 4.18135E+01	 1.80285E+01	 5.00000E+01
 6.31823E+01	 5.40103E+01	 1.94606E+01	 6.14991E+01	 2.22100E+01	 4.28161E-04	 3.80651E+01	 4.64067E+01	 4.74457E+01	 4.17140E+01	 1.83024E+01	 5.00000E+01
 6.31200E+01	 5.39848E+01	 1.92295E+01	 6.14225E+01	 2.22100E+01	 2.71333E-03	 3.80468E+01	 4.64467E+01	 4.74457E+01	 4.16233E+01	 1.76420E+01	 5.00000E+01
 6.32018E+01	 5.38111E+01	 1.87354E+01	 6.13791E+01	 2.22100E+01	 4.39628E+00	 3.80460E+01	 4.64891E+01	 4.74457E+01	 4.14861E+01	 1.77549E+01	 5.00000E+01
 6.31571E+01	 5.38481E+01	 1.83032E+01	 6.13625E+01	 2.22100E+01	 1.86254E+01	 3.80664E+01	 4.65238E+01	 4.74457E+01	 4.11975E+01	 1.70628E+01	 5.00000E+01
 6.30719E+01	 5.38660E+01	 1.79749E+01	 6.13813E+01	 2.22100E+01	 3.70999E+01	 3.80772E+01	 4.65635E+01	 4.74457E+01	 4.08276E+01	 1.73685E+01	 5.00000E+01
 6.30900E+01	 5.37903E+01	 1.77598E+01	 6.13275E+01	 2.22100E+01	 5.61256E+01	 3.80737E+01	 4.65883E+01	 4.74457E+01	 4.04334E+01	 1.67705E+01	 5.00000E+01
 6.30255E+01	 5.38604E+01	 1.74931E+01	 6.14629E+01	 2.22100E+01	 7.23394E+01	 3.80522E+01	 4.66236E+01	 4.74457E+01	 4.01760E+01	 1.69357E+01	 5.00000E+01
 6.29307E+01	 5.39188E+01	 1.84130E+01	 6.12194E+01	 2.22100E+01	 8.41543E+01	 3.79863E+01	 4.66363E+01	 4.74457E+01	 3.99510E+01	 1.68082E+01	 5.00000E+01
 6.29429E+01	 5.38314E+01	 1.86208E+01	 6.12933E+01	 2.22100E+01	 9.04728E+01	 3.79389E+01	 4.66487E+01	 4.74457E+01	 3.98895E+01	 1.67781E+01	 5.00000E+01
 6.29099E+01	 5.38541E+01	 1.87878E+01	 6.13385E+01	 2.22100E+01	 9.19610E+01	 3.78774E+01	 4.66430E+01	 4.74457E+01	 3.99664E+01	 1.66871E+01	 5.00000E+01
 6.28656E+01	 5.38730E+01	 1.84653E+01	 6.12797E+01	 2.22100E+01	 8.98671E+01	 3.77976E+01	 4.66236E+01	 4.74457E+01	 3.98498E+01	 1.66890E+01	 5.00000E+01
 6.28065E+01	 5.39335E+01	 1.89082E+01	 6.12574E+01	 2.22100E+01	 8.70521E+01	 3.77586E+01	 4.66082E+01	 4.74457E+01	 3.97967E+01	 1.66314E+01	 5.00000E+01
 6.28118E+01	 5.39442E+01	 1.94729E+01	 6.13114E+01	 2.22100E+01	 8.67850E+01	 3.77237E+01	 4.65737E+01	 4.74457E+01	 3.96938E+01	 1.62290E+01	 5.00000E+01
 6.28261E+01	 5.39531E+01	 2.03125E+01	 6.10566E+01	 2.22100E+01	 9.07318E+01	 3.76826E+01	 4.65234E+01	 4.74457E+01	 3.95101E+01	 1.62491E+01	 5.00000E+01
 6.27858E+01	 5.40380E+01	 2.05712E+01	 6.11876E+01	 2.22100E+01	 9.83835E+01	 3.77267E+01	 4.64929E+01	 4.74457E+01	 3.93168E+01	 1.64631E+01	 5.00000E+01
 6.27793E+01	 5.40796E+01	 2.09582E+01	 6.13615E+01	 2.22100E+01	 1.00000E+02	 3.77428E+01	 4.64539E+01	 4.74457E+01	 3.91750E+01	 1.63125E+01	 5.00000E+01
 6.27907E+01	 5.41028E+01	 2.21777E+01	 6.10676E+01	 2.22100E+01	 1.00000E+02	 3.77639E+01	 4.64173E+01	 4.74457E+01	 3.90740E+01	 1.63692E+01	 5.00000E+01
 6.28672E+01	 5.40724E+01	 2.24000E+01	 6.11757E+01	 2.22100E+01	 1.00000E+02	 3.77752E+01	 4.63502E+01	 4.74457E+01	 3.90565E+01	 1.69897E+01	 5.00000E+01
 6.28106E+01	 5.42431E+01	 2.25671E+01	 6.11501E+01	 2.22100E+01	 1.00000E+02	 3.78253E+01	 4.63091E+01	 4.74457E+01	 3.90487E+01	 1.68022E+01	 5.00000E+01
 6.27596E+01	 5.43690E+01	 2.28363E+01	 6.14224E+01	 2.22100E+01	 1.00000E+02	 3.79059E+01	 4.62456E+01	 4.74457E+01	 3.90956E+01	 1.68059E+01	 5.00000E+01
 6.27812E+01	 5.43952E+01	 2.43383E+01	 6.10354E+01	 2.22100E+01	 1.00000E+02	 3.79589E+01	 4.61916E+01	 4.74457E+01	 3.92456E+01	 1.67271E+01	 5.00000E+01
 6.27002E+01	 5.46213E+01	 2.50894E+01	 6.12439E+01	 2.22100E+01	 1.00000E+02	 3.80430E+01	 4.61579E+01	 4.74457E+01	 3.95371E+01	 1.70317E+01	 5.00000E+01
 6.26129E+01	 5.47841E+01	 2.55264E+01	 6.12285E+01	 2.22100E+01	 1.00000E+02	 3.81263E+01	 4.61136E+01	 4.74457E+01	 3.97797E+01	 1.76993E+01	 5.00000E+01
 6.26559E+01	 5.47778E+01	 2.62308E+01	 6.12483E+01	 2.22100E+01	 1.00000E+02	 3.81975E+01	 4.60686E+01	 4.74457E+01	 4.00596E+01	 1.86800E+01	 5.00000E+01
 6.26911E+01	 5.47972E+01	 2.70843E+01	 6.12239E+01	 2.22100E+01	 1.00000E+02	 3.83010E+01	 4.60325E+01	 4.74457E+01	 4.02639E+01	 1.89716E+01	 5.00000E+01
 6.27286E+01	 5.48253E+01	 2.75164E+01	 6.10533E+01	 2.22100E+01	 1.00000E+02	 3.83931E+01	 4.60165E+01	 4.74457E+01	 4.04864E+01	 1.92055E+01	 5.00000E+01
 6.27562E+01	 5.48720E+01	 2.83072E+01	 6.11645E+01	 2.22100E+01	 1.00000E+02	 3.84389E+01	 4.59974E+01	 4.74457E+01	 4.06172E+01	 2.05093E+01	 5.00000E+01
 6.27116E+01	 5.49743E+01	 2.85618E+01	 6.10633E+01	 2.22100E+01	 9.92719E+01	 3.84913E+01	 4.59808E+01	 4.74457E+01	 4.06479E+01	 2.11062E+01	 5.00000E+01
 6.26736E+01	 5.50483E+01	 2.91103E+01	 6.12101E+01	 2.22100E+01	 6.59926E+01	 3.85022E+01	 4.59903E+01	 4.74457E+01	 4.10454E+01	 2.19531E+01	 5.00000E+01
 6.27372E+01	 5.49851E+01	 2.93361E+01	 6.12161E+01	 2.22100E+01	 2.94856E+01	 3.85196E+01	 4.59914E+01	 4.74457E+01	 4.17611E+01	 2.22199E+01	 5.00000E+01
 6.27452E+01	 5.50006E+01	 2.96224E+01	 6.10979E+01	 2.22100E+01	 1.31368E+01	 3.85309E+01	 4.60016E+01	 4.74457E+01	 4.20248E+01	 2.25620E+01	 5.00000E+01
 6.27407E+01	 5.50257E+01	 2.94608E+01	 6.10797E+01	 2.22100E+01	 5.83872E+00	 3.86445E+01	 4.60248E+01	 4.74457E+01	 4.20406E+01	 2.27180E+01	 5.00000E+01
 6.28365E+01	 5.48700E+01	 2.97617E+01	 6.11911E+01	 2.22100E+01	 2.58325E+00	 3.87014E+01	 4.60480E+01	 4.74457E+01	 4.19525E+01	 2.26285E+01	 5.00000E+01
 6.28358E+01	 5.49116E+01	 2.93583E+01	 6.11559E+01	 2.22100E+01	 1.14480E+00	 3.87868E+01	 4.61002E+01	 4.74457E+01	 4.20365E+01	 2.27678E+01	 5.00000E+01
 6.27992E+01	 5.49547E+01	 2.91964E+01	 6.10756E+01	 2.22100E+01	 5.03907E-01	 3.88594E+01	 4.61632E+01	 4.74457E+01	 4.22056E+01	 2.27710E+01	 5.00000E+01
 6.27968E+01	 5.48954E+01	 2.95398E+01	 6.11847E+01	 2.22100E+01	 2.17691E-01	 3.88946E+01	 4.62010E+01	 4.74457E+01	 4.24310E+01	 2.38320E+01	 5.00000E+01
 6.29022E+01	 5.47009E+01	 2.94845E+01	 6.11283E+01	 2.22100E+01	 9.83561E-02	 3.89139E+01	 4.62656E+01	 4.74457E+01	 4.25847E+01	 2.32052E+01	 5.00000E+01
 6.29838E+01	 5.45721E+01	 2.94093E+01	 6.10100E+01	 2.22100E+01	 4.38982E-02	 3.89265E+01	 4.63171E+01	 4.74457E+01	 4.26406E+01	 2.30278E+01	 5.00000E+01
 6.31244E+01	 5.43460E+01	 2.86947E+01	 6.09726E+01	 2.22100E+01	 1.91583E-02	 3.89076E+01	 4.64014E+01	 4.74457E+01	 4.26692E+01	 2.32198E+01	 5.00000E+01
 6.30904E+01	 5.43609E+01	 2.85052E+01	 6.11160E+01	 2.22100E+01	 1.40802E-02	 3.88604E+01	 4.64705E+01	 4.74457E+01	 4.26362E+01	 2.29169E+01	 5.00000E+01
 6.29846E+01	 5.43784E+01	 2.73495E+01	 6.11615E+01	 2.22100E+01	 9.53410E-03	 3.88428E+01	 4.65344E+01	 4.74457E+01	 4.25180E+01	 2.25397E+01	 5.00000E+01
 6.30617E+01	 5.41876E+01	 2.66105E+01	 6.09425E+01	 2.22100E+01	 2.81330E-03	 3.87797E+01	 4.66043E+01	 4.74457E+01	 4.23424E+01	 2.25801E+01	 5.00000E+01
 6.30685E+01	 5.40819E+01	 2.64028E+01	 6.10886E+01	 2.22100E+01	 2.58188E-03	 3.86911E+01	 4.66710E+01	 4.74457E+01	 4.22444E+01	 2.15929E+01	 5.00000E+01
 6.30426E+01	 5.39992E+01	 2.59482E+01	 6.10137E+01	 2.22100E+01	 8.78164E-03	 3.85917E+01	 4.67272E+01	 4.74457E+01	 4.22005E+01	 2.09250E+01	 5.00000E+01
 6.29126E+01	 5.40634E+01	 2.54045E+01	 6.10741E+01	 2.22100E+01	 6.89285E-03	 3.85208E+01	 4.67703E+01	 4.74457E+01	 4.21323E+01	 2.01812E+01	 5.00000E+01
 6.28781E+01	 5.39898E+01	 2.42452E+01	 6.12040E+01	 2.22100E+01	 5.47500E-03	 3.84271E+01	 4.68065E+01	 4.74457E+01	 4.20338E+01	 2.05838E+01	 5.00000E+01
 6.28706E+01	 5.39145E+01	 2.37394E+01	 6.12029E+01	 2.22100E+01	 1.72095E-03	 3.83326E+01	 4.68350E+01	 4.74457E+01	 4.19689E+01	 1.95012E+01	 5.00000E+01
 6.29606E+01	 5.37182E+01	 2.31244E+01	 6.11992E+01	 2.22100E+01	 1.25565E-03	 3.82399E+01	 4.68637E+01	 4.74457E+01	 4.19323E+01	 1.89784E+01	 5.00000E+01
 6.29878E+01	 5.36442E+01	 2.31180E+01	 6.11679E+01	 2.22100E+01	 6.53651E-03	 3.81930E+01	 4.68887E+01	 4.74457E+01	 4.18880E+01	 1.89992E+01	 5.00000E+01
 6.29772E+01	 5.36146E+01	 2.26663E+01	 6.11204E+01	 2.22100E+01	 1.45565E-03	 3.81677E+01	 4.68960E+01	 4.74457E+01	 4.17966E+01	 1.86281E+01	 5.00000E+01
 6.29596E+01	 5.36083E+01	 2.22400E+01	 6.11345E+01	 2.22100E+01	 6.05691E-03	 3.81439E+01	 4.69271E+01	 4.74457E+01	 4.17153E+01	 1.83492E+01	 5.00000E+01
 6.29580E+01	 5.35335E+01	 2.18459E+01	 6.11388E+01	 2.22100E+01	 5.36268E-03	 3.81614E+01	 4.69267E+01	 4.74457E+01	 4.16914E+01	 1.80212E+01	 5.00000E+01
 6.29751E+01	 5.35082E+01	 2.15273E+01	 6.12522E+01	 2.22100E+01	 9.43237E-05	 3.81709E+01	 4.69516E+01	 4.74457E+01	 4.17068E+01	 1.85358E+01	 5.00000E+01
 6.29949E+01	 5.34597E+01	 2.08990E+01	 6.12627E+01	 2.22100E+01	 1.87961E-03	 3.82179E+01	 4.69734E+01	 4.74457E+01	 4.17072E+01	 1.83440E+01	 5.00000E+01
 6.29285E+01	 5.35340E+01	 2.07707E+01	 6.13626E+01	 2.22100E+01	 4.25656E-03	 3.82713E+01	 4.69947E+01	 4.74457E+01	 4.16300E+01	 1.82374E+01	 5.00000E+01
 6.28462E+01	 5.35922E+01	 2.04032E+01	 6.13395E+01	 2.22100E+01	 4.88172E-03	 3.82940E+01	 4.70190E+01	 4.74457E+01	 4.15036E+01	 1.88611E+01	 5.00000E+01
 6.29023E+01	 5.34803E+01	 2.00322E+01	 6.13308E+01	 2.22100E+01	 2.51660E-04	 3.83761E+01	 4.70434E+01	 4.74457E+01	 4.13699E+01	 1.88586E+01	 5.00000E+01
 6.28743E+01	 5.35075E+01	 2.02437E+01	 6.13287E+01	 2.22100E+01	 3.67046E+00	 3.84406E+01	 4.70667E+01	 4.74457E+01	 4.11400E+01	 1.85078E+01	 5.00000E+01
 6.28274E+01	 5.35091E+01	 1.96878E+01	 6.12426E+01	 2.22100E+01	 1.76532E+01	 3.84884E+01	 4.70889E+01	 4.74457E+01	 4.07616E+01	 1.80534E+01	 5.00000E+01
 6.27651E+01	 5.35606E+01	 1.94401E+01	 6.14225E+01	 2.22100E+01	 3.72486E+01	 3.85283E+01	 4.71264E+01	 4.74457E+01	 4.02782E+01	 1.79538E+01	 5.00000E+01
 6.27591E+01	 5.35157E+01	 1.87181E+01	 6.14175E+01	 2.22100E+01	 5.95913E+01	 3.85468E+01	 4.71415E+01	 4.74457E+01	 3.98135E+01	 1.77001E+01	 5.00000E+01
 6.27485E+01	 5.34812E+01	 1.87771E+01	 6.13383E+01	 2.22100E+01	 8.13314E+01	 3.85139E+01	 4.71350E+01	 4.74457E+01	 3.93462E+01	 1.72063E+01	 5.00000E+01
 6.27803E+01	 5.34316E+01	 1.85629E+01	 6.15138E+01	 2.22100E+01	 1.00000E+02	 3.84303E+01	 4.71359E+01	 4.74457E+01	 3.90485E+01	 1.69560E+01	 5.00000E+01
 6.27695E+01	 5.34120E+01	 1.93260E+01	 6.11588E+01	 2.22100E+01	 1.00000E+02	 3.83264E+01	 4.71088E+01	 4.74457E+01	 3.89006E+01	 1.68165E+01	 5.00000E+01
 6.27509E+01	 5.34027E+01	 1.99956E+01	 6.10987E+01	 2.22100E+01	 1.00000E+02	 3.82000E+01	 4.70785E+01	 4.74457E+01	 3.88845E+01	 1.61130E+01	 5.00000E+01
 6.27416E+01	 5.34168E+01	 2.00714E+01	 6.12988E+01	 2.22100E+01	 1.00000E+02	 3.80852E+01	 4.70373E+01	 4.74457E+01	 3.89643E+01	 1.63036E+01	 5.00000E+01
 6.27552E+01	 5.34123E+01	 2.05523E+01	 6.11343E+01	 2.22100E+01	 1.00000E+02	 3.79726E+01	 4.69634E+01	 4.74457E+01	 3.89663E+01	 1.55647E+01	 5.00000E+01
 6.27683E+01	 5.34325E+01	 2.09072E+01	 6.13878E+01	 2.22100E+01	 1.00000E+02	 3.79028E+01	 4.68873E+01	 4.74457E+01	 3.90524E+01	 1.60327E+01	 5.00000E+01
 6.26749E+01	 5.35864E+01	 2.14901E+01	 6.12785E+01	 2.22100E+01	 1.00000E+02	 3.78526E+01	 4.68077E+01	 4.74457E+01	 3.90246E+01	 1.57550E+01	 5.00000E+01
 6.27214E+01	 5.35814E+01	 2.22693E+01	 6.11481E+01	 2.22100E+01	 1.00000E+02	 3.78375E+01	 4.67120E+01	 4.74457E+01	 3.90599E+01	 1.59977E+01	 5.00000E+01
 6.27978E+01	 5.35795E+01	 2.29562E+01	 6.12298E+01	 2.22100E+01	 1.00000E+02	 3.78500E+01	 4.66417E+01	 4.74457E+01	 3.91586E+01	 1.60347E+01	 5.00000E+01
 6.27675E+01	 5.37534E+01	 2.32531E+01	 6.12336E+01	 2.22100E+01	 1.00000E+02	 3.79098E+01	 4.65696E+01	 4.74457E+01	 3.92725E+01	 1.63061E+01	 5.00000E+01
 6.27226E+01	 5.38871E+01	 2.34170E+01	 6.12658E+01	 2.22100E+01	 1.00000E+02	 3.79549E+01	 4.64741E+01	 4.74457E+01	 3.99282E+01	 1.72716E+01	 5.00000E+01
 6.27170E+01	 5.39942E+01	 2.42078E+01	 6.12868E+01	 2.22100E+01	 1.00000E+02	 3.79871E+01	 4.64190E+01	 4.74457E+01	 4.05640E+01	 1.77829E+01	 5.00000E+01
 6.26433E+01	 5.41967E+01	 2.51477E+01	 6.11654E+01	 2.22100E+01	 1.00000E+02	 3.80679E+01	 4.63565E+01	 4.74457E+01	 4.10157E+01	 1.85424E+01	 5.00000E+01
 6.26836E+01	 5.42174E+01	 2.54513E+01	 6.13729E+01	 2.22100E+01	 1.00000E+02	 3.81624E+01	 4.63276E+01	 4.74457E+01	 4.11986E+01	 1.94545E+01	 5.00000E+01
 6.27365E+01	 5.41980E+01	 2.58951E+01	 6.13075E+01	 2.22100E+01	 1.00000E+02	 3.82218E+01	 4.63016E+01	 4.74457E+01	 4.10731E+01	 1.99410E+01	 5.00000E+01
 6.25972E+01	 5.44519E+01	 2.63069E+01	 6.13890E+01	 2.22100E+01	 9.10524E+01	 3.82308E+01	 4.62751E+01	 4.74457E+01	 4.08069E+01	 2.07534E+01	 5.00000E+01
 6.26064E+01	 5.44248E+01	 2.70046E+01	 6.12445E+01	 2.22100E+01	 4.71245E+01	 3.82522E+01	 4.62500E+01	 4.74457E+01	 4.09180E+01	 2.07492E+01	 5.00000E+01
 6.26652E+01	 5.43917E+01	 2.77591E+01	 6.11395E+01	 2.22100E+01	 2.09222E+01	 3.82758E+01	 4.62673E+01	 4.74457E+01	 4.12130E+01	 2.03047E+01	 5.00000E+01
 6.27523E+01	 5.42993E+01	 2.80555E+01	 6.11566E+01	 2.22100E+01	 9.25443E+00	 3.83079E+01	 4.62604E+01	 4.74457E+01	 4.14452E+01	 2.13811E+01	 5.00000E+01
 6.27912E+01	 5.42950E+01	 2.76069E+01	 6.11942E+01	 2.22100E+01	 4.07049E+00	 3.83275E+01	 4.62631E+01	 4.74457E+01	 4.14921E+01	 2.07762E+01	 5.00000E+01
 6.28084E+01	 5.43020E+01	 2.79082E+01	 6.12136E+01	 2.22100E+01	 1.78108E+00	 3.83879E+01	 4.62486E+01	 4.74457E+01	 4.14817E+01	 2.07856E+01	 5.00000E+01
 6.30314E+01	 5.40206E+01	 2.77253E+01	 6.11319E+01	 2.22100E+01	 7.79474E-01	 3.84299E+01	 4.62691E+01	 4.74457E+01	 4.14438E+01	 2.05869E+01	 5.00000E+01
 6.30350E+01	 5.41043E+01	 2.77717E+01	 6.12012E+01	 2.22100E+01	 3.45097E-01	 3.84844E+01	 4.62724E+01	 4.74457E+01	 4.13473E+01	 2.04512E+01	 5.00000E+01
 6.29632E+01	 5.42006E+01	 2.79349E+01	 6.12554E+01	 2.22100E+01	 1.47598E-01	 3.85220E+01	 4.62974E+01	 4.74457E+01	 4.12731E+01	 1.96991E+01	 5.00000E+01
 6.30108E+01	 5.41058E+01	 2.88397E+01	 6.11591E+01	 2.22100E+01	 6.06921E-02	 3.85665E+01	 4.62972E+01	 4.74457E+01	 4.12156E+01	 1.98300E+01	 5.00000E+01
 6.30738E+01	 5.40519E+01	 2.86511E+01	 6.11458E+01	 2.22100E+01	 5.84735E+00	 3.86001E+01	 4.63310E+01	 4.74457E+01	 4.10981E+01	 1.98881E+01	 5.00000E+01
 6.31055E+01	 5.39976E+01	 2.79457E+01	 6.11463E+01	 2.22100E+01	 2.15312E+01	 3.86249E+01	 4.63547E+01	 4.74457E+01	 4.08599E+01	 1.91031E+01	 5.00000E+01
 6.31448E+01	 5.39391E+01	 2.76677E+01	 6.11489E+01	 2.22100E+01	 4.12460E+01	 3.86248E+01	 4.63592E+01	 4.74457E+01	 4.05300E+01	 1.84438E+01	 5.00000E+01
 6.31086E+01	 5.39909E+01	 2.75559E+01	 6.12084E+01	 2.22100E+01	 5.96711E+01	 3.86325E+01	 4.63810E+01	 4.74457E+01	 4.02656E+01	 1.81426E+01	 5.00000E+01
 6.30462E+01	 5.40166E+01	 2.74574E+01	 6.11617E+01	 2.22100E+01	 7.48711E+01	 3.85531E+01	 4.63924E+01	 4.74457E+01	 3.99656E+01	 1.82077E+01	 5.00000E+01
 6.30010E+01	 5.40455E+01	 2.75748E+01	 6.09714E+01	 2.22100E+01	 8.54723E+01	 3.84644E+01	 4.63965E+01	 4.74457E+01	 3.98639E+01	 1.81784E+01	 5.00000E+01
 6.29970E+01	 5.40169E+01	 2.79423E+01	 6.09597E+01	 2.22100E+01	 8.97800E+01	 3.83425E+01	 4.63896E+01	 4.74457E+01	 4.00186E+01	 1.72017E+01	 5.00000E+01
 6.30047E+01	 5.39757E+01	 2.81434E+01	 6.10283E+01	 2.22100E+01	 8.73715E+01	 3.81987E+01	 4.63779E+01	 4.74457E+01	 4.02959E+01	 1.70044E+01	 5.00000E+01
 6.30406E+01	 5.39339E+01	 2.80313E+01	 6.10372E+01	 2.22100E+01	 7.88210E+01	 3.80759E+01	 4.63414E+01	 4.74457E+01	 4.07980E+01	 1.72451E+01	 5.00000E+01
 6.30024E+01	 5.40082E+01	 2.75982E+01	 6.10821E+01	 2.22100E+01	 6.24354E+01	 3.79686E+01	 4.63038E+01	 4.74457E+01	 4.15046E+01	 1.77898E+01	 5.00000E+01
 6.29601E+01	 5.40531E+01	 2.69829E+01	 6.11881E+01	 2.22100E+01	 3.71630E+01	 3.78893E+01	 4.62708E+01	 4.74457E+01	 4.22313E+01	 1.81179E+01	 5.00000E+01
 6.29869E+01	 5.40446E+01	 2.78484E+01	 6.10617E+01	 2.22100E+01	 1.61310E+01	 3.78853E+01	 4.62412E+01	 4.74457E+01	 4.27964E+01	 1.87668E+01	 5.00000E+01
 6.29455E+01	 5.41445E+01	 2.75934E+01	 6.12228E+01	 2.22100E+01	 6.98303E+00	 3.79230E+01	 4.62257E+01	 4.74457E+01	 4.30218E+01	 1.88465E+01	 5.00000E+01
 6.29025E+01	 5.42329E+01	 2.73345E+01	 6.11630E+01	 2.22100E+01	 3.02083E+00	 3.80109E+01	 4.62482E+01	 4.74457E+01	 4.29108E+01	 1.99112E+01	 5.00000E+01
 6.29077E+01	 5.42227E+01	 2.72504E+01	 6.13179E+01	 2.22100E+01	 1.30497E+00	 3.80972E+01	 4.62436E+01	 4.74457E+01	 4.27570E+01	 2.02237E+01	 5.00000E+01
 6.29959E+01	 5.40971E+01	 2.67054E+01	 6.12997E+01	 2.22100E+01	 5.62864E-01	 3.81945E+01	 4.62961E+01	 4.74457E+01	 4.24101E+01	 2.04207E+01	 5.00000E+01
 6.30659E+01	 5.40009E+01	 2.62149E+01	 6.12454E+01	 2.22100E+01	 2.39712E-01	 3.82792E+01	 4.63304E+01	 4.74457E+01	 4.20588E+01	 2.02231E+01	 5.00000E+01
 6.30818E+01	 5.39839E+01	 2.58788E+01	 6.11441E+01	 2.22100E+01	 1.01003E-01	 3.83002E+01	 4.63745E+01	 4.74457E+01	 4.19157E+01	 2.01164E+01	 5.00000E+01
 6.30140E+01	 5.40563E+01	 2.58319E+01	 6.11265E+01	 2.22100E+01	 4.07135E-02	 3.82969E+01	 4.64280E+01	 4.74457E+01	 4.17207E+01	 1.97162E+01	 5.00000E+01
 6.29305E+01	 5.40866E+01	 2.47808E+01	 6.13462E+01	 2.22100E+01	 1.58295E-02	 3.82910E+01	 4.64712E+01	 4.74457E+01	 4.16711E+01	 1.87769E+01	 5.00000E+01
 6.31223E+01	 5.37702E+01	 2.40416E+01	 6.12319E+01	 2.22100E+01	 1.32620E-02	 3.82449E+01	 4.65030E+01	 4.74457E+01	 4.17290E+01	 1.85426E+01	 5.00000E+01
 6.31686E+01	 5.36978E+01	 2.39370E+01	 6.11700E+01	 2.22100E+01	 1.04060E-02	 3.81895E+01	 4.65431E+01	 4.74457E+01	 4.18533E+01	 1.85355E+01	 5.00000E+01
 6.31673E+01	 5.36541E+01	 2.36954E+01	 6.11860E+01	 2.22100E+01	 3.98459E-03	 3.81528E+01	 4.65600E+01	 4.74457E+01	 4.19428E+01	 1.79870E+01	 5.00000E+01
 6.30827E+01	 5.37432E+01	 2.27980E+01	 6.12373E+01	 2.22100E+01	 2.55000E-03	 3.81180E+01	 4.65764E+01	 4.74457E+01	 4.19661E+01	 1.83821E+01	 5.00000E+01
 6.30803E+01	 5.36857E+01	 2.15157E+01	 6.13713E+01	 2.22100E+01	 4.91201E-04	 3.81078E+01	 4.65949E+01	 4.74457E+01	 4.19561E+01	 1.76375E+01	 5.00000E+01
 6.31066E+01	 5.36259E+01	 2.11543E+01	 6.13501E+01	 2.22100E+01	 1.08380E-03	 3.80904E+01	 4.66243E+01	 4.74457E+01	 4.19432E+01	 1.81456E+01	 5.00000E+01
 6.30636E+01	 5.36379E+01	 2.08910E+01	 6.12776E+01	 2.22100E+01	 1.00138E-03	 3.80784E+01	 4.66315E+01	 4.74457E+01	 4.18918E+01	 1.75753E+01	 5.00000E+01
 6.31443E+01	 5.34824E+01	 2.09492E+01	 6.14136E+01	 2.22100E+01	 5.09351E-01	 3.80988E+01	 4.66646E+01	 4.74457E+01	 4.18743E+01	 1.83427E+01	 5.00000E+01
 6.32098E+01	 5.33873E+01	 2.10304E+01	 6.13077E+01	 2.22100E+01	 5.41475E+00	 3.81229E+01	 4.66917E+01	 4.74457E+01	 4.18144E+01	 1.76503E+01	 5.00000E+01
 6.30592E+01	 5.35683E+01	 1.99138E+01	 6.13354E+01	 2.22100E+01	 1.29118E+01	 3.81333E+01	 4.67168E+01	 4.74457E+01	 4.16060E+01	 1.78970E+01	 5.00000E+01
 6.30224E+01	 5.35685E+01	 1.96542E+01	 6.13281E+01	 2.22100E+01	 2.09997E+01	 3.81289E+01	 4.67580E+01	 4.74457E+01	 4.13135E+01	 1.82676E+01	 5.00000E+01
 6.30207E+01	 5.35148E+01	 1.93910E+01	 6.12880E+01	 2.22100E+01	 2.86552E+01	 3.81101E+01	 4.67874E+01	 4.74457E+01	 4.11757E+01	 1.82436E+01	 5.00000E+01
 6.30663E+01	 5.33917E+01	 1.98873E+01	 6.11604E+01	 2.22100E+01	 3.46229E+01	 3.80752E+01	 4.68019E+01	 4.74457E+01	 4.10861E+01	 1.77569E+01	 5.00000E+01
 6.30372E+01	 5.34063E+01	 1.90520E+01	 6.14265E+01	 2.22100E+01	 3.84993E+01	 3.80577E+01	 4.68270E+01	 4.74457E+01	 4.10224E+01	 1.72168E+01	 5.00000E+01
 6.29839E+01	 5.34332E+01	 1.87737E+01	 6.13736E+01	 2.22100E+01	 4.14753E+01	 3.80134E+01	 4.68211E+01	 4.74457E+01	 4.09618E+01	 1.76942E+01	 5.00000E+01
