 6.30525E+01	 5.39795E+01	 2.46436E+01	 6.13019E+01	 2.22100E+01	 4.00637E+01	 3.81003E+01	 4.65342E+01	 4.74457E+01	 4.11058E+01	 1.81135E+01	 5.00000E+01
 6.28988E+01	 5.38180E+01	 2.47460E+01	 6.11748E+01	 2.22100E+01	 3.98723E+01	 3.80527E+01	 4.64725E+01	 4.74457E+01	 4.09918E+01	 1.76883E+01	 5.00000E+01
 6.28093E+01	 5.37835E+01	 2.49528E+01	 6.11873E+01	 2.22100E+01	 3.94096E+01	 3.80389E+01	 4.64554E+01	 4.74457E+01	 4.09929E+01	 1.78881E+01	 5.00000E+01
 6.27677E+01	 5.37941E+01	 2.51011E+01	 6.10800E+01	 2.22100E+01	 3.93265E+01	 3.80381E+01	 4.64358E+01	 4.74457E+01	 4.09560E+01	 1.73808E+01	 5.00000E+01
 6.29096E+01	 5.35631E+01	 2.47833E+01	 6.12402E+01	 2.22100E+01	 3.93749E+01	 3.80160E+01	 4.64337E+01	 4.74457E+01	 4.10695E+01	 1.76394E+01	 5.00000E+01
 6.29385E+01	 5.35593E+01	 2.52913E+01	 6.11315E+01	 2.22100E+01	 3.93487E+01	 3.79920E+01	 4.64453E+01	 4.74457E+01	 4.10564E+01	 1.76912E+01	 5.00000E+01
 6.29449E+01	 5.35630E+01	 2.47035E+01	 6.11540E+01	 2.22100E+01	 3.88524E+01	 3.79835E+01	 4.64297E+01	 4.74457E+01	 4.10509E+01	 1.76713E+01	 5.00000E+01
 6.29079E+01	 5.36170E+01	 2.48302E+01	 6.10485E+01	 2.22100E+01	 3.58226E+01	 3.79995E+01	 4.64301E+01	 4.74457E+01	 4.46775E+01	 1.81509E+01	 5.00000E+01
 6.29123E+01	 5.36078E+01	 2.52620E+01	 6.12231E+01	 2.22100E+01	 3.43404E+01	 3.79840E+01	 4.64506E+01	 4.74457E+01	 4.48541E+01	 1.76798E+01	 5.00000E+01
 6.29097E+01	 5.35679E+01	 2.46876E+01	 6.12779E+01	 2.22100E+01	 3.61615E+01	 3.79577E+01	 4.64495E+01	 4.74457E+01	 4.48661E+01	 1.74971E+01	 5.00000E+01
 6.28079E+01	 5.36985E+01	 2.43352E+01	 6.12702E+01	 2.22100E+01	 3.89387E+01	 3.79234E+01	 4.64460E+01	 4.74457E+01	 4.48178E+01	 1.76070E+01	 5.00000E+01
 6.28242E+01	 5.36529E+01	 2.43032E+01	 6.11109E+01	 2.22100E+01	 4.19421E+01	 3.79032E+01	 4.64384E+01	 4.74457E+01	 4.47315E+01	 1.73995E+01	 5.00000E+01
 6.28538E+01	 5.36031E+01	 2.49465E+01	 6.10350E+01	 2.22100E+01	 4.35410E+01	 3.78969E+01	 4.64319E+01	 4.74457E+01	 4.46917E+01	 1.73709E+01	 5.00000E+01
 6.27610E+01	 5.37166E+01	 2.48198E+01	 6.10913E+01	 2.22100E+01	 4.39080E+01	 3.78681E+01	 4.64226E+01	 4.74457E+01	 4.46277E+01	 1.73930E+01	 5.00000E+01
 6.27864E+01	 5.36901E+01	 2.48971E+01	 6.11982E+01	 2.22100E+01	 4.38778E+01	 3.78610E+01	 4.64282E+01	 4.74457E+01	 4.46249E+01	 1.78355E+01	 5.00000E+01
 6.28276E+01	 5.36540E+01	 2.45968E+01	 6.10739E+01	 2.22100E+01	 4.40134E+01	 3.78503E+01	 4.64284E+01	 4.74457E+01	 4.47012E+01	 1.75215E+01	 5.00000E+01
 6.28600E+01	 5.36326E+01	 2.45489E+01	 6.11360E+01	 2.22100E+01	 4.34448E+01	 3.78409E+01	 4.64234E+01	 4.74457E+01	 4.47134E+01	 1.73437E+01	 5.00000E+01
 6.28903E+01	 5.35954E+01	 2.43365E+01	 6.11036E+01	 2.22100E+01	 4.27779E+01	 3.78033E+01	 4.64063E+01	 4.74457E+01	 4.47050E+01	 1.73376E+01	 5.00000E+01
 6.29104E+01	 5.35852E+01	 2.48228E+01	 6.11117E+01	 2.22100E+01	 4.19894E+01	 3.78105E+01	 4.63986E+01	 4.74457E+01	 4.47386E+01	 1.75372E+01	 5.00000E+01
 6.29214E+01	 5.35905E+01	 2.48297E+01	 6.11743E+01	 2.22100E+01	 4.12874E+01	 3.78187E+01	 4.63952E+01	 4.74457E+01	 4.47442E+01	 1.77392E+01	 5.00000E+01
 6.29160E+01	 5.36086E+01	 2.47885E+01	 6.10903E+01	 2.22100E+01	 4.11077E+01	 3.78382E+01	 4.63913E+01	 4.74457E+01	 4.47606E+01	 1.73183E+01	 5.00000E+01
 6.29040E+01	 5.36368E+01	 2.43006E+01	 6.11201E+01	 2.22100E+01	 4.10916E+01	 3.78279E+01	 4.63898E+01	 4.74457E+01	 4.47439E+01	 1.74996E+01	 5.00000E+01
 6.30224E+01	 5.34976E+01	 2.46874E+01	 6.11563E+01	 2.22100E+01	 4.10242E+01	 3.78139E+01	 4.63956E+01	 4.74457E+01	 4.47909E+01	 1.74146E+01	 5.00000E+01
 6.29184E+01	 5.36522E+01	 2.44929E+01	 6.11665E+01	 2.22100E+01	 4.09594E+01	 3.78138E+01	 4.63747E+01	 4.74457E+01	 4.47882E+01	 1.77446E+01	 5.00000E+01
 6.28068E+01	 5.37780E+01	 2.44169E+01	 6.11520E+01	 2.22100E+01	 4.13555E+01	 3.78262E+01	 4.63734E+01	 4.74457E+01	 4.46816E+01	 1.69385E+01	 5.00000E+01
 6.27287E+01	 5.38581E+01	 2.46112E+01	 6.11464E+01	 2.22100E+01	 4.21883E+01	 3.78289E+01	 4.63625E+01	 4.74457E+01	 4.46692E+01	 1.78948E+01	 5.00000E+01
 6.27339E+01	 5.38299E+01	 2.40975E+01	 6.10842E+01	 2.22100E+01	 4.29835E+01	 3.78217E+01	 4.63615E+01	 4.74457E+01	 4.46434E+01	 1.72829E+01	 5.00000E+01
 6.27536E+01	 5.38094E+01	 2.46061E+01	 6.11362E+01	 2.22100E+01	 4.34670E+01	 3.78265E+01	 4.63639E+01	 4.74457E+01	 4.46888E+01	 1.76367E+01	 5.00000E+01
 6.28439E+01	 5.36931E+01	 2.45132E+01	 6.11153E+01	 2.22100E+01	 4.37239E+01	 3.78085E+01	 4.63542E+01	 4.74457E+01	 4.47021E+01	 1.76740E+01	 5.00000E+01
 6.28659E+01	 5.37091E+01	 2.41732E+01	 6.11250E+01	 2.22100E+01	 4.34492E+01	 3.78287E+01	 4.63466E+01	 4.74457E+01	 4.47088E+01	 1.72033E+01	 5.00000E+01
 6.28616E+01	 5.37226E+01	 2.47466E+01	 6.10297E+01	 2.22100E+01	 4.24369E+01	 3.78218E+01	 4.63411E+01	 4.74457E+01	 4.46588E+01	 1.80408E+01	 5.00000E+01
 6.29900E+01	 5.35543E+01	 2.44774E+01	 6.11830E+01	 2.22100E+01	 4.12361E+01	 3.78222E+01	 4.63372E+01	 4.74457E+01	 4.47754E+01	 1.72946E+01	 5.00000E+01
 6.30080E+01	 5.35839E+01	 2.48452E+01	 6.10435E+01	 2.22100E+01	 4.02268E+01	 3.78235E+01	 4.63265E+01	 4.74457E+01	 4.47251E+01	 1.72532E+01	 5.00000E+01
 6.30117E+01	 5.36128E+01	 2.53432E+01	 6.11040E+01	 2.22100E+01	 3.91536E+01	 3.78353E+01	 4.63430E+01	 4.74457E+01	 4.48441E+01	 1.82269E+01	 5.00000E+01
 6.29727E+01	 5.36593E+01	 2.52721E+01	 6.11107E+01	 2.22100E+01	 3.86127E+01	 3.78388E+01	 4.63486E+01	 4.74457E+01	 4.47742E+01	 1.78615E+01	 5.00000E+01
 6.29337E+01	 5.37057E+01	 2.52891E+01	 6.11390E+01	 2.22100E+01	 3.86210E+01	 3.78332E+01	 4.63393E+01	 4.74457E+01	 4.47907E+01	 1.77668E+01	 5.00000E+01
 6.28911E+01	 5.37396E+01	 2.49509E+01	 6.12091E+01	 2.22100E+01	 3.95007E+01	 3.78424E+01	 4.63250E+01	 4.74457E+01	 4.48295E+01	 1.77576E+01	 5.00000E+01
 6.30254E+01	 5.35812E+01	 2.51310E+01	 6.11125E+01	 2.22100E+01	 4.04915E+01	 3.78483E+01	 4.63269E+01	 4.74457E+01	 4.48497E+01	 1.73646E+01	 5.00000E+01
 6.29825E+01	 5.36663E+01	 2.52525E+01	 6.10494E+01	 2.22100E+01	 4.06354E+01	 3.78351E+01	 4.63294E+01	 4.74457E+01	 4.48045E+01	 1.76108E+01	 5.00000E+01
 6.29192E+01	 5.37471E+01	 2.46416E+01	 6.12548E+01	 2.22100E+01	 4.02114E+01	 3.78585E+01	 4.63256E+01	 4.74457E+01	 4.47772E+01	 1.78268E+01	 5.00000E+01
 6.28753E+01	 5.37846E+01	 2.47484E+01	 6.10205E+01	 2.22100E+01	 4.05534E+01	 3.78674E+01	 4.63290E+01	 4.74457E+01	 4.47355E+01	 1.73186E+01	 5.00000E+01
 6.29270E+01	 5.36882E+01	 2.45007E+01	 6.12270E+01	 2.22100E+01	 4.06916E+01	 3.78422E+01	 4.63107E+01	 4.74457E+01	 4.47521E+01	 1.74155E+01	 5.00000E+01
 6.29891E+01	 5.36330E+01	 2.43278E+01	 6.11577E+01	 2.22100E+01	 4.09947E+01	 3.78461E+01	 4.63161E+01	 4.74457E+01	 4.48406E+01	 1.75728E+01	 5.00000E+01
 6.29717E+01	 5.36761E+01	 2.38711E+01	 6.12820E+01	 2.22100E+01	 4.08483E+01	 3.78104E+01	 4.63082E+01	 4.74457E+01	 4.47639E+01	 1.73749E+01	 5.00000E+01
 6.30458E+01	 5.35871E+01	 2.42472E+01	 6.11827E+01	 2.22100E+01	 4.04822E+01	 3.78170E+01	 4.63103E+01	 4.74457E+01	 4.48326E+01	 1.77848E+01	 5.00000E+01
 6.31080E+01	 5.35182E+01	 2.36473E+01	 6.12886E+01	 2.22100E+01	 4.00229E+01	 3.78338E+01	 4.62971E+01	 4.74457E+01	 4.48397E+01	 1.80915E+01	 5.00000E+01
 6.29774E+01	 5.37099E+01	 2.39799E+01	 6.12767E+01	 2.22100E+01	 3.96556E+01	 3.78192E+01	 4.63032E+01	 4.74457E+01	 4.47929E+01	 1.73649E+01	 5.00000E+01
 6.29856E+01	 5.36597E+01	 2.42822E+01	 6.12482E+01	 2.22100E+01	 4.00131E+01	 3.78342E+01	 4.63063E+01	 4.74457E+01	 4.48119E+01	 1.76272E+01	 5.00000E+01
 6.30315E+01	 5.36138E+01	 2.36764E+01	 6.12213E+01	 2.22100E+01	 4.08514E+01	 3.78246E+01	 4.63073E+01	 4.74457E+01	 4.48201E+01	 1.77028E+01	 5.00000E+01
 6.30180E+01	 5.36483E+01	 2.33993E+01	 6.12760E+01	 2.22100E+01	 4.14007E+01	 3.78311E+01	 4.63141E+01	 4.74457E+01	 4.48313E+01	 1.75835E+01	 5.00000E+01
 6.30262E+01	 5.36351E+01	 2.38595E+01	 6.11821E+01	 2.22100E+01	 4.20661E+01	 3.78124E+01	 4.63155E+01	 4.74457E+01	 4.48051E+01	 1.75515E+01	 5.00000E+01
 6.30252E+01	 5.36129E+01	 2.42159E+01	 6.11843E+01	 2.22100E+01	 4.21354E+01	 3.77929E+01	 4.63088E+01	 4.74457E+01	 4.47853E+01	 1.78070E+01	 5.00000E+01
 6.30270E+01	 5.36397E+01	 2.38920E+01	 6.11137E+01	 2.22100E+01	 4.16428E+01	 3.78058E+01	 4.63116E+01	 4.74457E+01	 4.47301E+01	 1.75489E+01	 5.00000E+01
 6.30517E+01	 5.36014E+01	 2.41131E+01	 6.11027E+01	 2.22100E+01	 4.07641E+01	 3.78133E+01	 4.63187E+01	 4.74457E+01	 4.47597E+01	 1.78698E+01	 5.00000E+01
 6.30735E+01	 5.35844E+01	 2.38166E+01	 6.11565E+01	 2.22100E+01	 3.99084E+01	 3.78195E+01	 4.63151E+01	 4.74457E+01	 4.48216E+01	 1.77137E+01	 5.00000E+01
 6.29820E+01	 5.37014E+01	 2.39790E+01	 6.10920E+01	 2.22100E+01	 3.93943E+01	 3.78331E+01	 4.63068E+01	 4.74457E+01	 4.47980E+01	 1.75641E+01	 5.00000E+01
 6.30206E+01	 5.36517E+01	 2.42421E+01	 6.11087E+01	 2.22100E+01	 3.91123E+01	 3.78186E+01	 4.63326E+01	 4.74457E+01	 4.47443E+01	 1.75189E+01	 5.00000E+01
 6.30614E+01	 5.36039E+01	 2.48316E+01	 6.10284E+01	 2.22100E+01	 3.90507E+01	 3.78160E+01	 4.63122E+01	 4.74457E+01	 4.47337E+01	 1.81521E+01	 5.00000E+01
 6.31357E+01	 5.35325E+01	 2.44968E+01	 6.10262E+01	 2.22100E+01	 3.86602E+01	 3.78333E+01	 4.63105E+01	 4.74457E+01	 4.47639E+01	 1.70978E+01	 5.00000E+01
 6.30525E+01	 5.37066E+01	 2.41662E+01	 6.10741E+01	 2.22100E+01	 3.82698E+01	 3.78377E+01	 4.63269E+01	 4.74457E+01	 4.48176E+01	 1.75139E+01	 5.00000E+01
 6.29220E+01	 5.38150E+01	 2.43987E+01	 6.11448E+01	 2.22100E+01	 3.84125E+01	 3.78357E+01	 4.63264E+01	 4.74457E+01	 4.47508E+01	 1.78089E+01	 5.00000E+01
 6.29648E+01	 5.37492E+01	 2.53646E+01	 6.11079E+01	 2.22100E+01	 3.93481E+01	 3.78812E+01	 4.63168E+01	 4.74457E+01	 4.47628E+01	 1.76431E+01	 5.00000E+01
 6.29899E+01	 5.37083E+01	 2.52456E+01	 6.10606E+01	 2.22100E+01	 4.06444E+01	 3.78837E+01	 4.63170E+01	 4.74457E+01	 4.48138E+01	 1.76088E+01	 5.00000E+01
 6.30218E+01	 5.37045E+01	 2.55559E+01	 6.11005E+01	 2.22100E+01	 4.11417E+01	 3.78713E+01	 4.63268E+01	 4.74457E+01	 4.47934E+01	 1.78624E+01	 5.00000E+01
 6.29762E+01	 5.37783E+01	 2.52560E+01	 6.10371E+01	 2.22100E+01	 4.05621E+01	 3.78918E+01	 4.63336E+01	 4.74457E+01	 4.47257E+01	 1.76374E+01	 5.00000E+01
 6.30071E+01	 5.37150E+01	 2.53252E+01	 6.11241E+01	 2.22100E+01	 3.99810E+01	 3.78825E+01	 4.63345E+01	 4.74457E+01	 4.47856E+01	 1.75705E+01	 5.00000E+01
 6.30342E+01	 5.36698E+01	 2.54534E+01	 6.09163E+01	 2.22100E+01	 3.93916E+01	 3.78902E+01	 4.63188E+01	 4.74457E+01	 4.47788E+01	 1.76818E+01	 5.00000E+01
 6.30486E+01	 5.36701E+01	 2.50191E+01	 6.11467E+01	 2.22100E+01	 3.86008E+01	 3.78980E+01	 4.63366E+01	 4.74457E+01	 4.48361E+01	 1.78165E+01	 5.00000E+01
 6.30450E+01	 5.36810E+01	 2.50274E+01	 6.09486E+01	 2.22100E+01	 3.80290E+01	 3.78917E+01	 4.63342E+01	 4.74457E+01	 4.48191E+01	 1.79283E+01	 5.00000E+01
 6.30520E+01	 5.36783E+01	 2.49903E+01	 6.10723E+01	 2.22100E+01	 3.69544E+01	 3.78844E+01	 4.63403E+01	 4.74457E+01	 4.48243E+01	 1.79280E+01	 5.00000E+01
 6.30431E+01	 5.36902E+01	 2.55152E+01	 6.10695E+01	 2.22100E+01	 3.64364E+01	 3.78990E+01	 4.63497E+01	 4.74457E+01	 4.48364E+01	 1.77896E+01	 5.00000E+01
 6.30111E+01	 5.37392E+01	 2.53943E+01	 6.10622E+01	 2.22100E+01	 3.66168E+01	 3.79129E+01	 4.63465E+01	 4.74457E+01	 4.48844E+01	 1.75479E+01	 5.00000E+01
 6.29753E+01	 5.37600E+01	 2.53206E+01	 6.09864E+01	 2.22100E+01	 3.69074E+01	 3.79108E+01	 4.63520E+01	 4.74457E+01	 4.48017E+01	 1.81381E+01	 5.00000E+01
 6.30088E+01	 5.37221E+01	 2.56626E+01	 6.09953E+01	 2.22100E+01	 3.68607E+01	 3.79337E+01	 4.63536E+01	 4.74457E+01	 4.48341E+01	 1.77181E+01	 5.00000E+01
 6.30004E+01	 5.37294E+01	 2.56005E+01	 6.10940E+01	 2.22100E+01	 3.70143E+01	 3.79421E+01	 4.63467E+01	 4.74457E+01	 4.48436E+01	 1.81157E+01	 5.00000E+01
 6.29882E+01	 5.37535E+01	 2.50311E+01	 6.10491E+01	 2.22100E+01	 3.73604E+01	 3.79319E+01	 4.63611E+01	 4.74457E+01	 4.48421E+01	 1.80717E+01	 5.00000E+01
 6.30020E+01	 5.37122E+01	 2.45640E+01	 6.11818E+01	 2.22100E+01	 3.79059E+01	 3.79322E+01	 4.63518E+01	 4.74457E+01	 4.48770E+01	 1.77748E+01	 5.00000E+01
 6.29269E+01	 5.38244E+01	 2.46236E+01	 6.11062E+01	 2.22100E+01	 3.84137E+01	 3.79317E+01	 4.63518E+01	 4.74457E+01	 4.48174E+01	 1.73045E+01	 5.00000E+01
 6.28520E+01	 5.39086E+01	 2.52034E+01	 6.10038E+01	 2.22100E+01	 3.89392E+01	 3.79477E+01	 4.63760E+01	 4.74457E+01	 4.47123E+01	 1.81103E+01	 5.00000E+01
 6.29426E+01	 5.37684E+01	 2.48675E+01	 6.11638E+01	 2.22100E+01	 3.88048E+01	 3.79217E+01	 4.63747E+01	 4.74457E+01	 4.47969E+01	 1.76313E+01	 5.00000E+01
 6.29165E+01	 5.37926E+01	 2.49961E+01	 6.10685E+01	 2.22100E+01	 3.90475E+01	 3.79101E+01	 4.63754E+01	 4.74457E+01	 4.47970E+01	 1.76810E+01	 5.00000E+01
 6.28775E+01	 5.38494E+01	 2.51533E+01	 6.10063E+01	 2.22100E+01	 3.88244E+01	 3.79335E+01	 4.63617E+01	 4.74457E+01	 4.47580E+01	 1.82445E+01	 5.00000E+01
 6.28133E+01	 5.39409E+01	 2.50425E+01	 6.09860E+01	 2.22100E+01	 3.81759E+01	 3.79384E+01	 4.63854E+01	 4.74457E+01	 4.47058E+01	 1.79669E+01	 5.00000E+01
 6.27627E+01	 5.39813E+01	 2.42497E+01	 6.11328E+01	 2.22100E+01	 3.75690E+01	 3.79526E+01	 4.63840E+01	 4.74457E+01	 4.46997E+01	 1.78207E+01	 5.00000E+01
 6.27332E+01	 5.39973E+01	 2.41571E+01	 6.11647E+01	 2.22100E+01	 3.82044E+01	 3.79307E+01	 4.63921E+01	 4.74457E+01	 4.47448E+01	 1.77024E+01	 5.00000E+01
 6.28322E+01	 5.38308E+01	 2.43956E+01	 6.09985E+01	 2.22100E+01	 3.87089E+01	 3.79295E+01	 4.63759E+01	 4.74457E+01	 4.46908E+01	 1.79133E+01	 5.00000E+01
 6.28534E+01	 5.38305E+01	 2.48363E+01	 6.10356E+01	 2.22100E+01	 3.80432E+01	 3.79269E+01	 4.63846E+01	 4.74457E+01	 4.47147E+01	 1.75583E+01	 5.00000E+01
 6.28439E+01	 5.38535E+01	 2.47980E+01	 6.10239E+01	 2.22100E+01	 3.73949E+01	 3.79506E+01	 4.63819E+01	 4.74457E+01	 4.46973E+01	 1.79247E+01	 5.00000E+01
 6.29073E+01	 5.37813E+01	 2.42799E+01	 6.10356E+01	 2.22100E+01	 3.70550E+01	 3.79490E+01	 4.63829E+01	 4.74457E+01	 4.47416E+01	 1.77175E+01	 5.00000E+01
 6.29597E+01	 5.37347E+01	 2.43749E+01	 6.11639E+01	 2.22100E+01	 3.67478E+01	 3.79481E+01	 4.64005E+01	 4.74457E+01	 4.47623E+01	 1.71888E+01	 5.00000E+01
 6.29889E+01	 5.37031E+01	 2.51095E+01	 6.09818E+01	 2.22100E+01	 3.70893E+01	 3.79742E+01	 4.63831E+01	 4.74457E+01	 4.48250E+01	 1.76815E+01	 5.00000E+01
 6.30623E+01	 5.36151E+01	 2.42752E+01	 6.11130E+01	 2.22100E+01	 3.73198E+01	 3.79636E+01	 4.63902E+01	 4.74457E+01	 4.48440E+01	 1.74973E+01	 5.00000E+01
 6.30100E+01	 5.36981E+01	 2.42857E+01	 6.10636E+01	 2.22100E+01	 3.69852E+01	 3.79858E+01	 4.64056E+01	 4.74457E+01	 4.47411E+01	 1.79211E+01	 5.00000E+01
 6.29647E+01	 5.37600E+01	 2.42152E+01	 6.11152E+01	 2.22100E+01	 3.67163E+01	 3.79789E+01	 4.64077E+01	 4.74457E+01	 4.47659E+01	 1.76996E+01	 5.00000E+01
 6.28617E+01	 5.38754E+01	 2.41096E+01	 6.12312E+01	 2.22100E+01	 3.74024E+01	 3.79924E+01	 4.64200E+01	 4.74457E+01	 4.47667E+01	 1.78914E+01	 5.00000E+01
 6.28972E+01	 5.37676E+01	 2.38121E+01	 6.11782E+01	 2.22100E+01	 3.91452E+01	 3.79818E+01	 4.64090E+01	 4.74457E+01	 4.47147E+01	 1.80533E+01	 5.00000E+01
 6.29720E+01	 5.36854E+01	 2.38540E+01	 6.11626E+01	 2.22100E+01	 4.03132E+01	 3.79740E+01	 4.64189E+01	 4.74457E+01	 4.47443E+01	 1.81541E+01	 5.00000E+01
 6.29476E+01	 5.37364E+01	 2.32434E+01	 6.12134E+01	 2.22100E+01	 4.07094E+01	 3.80005E+01	 4.64217E+01	 4.74457E+01	 4.47137E+01	 1.77715E+01	 5.00000E+01
 6.29403E+01	 5.37223E+01	 2.41240E+01	 6.10080E+01	 2.22100E+01	 4.08351E+01	 3.79687E+01	 4.64097E+01	 4.74457E+01	 4.46392E+01	 1.79218E+01	 5.00000E+01
 6.29617E+01	 5.37070E+01	 2.34145E+01	 6.12292E+01	 2.22100E+01	 4.00439E+01	 3.79687E+01	 4.64345E+01	 4.74457E+01	 4.46691E+01	 1.79562E+01	 5.00000E+01
 6.28309E+01	 5.38788E+01	 2.38253E+01	 6.09876E+01	 2.22100E+01	 3.95471E+01	 3.79810E+01	 4.64334E+01	 4.74457E+01	 4.46140E+01	 1.78243E+01	 5.00000E+01
 6.28187E+01	 5.38665E+01	 2.37511E+01	 6.12434E+01	 2.22100E+01	 3.90749E+01	 3.80069E+01	 4.64348E+01	 4.74457E+01	 4.46498E+01	 1.77168E+01	 5.00000E+01
 6.28161E+01	 5.38483E+01	 2.36068E+01	 6.10936E+01	 2.22100E+01	 4.00530E+01	 3.79830E+01	 4.64326E+01	 4.74457E+01	 4.46533E+01	 1.77502E+01	 5.00000E+01
 6.28960E+01	 5.37466E+01	 2.37505E+01	 6.10897E+01	 2.22100E+01	 4.08183E+01	 3.79741E+01	 4.64255E+01	 4.74457E+01	 4.46951E+01	 1.80144E+01	 5.00000E+01
 6.29538E+01	 5.36903E+01	 2.42405E+01	 6.12402E+01	 2.22100E+01	 4.09617E+01	 3.79806E+01	 4.64294E+01	 4.74457E+01	 4.46972E+01	 1.73809E+01	 5.00000E+01
 6.29935E+01	 5.36579E+01	 2.38255E+01	 6.12135E+01	 2.22100E+01	 4.10671E+01	 3.79854E+01	 4.64091E+01	 4.74457E+01	 4.47263E+01	 1.75496E+01	 5.00000E+01
 6.30474E+01	 5.36295E+01	 2.35439E+01	 6.12467E+01	 2.22100E+01	 4.12266E+01	 3.79792E+01	 4.64086E+01	 4.74457E+01	 4.47378E+01	 1.79391E+01	 5.00000E+01
 6.30027E+01	 5.36879E+01	 2.41159E+01	 6.11427E+01	 2.22100E+01	 4.08815E+01	 3.79921E+01	 4.64135E+01	 4.74457E+01	 4.46710E+01	 1.84262E+01	 5.00000E+01
 6.29561E+01	 5.37236E+01	 2.41532E+01	 6.10345E+01	 2.22100E+01	 4.03727E+01	 3.79624E+01	 4.64187E+01	 4.74457E+01	 4.46418E+01	 1.79764E+01	 5.00000E+01
 6.28288E+01	 5.38722E+01	 2.39579E+01	 6.12292E+01	 2.22100E+01	 3.98759E+01	 3.79935E+01	 4.64314E+01	 4.74457E+01	 4.47188E+01	 1.84728E+01	 5.00000E+01
 6.27628E+01	 5.39326E+01	 2.41009E+01	 6.11787E+01	 2.22100E+01	 4.03494E+01	 3.79943E+01	 4.64234E+01	 4.74457E+01	 4.46006E+01	 1.78242E+01	 5.00000E+01
 6.27357E+01	 5.39524E+01	 2.41646E+01	 6.11791E+01	 2.22100E+01	 4.14202E+01	 3.80117E+01	 4.64250E+01	 4.74457E+01	 4.46114E+01	 1.80317E+01	 5.00000E+01
 6.28898E+01	 5.37664E+01	 2.43312E+01	 6.11210E+01	 2.22100E+01	 4.25086E+01	 3.79976E+01	 4.64373E+01	 4.74457E+01	 4.47158E+01	 1.81233E+01	 5.00000E+01
 6.28403E+01	 5.38437E+01	 2.48639E+01	 6.10293E+01	 2.22100E+01	 4.23871E+01	 3.79889E+01	 4.64338E+01	 4.74457E+01	 4.45647E+01	 1.77408E+01	 5.00000E+01
 6.27874E+01	 5.39245E+01	 2.41286E+01	 6.12351E+01	 2.22100E+01	 4.11945E+01	 3.79970E+01	 4.64330E+01	 4.74457E+01	 4.46078E+01	 1.76080E+01	 5.00000E+01
 6.28779E+01	 5.37731E+01	 2.47820E+01	 6.09797E+01	 2.22100E+01	 4.07451E+01	 3.80024E+01	 4.64286E+01	 4.74457E+01	 4.46335E+01	 1.81317E+01	 5.00000E+01
 6.28958E+01	 5.37526E+01	 2.45732E+01	 6.11037E+01	 2.22100E+01	 3.98598E+01	 3.80091E+01	 4.64083E+01	 4.74457E+01	 4.46839E+01	 1.77926E+01	 5.00000E+01
 6.29086E+01	 5.37629E+01	 2.44985E+01	 6.10816E+01	 2.22100E+01	 3.91471E+01	 3.80120E+01	 4.64206E+01	 4.74457E+01	 4.46853E+01	 1.84714E+01	 5.00000E+01
 6.29025E+01	 5.37706E+01	 2.40856E+01	 6.11987E+01	 2.22100E+01	 3.87354E+01	 3.79885E+01	 4.64108E+01	 4.74457E+01	 4.46990E+01	 1.82673E+01	 5.00000E+01
 6.28886E+01	 5.37942E+01	 2.39693E+01	 6.11122E+01	 2.22100E+01	 3.91765E+01	 3.79973E+01	 4.64098E+01	 4.74457E+01	 4.46624E+01	 1.80631E+01	 5.00000E+01
 6.28916E+01	 5.38086E+01	 2.43529E+01	 6.11101E+01	 2.22100E+01	 3.94283E+01	 3.79889E+01	 4.64182E+01	 4.74457E+01	 4.47083E+01	 1.79885E+01	 5.00000E+01
 6.29026E+01	 5.37879E+01	 2.42602E+01	 6.10476E+01	 2.22100E+01	 3.97139E+01	 3.80204E+01	 4.64203E+01	 4.74457E+01	 4.46727E+01	 1.81868E+01	 5.00000E+01
 6.28905E+01	 5.37946E+01	 2.41240E+01	 6.11356E+01	 2.22100E+01	 3.97350E+01	 3.80232E+01	 4.64190E+01	 4.74457E+01	 4.46144E+01	 1.77659E+01	 5.00000E+01
 6.28814E+01	 5.38336E+01	 2.41994E+01	 6.11597E+01	 2.22100E+01	 3.98449E+01	 3.80301E+01	 4.64261E+01	 4.74457E+01	 4.46843E+01	 1.75556E+01	 5.00000E+01
 6.28939E+01	 5.37858E+01	 2.42937E+01	 6.11182E+01	 2.22100E+01	 4.01798E+01	 3.80282E+01	 4.64096E+01	 4.74457E+01	 4.46774E+01	 1.85610E+01	 5.00000E+01
 6.28129E+01	 5.39098E+01	 2.47349E+01	 6.10715E+01	 2.22100E+01	 4.04020E+01	 3.80243E+01	 4.64228E+01	 4.74457E+01	 4.46870E+01	 1.87070E+01	 5.00000E+01
 6.27300E+01	 5.39822E+01	 2.46420E+01	 6.10819E+01	 2.22100E+01	 4.06279E+01	 3.80411E+01	 4.64317E+01	 4.74457E+01	 4.46013E+01	 1.80218E+01	 5.00000E+01
 6.27728E+01	 5.39077E+01	 2.52007E+01	 6.10652E+01	 2.22100E+01	 4.07194E+01	 3.80285E+01	 4.64320E+01	 4.74457E+01	 4.45977E+01	 1.84315E+01	 5.00000E+01
 6.27855E+01	 5.39094E+01	 2.49794E+01	 6.11288E+01	 2.22100E+01	 4.05571E+01	 3.80460E+01	 4.64255E+01	 4.74457E+01	 4.46663E+01	 1.79475E+01	 5.00000E+01
 6.27762E+01	 5.39175E+01	 2.47064E+01	 6.10948E+01	 2.22100E+01	 4.06201E+01	 3.80301E+01	 4.64346E+01	 4.74457E+01	 4.46703E+01	 1.79134E+01	 5.00000E+01
 6.27752E+01	 5.39127E+01	 2.48413E+01	 6.10161E+01	 2.22100E+01	 4.03802E+01	 3.80186E+01	 4.64319E+01	 4.74457E+01	 4.45915E+01	 1.83766E+01	 5.00000E+01
 6.28812E+01	 5.37474E+01	 2.46384E+01	 6.11640E+01	 2.22100E+01	 4.00654E+01	 3.80418E+01	 4.64278E+01	 4.74457E+01	 4.46852E+01	 1.80409E+01	 5.00000E+01
 6.29919E+01	 5.36580E+01	 2.44228E+01	 6.11506E+01	 2.22100E+01	 3.95523E+01	 3.80262E+01	 4.64222E+01	 4.74457E+01	 4.47263E+01	 1.83712E+01	 5.00000E+01
 6.28042E+01	 5.39265E+01	 2.44596E+01	 6.12004E+01	 2.22100E+01	 3.87280E+01	 3.80233E+01	 4.64285E+01	 4.74457E+01	 4.47047E+01	 1.82888E+01	 5.00000E+01
 6.26825E+01	 5.40317E+01	 2.50348E+01	 6.11104E+01	 2.22100E+01	 3.86988E+01	 3.80236E+01	 4.64179E+01	 4.74457E+01	 4.46220E+01	 1.82407E+01	 5.00000E+01
 6.26207E+01	 5.40994E+01	 2.56377E+01	 6.09809E+01	 2.22100E+01	 3.95222E+01	 3.80285E+01	 4.64107E+01	 4.74457E+01	 4.45911E+01	 1.84409E+01	 5.00000E+01
 6.27530E+01	 5.39221E+01	 2.49196E+01	 6.12189E+01	 2.22100E+01	 4.07572E+01	 3.80430E+01	 4.64222E+01	 4.74457E+01	 4.47098E+01	 1.80311E+01	 5.00000E+01
 6.28015E+01	 5.38782E+01	 2.48940E+01	 6.11673E+01	 2.22100E+01	 4.19663E+01	 3.80393E+01	 4.64088E+01	 4.74457E+01	 4.46874E+01	 1.81678E+01	 5.00000E+01
 6.28267E+01	 5.38689E+01	 2.50187E+01	 6.11856E+01	 2.22100E+01	 4.21594E+01	 3.79959E+01	 4.64268E+01	 4.74457E+01	 4.46572E+01	 1.81501E+01	 5.00000E+01
 6.29007E+01	 5.37708E+01	 2.49271E+01	 6.10381E+01	 2.22100E+01	 4.18878E+01	 3.80257E+01	 4.64144E+01	 4.74457E+01	 4.47046E+01	 1.76220E+01	 5.00000E+01
 6.28432E+01	 5.38760E+01	 2.44385E+01	 6.11468E+01	 2.22100E+01	 4.07082E+01	 3.80304E+01	 4.64234E+01	 4.74457E+01	 4.46506E+01	 1.80266E+01	 5.00000E+01
 6.27629E+01	 5.39519E+01	 2.45086E+01	 6.12525E+01	 2.22100E+01	 3.98303E+01	 3.80085E+01	 4.64249E+01	 4.74457E+01	 4.47238E+01	 1.77492E+01	 5.00000E+01
 6.26846E+01	 5.40320E+01	 2.45317E+01	 6.11406E+01	 2.22100E+01	 3.99801E+01	 3.80068E+01	 4.64325E+01	 4.74457E+01	 4.46321E+01	 1.79832E+01	 5.00000E+01
 6.27901E+01	 5.38271E+01	 2.50271E+01	 6.11000E+01	 2.22100E+01	 4.03203E+01	 3.80195E+01	 4.64266E+01	 4.74457E+01	 4.46185E+01	 1.78268E+01	 5.00000E+01
 6.29209E+01	 5.36899E+01	 2.41090E+01	 6.12019E+01	 2.22100E+01	 4.03709E+01	 3.80005E+01	 4.64248E+01	 4.74457E+01	 4.47812E+01	 1.80911E+01	 5.00000E+01
 6.28630E+01	 5.38306E+01	 2.42136E+01	 6.10726E+01	 2.22100E+01	 3.97337E+01	 3.79969E+01	 4.64243E+01	 4.74457E+01	 4.47237E+01	 1.78593E+01	 5.00000E+01
 6.28550E+01	 5.38170E+01	 2.45986E+01	 6.12096E+01	 2.22100E+01	 3.90390E+01	 3.79846E+01	 4.64340E+01	 4.74457E+01	 4.47025E+01	 1.78037E+01	 5.00000E+01
 6.28480E+01	 5.38142E+01	 2.48885E+01	 6.10652E+01	 2.22100E+01	 3.90572E+01	 3.79835E+01	 4.64233E+01	 4.74457E+01	 4.47264E+01	 1.78888E+01	 5.00000E+01
 6.28580E+01	 5.38151E+01	 2.44308E+01	 6.11205E+01	 2.22100E+01	 3.90337E+01	 3.79983E+01	 4.64173E+01	 4.74457E+01	 4.47421E+01	 1.77587E+01	 5.00000E+01
 6.28424E+01	 5.38311E+01	 2.41873E+01	 6.11466E+01	 2.22100E+01	 3.90413E+01	 3.79889E+01	 4.64201E+01	 4.74457E+01	 4.47258E+01	 1.83355E+01	 5.00000E+01
 6.28249E+01	 5.38632E+01	 2.44780E+01	 6.10309E+01	 2.22100E+01	 3.91251E+01	 3.79864E+01	 4.64318E+01	 4.74457E+01	 4.46602E+01	 1.80205E+01	 5.00000E+01
 6.29199E+01	 5.37399E+01	 2.47299E+01	 6.10944E+01	 2.22100E+01	 3.92418E+01	 3.80000E+01	 4.64260E+01	 4.74457E+01	 4.47308E+01	 1.80083E+01	 5.00000E+01
 6.28465E+01	 5.38586E+01	 2.48448E+01	 6.11391E+01	 2.22100E+01	 3.92101E+01	 3.79978E+01	 4.64250E+01	 4.74457E+01	 4.47402E+01	 1.77369E+01	 5.00000E+01
 6.27591E+01	 5.39604E+01	 2.46983E+01	 6.11435E+01	 2.22100E+01	 3.94830E+01	 3.80045E+01	 4.64234E+01	 4.74457E+01	 4.47199E+01	 1.85074E+01	 5.00000E+01
 6.29318E+01	 5.37132E+01	 2.47963E+01	 6.11550E+01	 2.22100E+01	 4.02232E+01	 3.80149E+01	 4.64286E+01	 4.74457E+01	 4.47473E+01	 1.78210E+01	 5.00000E+01
 6.29366E+01	 5.37492E+01	 2.54787E+01	 6.10759E+01	 2.22100E+01	 4.05546E+01	 3.79905E+01	 4.64182E+01	 4.74457E+01	 4.47363E+01	 1.75181E+01	 5.00000E+01
 6.29225E+01	 5.38052E+01	 2.60289E+01	 6.09167E+01	 2.22100E+01	 4.00290E+01	 3.80032E+01	 4.64311E+01	 4.74457E+01	 4.46731E+01	 1.77391E+01	 5.00000E+01
 6.29524E+01	 5.37348E+01	 2.52453E+01	 6.12634E+01	 2.22100E+01	 3.90472E+01	 3.79922E+01	 4.64419E+01	 4.74457E+01	 4.47957E+01	 1.75534E+01	 5.00000E+01
 6.28554E+01	 5.38549E+01	 2.51025E+01	 6.10635E+01	 2.22100E+01	 3.87689E+01	 3.80102E+01	 4.64239E+01	 4.74457E+01	 4.46821E+01	 1.76720E+01	 5.00000E+01
 6.27726E+01	 5.39679E+01	 2.53312E+01	 6.11221E+01	 2.22100E+01	 3.87583E+01	 3.79865E+01	 4.64256E+01	 4.74457E+01	 4.47151E+01	 1.83548E+01	 5.00000E+01
 6.27235E+01	 5.39969E+01	 2.54401E+01	 6.10336E+01	 2.22100E+01	 3.94093E+01	 3.79823E+01	 4.64342E+01	 4.74457E+01	 4.47292E+01	 1.79980E+01	 5.00000E+01
 6.27179E+01	 5.39832E+01	 2.50496E+01	 6.11348E+01	 2.22100E+01	 4.00856E+01	 3.80011E+01	 4.64200E+01	 4.74457E+01	 4.46920E+01	 1.75073E+01	 5.00000E+01
 6.27332E+01	 5.39619E+01	 2.52618E+01	 6.11428E+01	 2.22100E+01	 4.08087E+01	 3.80022E+01	 4.64176E+01	 4.74457E+01	 4.47146E+01	 1.76794E+01	 5.00000E+01
 6.27372E+01	 5.39532E+01	 2.46439E+01	 6.11623E+01	 2.22100E+01	 4.17944E+01	 3.79904E+01	 4.64217E+01	 4.74457E+01	 4.46998E+01	 1.80948E+01	 5.00000E+01
 6.28363E+01	 5.37966E+01	 2.43388E+01	 6.10411E+01	 2.22100E+01	 4.19586E+01	 3.79756E+01	 4.64143E+01	 4.74457E+01	 4.46809E+01	 1.78034E+01	 5.00000E+01
 6.29436E+01	 5.36976E+01	 2.45003E+01	 6.12597E+01	 2.22100E+01	 4.10319E+01	 3.79750E+01	 4.64174E+01	 4.74457E+01	 4.47898E+01	 1.81102E+01	 5.00000E+01
 6.31103E+01	 5.35304E+01	 2.48591E+01	 6.11764E+01	 2.22100E+01	 3.98053E+01	 3.79709E+01	 4.64086E+01	 4.74457E+01	 4.48535E+01	 1.82444E+01	 5.00000E+01
 6.31448E+01	 5.35277E+01	 2.46429E+01	 6.12346E+01	 2.22100E+01	 3.84499E+01	 3.79366E+01	 4.64120E+01	 4.74457E+01	 4.49309E+01	 1.82653E+01	 5.00000E+01
 6.31338E+01	 5.35417E+01	 2.44841E+01	 6.11150E+01	 2.22100E+01	 3.74983E+01	 3.79784E+01	 4.64070E+01	 4.74457E+01	 4.49051E+01	 1.80719E+01	 5.00000E+01
 6.30313E+01	 5.36883E+01	 2.41680E+01	 6.11877E+01	 2.22100E+01	 3.67820E+01	 3.79712E+01	 4.64191E+01	 4.74457E+01	 4.48509E+01	 1.79341E+01	 5.00000E+01
 6.29345E+01	 5.37924E+01	 2.39555E+01	 6.12108E+01	 2.22100E+01	 3.71404E+01	 3.79570E+01	 4.64185E+01	 4.74457E+01	 4.48186E+01	 1.77155E+01	 5.00000E+01
 6.28726E+01	 5.38405E+01	 2.37632E+01	 6.11588E+01	 2.22100E+01	 3.82766E+01	 3.79807E+01	 4.64282E+01	 4.74457E+01	 4.47452E+01	 1.74280E+01	 5.00000E+01
 6.28898E+01	 5.37826E+01	 2.40167E+01	 6.10425E+01	 2.22100E+01	 4.00490E+01	 3.79682E+01	 4.64190E+01	 4.74457E+01	 4.46870E+01	 1.82222E+01	 5.00000E+01
 6.28906E+01	 5.37875E+01	 2.44837E+01	 6.10794E+01	 2.22100E+01	 4.04994E+01	 3.79520E+01	 4.64161E+01	 4.74457E+01	 4.46780E+01	 1.76947E+01	 5.00000E+01
 6.28834E+01	 5.38159E+01	 2.44990E+01	 6.12024E+01	 2.22100E+01	 4.07671E+01	 3.79726E+01	 4.64299E+01	 4.74457E+01	 4.47362E+01	 1.80126E+01	 5.00000E+01
 6.29355E+01	 5.37181E+01	 2.44258E+01	 6.09913E+01	 2.22100E+01	 4.14440E+01	 3.79493E+01	 4.64012E+01	 4.74457E+01	 4.47404E+01	 1.77208E+01	 5.00000E+01
 6.30459E+01	 5.35975E+01	 2.44822E+01	 6.11419E+01	 2.22100E+01	 4.09461E+01	 3.79321E+01	 4.64275E+01	 4.74457E+01	 4.47485E+01	 1.79167E+01	 5.00000E+01
 6.31262E+01	 5.35179E+01	 2.45650E+01	 6.10325E+01	 2.22100E+01	 4.00362E+01	 3.79521E+01	 4.64170E+01	 4.74457E+01	 4.47720E+01	 1.75447E+01	 5.00000E+01
 6.29749E+01	 5.37471E+01	 2.39785E+01	 6.11441E+01	 2.22100E+01	 3.87480E+01	 3.79661E+01	 4.64128E+01	 4.74457E+01	 4.47261E+01	 1.77918E+01	 5.00000E+01
 6.29142E+01	 5.38138E+01	 2.38069E+01	 6.12633E+01	 2.22100E+01	 3.86618E+01	 3.79647E+01	 4.64267E+01	 4.74457E+01	 4.47514E+01	 1.82455E+01	 5.00000E+01
 6.28701E+01	 5.38298E+01	 2.39766E+01	 6.11961E+01	 2.22100E+01	 3.98381E+01	 3.79553E+01	 4.64184E+01	 4.74457E+01	 4.47477E+01	 1.77409E+01	 5.00000E+01
 6.29642E+01	 5.37023E+01	 2.38594E+01	 6.11543E+01	 2.22100E+01	 4.12711E+01	 3.79545E+01	 4.64160E+01	 4.74457E+01	 4.47189E+01	 1.79980E+01	 5.00000E+01
 6.29372E+01	 5.37729E+01	 2.37356E+01	 6.11429E+01	 2.22100E+01	 4.18670E+01	 3.79658E+01	 4.64090E+01	 4.74457E+01	 4.46983E+01	 1.74830E+01	 5.00000E+01
 6.28717E+01	 5.38173E+01	 2.36647E+01	 6.11730E+01	 2.22100E+01	 4.17219E+01	 3.79667E+01	 4.64095E+01	 4.74457E+01	 4.46861E+01	 1.79635E+01	 5.00000E+01
 6.29120E+01	 5.37637E+01	 2.36544E+01	 6.11279E+01	 2.22100E+01	 4.18953E+01	 3.79634E+01	 4.63991E+01	 4.74457E+01	 4.46597E+01	 1.75612E+01	 5.00000E+01
 6.28733E+01	 5.38498E+01	 2.35107E+01	 6.12746E+01	 2.22100E+01	 4.21374E+01	 3.79601E+01	 4.64060E+01	 4.74457E+01	 4.46964E+01	 1.78960E+01	 5.00000E+01
 6.28038E+01	 5.39242E+01	 2.44502E+01	 6.10472E+01	 2.22100E+01	 4.24849E+01	 3.79333E+01	 4.63996E+01	 4.74457E+01	 4.46524E+01	 1.79848E+01	 5.00000E+01
 6.28466E+01	 5.38409E+01	 2.45748E+01	 6.11326E+01	 2.22100E+01	 4.23580E+01	 3.79436E+01	 4.64039E+01	 4.74457E+01	 4.46463E+01	 1.80737E+01	 5.00000E+01
 6.28430E+01	 5.38611E+01	 2.45806E+01	 6.11887E+01	 2.22100E+01	 4.23201E+01	 3.79508E+01	 4.64004E+01	 4.74457E+01	 4.47079E+01	 1.80758E+01	 5.00000E+01
 6.28208E+01	 5.38792E+01	 2.40286E+01	 6.11383E+01	 2.22100E+01	 4.23275E+01	 3.79386E+01	 4.63935E+01	 4.74457E+01	 4.46339E+01	 1.81222E+01	 5.00000E+01
 6.27919E+01	 5.39144E+01	 2.41539E+01	 6.11232E+01	 2.22100E+01	 4.19907E+01	 3.79524E+01	 4.63998E+01	 4.74457E+01	 4.46634E+01	 1.81039E+01	 5.00000E+01
 6.28218E+01	 5.38933E+01	 2.43574E+01	 6.11842E+01	 2.22100E+01	 4.15819E+01	 3.79510E+01	 4.63943E+01	 4.74457E+01	 4.46785E+01	 1.77272E+01	 5.00000E+01
 6.28482E+01	 5.38767E+01	 2.48093E+01	 6.09309E+01	 2.22100E+01	 4.13108E+01	 3.79240E+01	 4.63777E+01	 4.74457E+01	 4.46654E+01	 1.77737E+01	 5.00000E+01
 6.28334E+01	 5.39036E+01	 2.45962E+01	 6.10716E+01	 2.22100E+01	 4.07244E+01	 3.79665E+01	 4.63849E+01	 4.74457E+01	 4.47081E+01	 1.80363E+01	 5.00000E+01
 6.28466E+01	 5.38842E+01	 2.44807E+01	 6.12554E+01	 2.22100E+01	 4.04078E+01	 3.79725E+01	 4.63875E+01	 4.74457E+01	 4.47284E+01	 1.78806E+01	 5.00000E+01
 6.28638E+01	 5.38608E+01	 2.51883E+01	 6.09605E+01	 2.22100E+01	 4.07646E+01	 3.79754E+01	 4.63965E+01	 4.74457E+01	 4.46820E+01	 1.78947E+01	 5.00000E+01
 6.29674E+01	 5.37424E+01	 2.48183E+01	 6.10790E+01	 2.22100E+01	 4.02808E+01	 3.79581E+01	 4.63785E+01	 4.74457E+01	 4.47029E+01	 1.84564E+01	 5.00000E+01
 6.29298E+01	 5.38262E+01	 2.43931E+01	 6.10598E+01	 2.22100E+01	 3.95456E+01	 3.79683E+01	 4.63888E+01	 4.74457E+01	 4.46825E+01	 1.81420E+01	 5.00000E+01
 6.28808E+01	 5.38862E+01	 2.40644E+01	 6.13288E+01	 2.22100E+01	 3.85412E+01	 3.79961E+01	 4.63777E+01	 4.74457E+01	 4.46945E+01	 1.79671E+01	 5.00000E+01
 6.29302E+01	 5.38009E+01	 2.49192E+01	 6.09515E+01	 2.22100E+01	 3.88687E+01	 3.79856E+01	 4.63758E+01	 4.74457E+01	 4.47230E+01	 1.76300E+01	 5.00000E+01
 6.28664E+01	 5.39247E+01	 2.50288E+01	 6.11675E+01	 2.22100E+01	 3.85575E+01	 3.79961E+01	 4.63922E+01	 4.74457E+01	 4.47861E+01	 1.75776E+01	 5.00000E+01
 6.27793E+01	 5.40126E+01	 2.48714E+01	 6.11452E+01	 2.22100E+01	 3.93335E+01	 3.80003E+01	 4.63939E+01	 4.74457E+01	 4.47160E+01	 1.77743E+01	 5.00000E+01
 6.28459E+01	 5.38957E+01	 2.49561E+01	 6.11755E+01	 2.22100E+01	 4.01246E+01	 3.79886E+01	 4.63885E+01	 4.74457E+01	 4.47191E+01	 1.82102E+01	 5.00000E+01
 6.28912E+01	 5.38272E+01	 2.52331E+01	 6.11570E+01	 2.22100E+01	 4.03771E+01	 3.80091E+01	 4.63844E+01	 4.74457E+01	 4.46759E+01	 1.78894E+01	 5.00000E+01
 6.29269E+01	 5.37955E+01	 2.51666E+01	 6.09824E+01	 2.22100E+01	 4.01243E+01	 3.80235E+01	 4.63919E+01	 4.74457E+01	 4.47334E+01	 1.75150E+01	 5.00000E+01
 6.29630E+01	 5.37756E+01	 2.54367E+01	 6.11078E+01	 2.22100E+01	 3.91440E+01	 3.80049E+01	 4.63876E+01	 4.74457E+01	 4.47696E+01	 1.82513E+01	 5.00000E+01
 6.29142E+01	 5.38419E+01	 2.52525E+01	 6.10166E+01	 2.22100E+01	 3.82012E+01	 3.80131E+01	 4.63790E+01	 4.74457E+01	 4.47413E+01	 1.83506E+01	 5.00000E+01
 6.28700E+01	 5.38960E+01	 2.54024E+01	 6.11711E+01	 2.22100E+01	 3.73520E+01	 3.80075E+01	 4.63913E+01	 4.74457E+01	 4.47494E+01	 1.84813E+01	 5.00000E+01
 6.29167E+01	 5.38364E+01	 2.52570E+01	 6.11867E+01	 2.22100E+01	 3.76966E+01	 3.80117E+01	 4.63928E+01	 4.74457E+01	 4.48112E+01	 1.81200E+01	 5.00000E+01
 6.29007E+01	 5.38675E+01	 2.52655E+01	 6.10742E+01	 2.22100E+01	 3.82502E+01	 3.79840E+01	 4.63960E+01	 4.74457E+01	 4.47515E+01	 1.79950E+01	 5.00000E+01
 6.28758E+01	 5.39019E+01	 2.49230E+01	 6.10617E+01	 2.22100E+01	 3.82668E+01	 3.80316E+01	 4.64017E+01	 4.74457E+01	 4.47398E+01	 1.78649E+01	 5.00000E+01
 6.29332E+01	 5.37874E+01	 2.50957E+01	 6.11876E+01	 2.22100E+01	 3.81253E+01	 3.80053E+01	 4.63963E+01	 4.74457E+01	 4.47928E+01	 1.76522E+01	 5.00000E+01
 6.29006E+01	 5.38717E+01	 2.46660E+01	 6.11665E+01	 2.22100E+01	 3.83530E+01	 3.80061E+01	 4.64093E+01	 4.74457E+01	 4.47799E+01	 1.76758E+01	 5.00000E+01
 6.28465E+01	 5.39463E+01	 2.45405E+01	 6.11018E+01	 2.22100E+01	 3.86074E+01	 3.80103E+01	 4.64243E+01	 4.74457E+01	 4.47503E+01	 1.75594E+01	 5.00000E+01
 6.28111E+01	 5.39562E+01	 2.49861E+01	 6.12259E+01	 2.22100E+01	 3.88868E+01	 3.79990E+01	 4.64065E+01	 4.74457E+01	 4.48025E+01	 1.86151E+01	 5.00000E+01
 6.28948E+01	 5.38301E+01	 2.51032E+01	 6.11815E+01	 2.22100E+01	 3.99305E+01	 3.79942E+01	 4.64102E+01	 4.74457E+01	 4.48026E+01	 1.78508E+01	 5.00000E+01
 6.29723E+01	 5.37544E+01	 2.52638E+01	 6.10792E+01	 2.22100E+01	 4.04526E+01	 3.79999E+01	 4.63968E+01	 4.74457E+01	 4.47820E+01	 1.76673E+01	 5.00000E+01
 6.30912E+01	 5.36216E+01	 2.48849E+01	 6.10456E+01	 2.22100E+01	 3.95596E+01	 3.79908E+01	 4.64133E+01	 4.74457E+01	 4.48120E+01	 1.79472E+01	 5.00000E+01
 6.30467E+01	 5.37271E+01	 2.50840E+01	 6.11896E+01	 2.22100E+01	 3.76733E+01	 3.79706E+01	 4.64135E+01	 4.74457E+01	 4.48620E+01	 1.79191E+01	 5.00000E+01
 6.29483E+01	 5.38155E+01	 2.43582E+01	 6.12460E+01	 2.22100E+01	 3.70222E+01	 3.79976E+01	 4.64088E+01	 4.74457E+01	 4.48645E+01	 1.79670E+01	 5.00000E+01
 6.30088E+01	 5.37406E+01	 2.41192E+01	 6.10208E+01	 2.22100E+01	 3.73275E+01	 3.79982E+01	 4.64132E+01	 4.74457E+01	 4.48148E+01	 1.84566E+01	 5.00000E+01
 6.30104E+01	 5.37403E+01	 2.44307E+01	 6.11571E+01	 2.22100E+01	 3.69590E+01	 3.79892E+01	 4.64200E+01	 4.74457E+01	 4.47994E+01	 1.79679E+01	 5.00000E+01
 6.29955E+01	 5.37363E+01	 2.44946E+01	 6.10864E+01	 2.22100E+01	 3.71062E+01	 3.79814E+01	 4.64226E+01	 4.74457E+01	 4.48302E+01	 1.79142E+01	 5.00000E+01
 6.28541E+01	 5.39117E+01	 2.45187E+01	 6.11258E+01	 2.22100E+01	 3.74196E+01	 3.80085E+01	 4.64203E+01	 4.74457E+01	 4.48108E+01	 1.77895E+01	 5.00000E+01
 6.28198E+01	 5.39281E+01	 2.39178E+01	 6.12364E+01	 2.22100E+01	 3.87734E+01	 3.80117E+01	 4.64189E+01	 4.74457E+01	 4.47504E+01	 1.86907E+01	 5.00000E+01
 6.28230E+01	 5.39160E+01	 2.39268E+01	 6.12285E+01	 2.22100E+01	 4.07626E+01	 3.80045E+01	 4.64169E+01	 4.74457E+01	 4.47031E+01	 1.79586E+01	 5.00000E+01
 6.29098E+01	 5.37959E+01	 2.38469E+01	 6.11965E+01	 2.22100E+01	 4.21336E+01	 3.79834E+01	 4.64215E+01	 4.74457E+01	 4.47026E+01	 1.77980E+01	 5.00000E+01
 6.29429E+01	 5.37757E+01	 2.43305E+01	 6.11415E+01	 2.22100E+01	 4.23163E+01	 3.79869E+01	 4.64268E+01	 4.74457E+01	 4.47247E+01	 1.81453E+01	 5.00000E+01
 6.29428E+01	 5.37823E+01	 2.43222E+01	 6.10810E+01	 2.22100E+01	 4.15400E+01	 3.79897E+01	 4.64171E+01	 4.74457E+01	 4.46997E+01	 1.79605E+01	 5.00000E+01
 6.29327E+01	 5.38097E+01	 2.43667E+01	 6.10659E+01	 2.22100E+01	 4.06678E+01	 3.79736E+01	 4.64316E+01	 4.74457E+01	 4.46907E+01	 1.78286E+01	 5.00000E+01
 6.29439E+01	 5.37551E+01	 2.43835E+01	 6.10477E+01	 2.22100E+01	 3.99170E+01	 3.79815E+01	 4.64146E+01	 4.74457E+01	 4.47063E+01	 1.75061E+01	 5.00000E+01
 6.29745E+01	 5.37445E+01	 2.44421E+01	 6.11472E+01	 2.22100E+01	 3.88226E+01	 3.79656E+01	 4.64220E+01	 4.74457E+01	 4.47689E+01	 1.80787E+01	 5.00000E+01
 6.30119E+01	 5.37024E+01	 2.41972E+01	 6.11353E+01	 2.22100E+01	 3.83552E+01	 3.79757E+01	 4.64239E+01	 4.74457E+01	 4.48046E+01	 1.79148E+01	 5.00000E+01
 6.29647E+01	 5.37800E+01	 2.44088E+01	 6.12179E+01	 2.22100E+01	 3.81187E+01	 3.79850E+01	 4.64239E+01	 4.74457E+01	 4.47364E+01	 1.77622E+01	 5.00000E+01
 6.29002E+01	 5.38444E+01	 2.43475E+01	 6.11870E+01	 2.22100E+01	 3.89908E+01	 3.79575E+01	 4.64244E+01	 4.74457E+01	 4.47377E+01	 1.83296E+01	 5.00000E+01
 6.29795E+01	 5.37325E+01	 2.42647E+01	 6.11655E+01	 2.22100E+01	 3.99627E+01	 3.79843E+01	 4.64238E+01	 4.74457E+01	 4.47666E+01	 1.83142E+01	 5.00000E+01
 6.29722E+01	 5.37651E+01	 2.47323E+01	 6.11558E+01	 2.22100E+01	 4.02622E+01	 3.79925E+01	 4.64216E+01	 4.74457E+01	 4.47404E+01	 1.80369E+01	 5.00000E+01
 6.29444E+01	 5.37761E+01	 2.43944E+01	 6.10716E+01	 2.22100E+01	 4.04051E+01	 3.79889E+01	 4.64181E+01	 4.74457E+01	 4.47086E+01	 1.77334E+01	 5.00000E+01
 6.29004E+01	 5.38401E+01	 2.43450E+01	 6.12517E+01	 2.22100E+01	 4.01677E+01	 3.79937E+01	 4.64319E+01	 4.74457E+01	 4.46807E+01	 1.78710E+01	 5.00000E+01
 6.29120E+01	 5.38118E+01	 2.37532E+01	 6.12552E+01	 2.22100E+01	 4.06682E+01	 3.80053E+01	 4.64283E+01	 4.74457E+01	 4.47019E+01	 1.79353E+01	 5.00000E+01
 6.29197E+01	 5.37949E+01	 2.38634E+01	 6.11902E+01	 2.22100E+01	 4.12483E+01	 3.80017E+01	 4.64125E+01	 4.74457E+01	 4.46774E+01	 1.78170E+01	 5.00000E+01
 6.29682E+01	 5.37647E+01	 2.36019E+01	 6.13795E+01	 2.22100E+01	 4.18320E+01	 3.79876E+01	 4.64170E+01	 4.74457E+01	 4.47609E+01	 1.79972E+01	 5.00000E+01
 6.29743E+01	 5.37599E+01	 2.42053E+01	 6.10406E+01	 2.22100E+01	 4.24123E+01	 3.79891E+01	 4.64101E+01	 4.74457E+01	 4.46889E+01	 1.81984E+01	 5.00000E+01
 6.29686E+01	 5.37600E+01	 2.46326E+01	 6.09909E+01	 2.22100E+01	 4.13742E+01	 3.79835E+01	 4.64180E+01	 4.74457E+01	 4.46692E+01	 1.78306E+01	 5.00000E+01
 6.29715E+01	 5.37664E+01	 2.43653E+01	 6.12000E+01	 2.22100E+01	 4.02502E+01	 3.79887E+01	 4.64294E+01	 4.74457E+01	 4.47429E+01	 1.82678E+01	 5.00000E+01
 6.29948E+01	 5.37368E+01	 2.44496E+01	 6.10407E+01	 2.22100E+01	 3.96892E+01	 3.79806E+01	 4.64210E+01	 4.74457E+01	 4.47136E+01	 1.76740E+01	 5.00000E+01
 6.30057E+01	 5.37296E+01	 2.43710E+01	 6.12907E+01	 2.22100E+01	 3.89274E+01	 3.79888E+01	 4.64198E+01	 4.74457E+01	 4.47967E+01	 1.82004E+01	 5.00000E+01
 6.29233E+01	 5.38164E+01	 2.44379E+01	 6.11826E+01	 2.22100E+01	 3.94781E+01	 3.79868E+01	 4.64205E+01	 4.74457E+01	 4.47317E+01	 1.79036E+01	 5.00000E+01
 6.29772E+01	 5.37306E+01	 2.46878E+01	 6.10489E+01	 2.22100E+01	 4.00206E+01	 3.79886E+01	 4.64077E+01	 4.74457E+01	 4.47152E+01	 1.80367E+01	 5.00000E+01
 6.30451E+01	 5.36618E+01	 2.48430E+01	 6.11166E+01	 2.22100E+01	 3.98407E+01	 3.79896E+01	 4.64197E+01	 4.74457E+01	 4.47456E+01	 1.79078E+01	 5.00000E+01
 6.30338E+01	 5.37174E+01	 2.45498E+01	 6.11191E+01	 2.22100E+01	 3.91951E+01	 3.80139E+01	 4.64274E+01	 4.74457E+01	 4.47473E+01	 1.79367E+01	 5.00000E+01
 6.29990E+01	 5.37380E+01	 2.41207E+01	 6.11493E+01	 2.22100E+01	 3.90149E+01	 3.80077E+01	 4.64077E+01	 4.74457E+01	 4.47883E+01	 1.83845E+01	 5.00000E+01
 6.29859E+01	 5.37600E+01	 2.43547E+01	 6.11546E+01	 2.22100E+01	 3.92825E+01	 3.79807E+01	 4.64200E+01	 4.74457E+01	 4.47307E+01	 1.82201E+01	 5.00000E+01
 6.29333E+01	 5.38369E+01	 2.47025E+01	 6.10347E+01	 2.22100E+01	 3.98732E+01	 3.79975E+01	 4.64130E+01	 4.74457E+01	 4.47225E+01	 1.81564E+01	 5.00000E+01
 6.29807E+01	 5.37613E+01	 2.44891E+01	 6.12405E+01	 2.22100E+01	 4.02850E+01	 3.80268E+01	 4.64253E+01	 4.74457E+01	 4.47396E+01	 1.82362E+01	 5.00000E+01
 6.30310E+01	 5.36796E+01	 2.44722E+01	 6.11690E+01	 2.22100E+01	 4.07492E+01	 3.80273E+01	 4.64287E+01	 4.74457E+01	 4.47360E+01	 1.80452E+01	 5.00000E+01
 6.28915E+01	 5.38825E+01	 2.44446E+01	 6.12599E+01	 2.22100E+01	 4.07572E+01	 3.79960E+01	 4.64214E+01	 4.74457E+01	 4.47157E+01	 1.83601E+01	 5.00000E+01
 6.28818E+01	 5.38489E+01	 2.47608E+01	 6.11250E+01	 2.22100E+01	 4.12545E+01	 3.80019E+01	 4.64108E+01	 4.74457E+01	 4.47188E+01	 1.80209E+01	 5.00000E+01
 6.29212E+01	 5.38142E+01	 2.51963E+01	 6.10232E+01	 2.22100E+01	 4.12371E+01	 3.80073E+01	 4.64395E+01	 4.74457E+01	 4.46857E+01	 1.75259E+01	 5.00000E+01
 6.29607E+01	 5.37598E+01	 2.51987E+01	 6.10545E+01	 2.22100E+01	 4.05729E+01	 3.80122E+01	 4.64397E+01	 4.74457E+01	 4.47438E+01	 1.86462E+01	 5.00000E+01
 6.29549E+01	 5.37884E+01	 2.45268E+01	 6.11083E+01	 2.22100E+01	 3.93641E+01	 3.79957E+01	 4.64447E+01	 4.74457E+01	 4.47492E+01	 1.80943E+01	 5.00000E+01
 6.29375E+01	 5.38119E+01	 2.46509E+01	 6.11400E+01	 2.22100E+01	 3.85849E+01	 3.80122E+01	 4.64270E+01	 4.74457E+01	 4.47808E+01	 1.82086E+01	 5.00000E+01
 6.31170E+01	 5.35654E+01	 2.43533E+01	 6.10765E+01	 2.22100E+01	 3.80036E+01	 3.80065E+01	 4.64387E+01	 4.74457E+01	 4.48217E+01	 1.81478E+01	 5.00000E+01
 6.30891E+01	 5.36742E+01	 2.43231E+01	 6.11640E+01	 2.22100E+01	 3.69281E+01	 3.80142E+01	 4.64286E+01	 4.74457E+01	 4.48163E+01	 1.81792E+01	 5.00000E+01
 6.29970E+01	 5.37850E+01	 2.44400E+01	 6.12320E+01	 2.22100E+01	 3.66469E+01	 3.80095E+01	 4.64374E+01	 4.74457E+01	 4.48144E+01	 1.76116E+01	 5.00000E+01
 6.30177E+01	 5.37213E+01	 2.53469E+01	 6.11533E+01	 2.22100E+01	 3.76994E+01	 3.80175E+01	 4.64185E+01	 4.74457E+01	 4.48077E+01	 1.79414E+01	 5.00000E+01
 6.30617E+01	 5.36927E+01	 2.51971E+01	 6.11557E+01	 2.22100E+01	 3.87684E+01	 3.80201E+01	 4.64322E+01	 4.74457E+01	 4.47783E+01	 1.82495E+01	 5.00000E+01
 6.30825E+01	 5.36550E+01	 2.45555E+01	 6.11693E+01	 2.22100E+01	 3.95034E+01	 3.80216E+01	 4.64355E+01	 4.74457E+01	 4.47837E+01	 1.77629E+01	 5.00000E+01
 6.31065E+01	 5.36254E+01	 2.43735E+01	 6.11880E+01	 2.22100E+01	 4.01700E+01	 3.80158E+01	 4.64207E+01	 4.74457E+01	 4.47711E+01	 1.74272E+01	 5.00000E+01
 6.30625E+01	 5.37014E+01	 2.43664E+01	 6.12619E+01	 2.22100E+01	 4.01314E+01	 3.80453E+01	 4.64261E+01	 4.74457E+01	 4.47930E+01	 1.74809E+01	 5.00000E+01
 6.29995E+01	 5.37455E+01	 2.43636E+01	 6.12271E+01	 2.22100E+01	 4.03353E+01	 3.80218E+01	 4.64279E+01	 4.74457E+01	 4.47122E+01	 1.79309E+01	 5.00000E+01
 6.29512E+01	 5.38002E+01	 2.45669E+01	 6.10454E+01	 2.22100E+01	 4.07270E+01	 3.80230E+01	 4.64317E+01	 4.74457E+01	 4.46845E+01	 1.82749E+01	 5.00000E+01
 6.29485E+01	 5.37902E+01	 2.49940E+01	 6.10364E+01	 2.22100E+01	 4.04623E+01	 3.80181E+01	 4.64356E+01	 4.74457E+01	 4.47028E+01	 1.75744E+01	 5.00000E+01
 6.29583E+01	 5.37600E+01	 2.52302E+01	 6.11044E+01	 2.22100E+01	 3.99746E+01	 3.80025E+01	 4.64457E+01	 4.74457E+01	 4.47561E+01	 1.75638E+01	 5.00000E+01
 6.29947E+01	 5.37215E+01	 2.51372E+01	 6.11037E+01	 2.22100E+01	 3.96832E+01	 3.80024E+01	 4.64396E+01	 4.74457E+01	 4.47241E+01	 1.77726E+01	 5.00000E+01
 6.29578E+01	 5.37851E+01	 2.47183E+01	 6.11339E+01	 2.22100E+01	 3.95976E+01	 3.79987E+01	 4.64363E+01	 4.74457E+01	 4.47395E+01	 1.80487E+01	 5.00000E+01
 6.29114E+01	 5.38157E+01	 2.41301E+01	 6.12207E+01	 2.22100E+01	 3.95970E+01	 3.79868E+01	 4.64360E+01	 4.74457E+01	 4.47415E+01	 1.78826E+01	 5.00000E+01
 6.29435E+01	 5.37700E+01	 2.50741E+01	 6.10671E+01	 2.22100E+01	 3.95827E+01	 3.79973E+01	 4.64314E+01	 4.74457E+01	 4.47290E+01	 1.79482E+01	 5.00000E+01
 6.29044E+01	 5.38325E+01	 2.49679E+01	 6.12001E+01	 2.22100E+01	 3.98495E+01	 3.79940E+01	 4.64275E+01	 4.74457E+01	 4.47385E+01	 1.74203E+01	 5.00000E+01
 6.28601E+01	 5.38948E+01	 2.49211E+01	 6.11188E+01	 2.22100E+01	 4.03962E+01	 3.80010E+01	 4.64448E+01	 4.74457E+01	 4.46930E+01	 1.79834E+01	 5.00000E+01
 6.28672E+01	 5.38641E+01	 2.51644E+01	 6.12504E+01	 2.22100E+01	 4.12529E+01	 3.79899E+01	 4.64187E+01	 4.74457E+01	 4.47516E+01	 1.79630E+01	 5.00000E+01
 6.29503E+01	 5.37451E+01	 2.49862E+01	 6.12172E+01	 2.22100E+01	 4.21272E+01	 3.79937E+01	 4.64363E+01	 4.74457E+01	 4.47379E+01	 1.80651E+01	 5.00000E+01
 6.30208E+01	 5.36627E+01	 2.48936E+01	 6.11582E+01	 2.22100E+01	 4.23249E+01	 3.80045E+01	 4.64271E+01	 4.74457E+01	 4.47300E+01	 1.80028E+01	 5.00000E+01
 6.30212E+01	 5.36983E+01	 2.50122E+01	 6.10505E+01	 2.22100E+01	 4.15162E+01	 3.79822E+01	 4.64244E+01	 4.74457E+01	 4.47972E+01	 1.81942E+01	 5.00000E+01
 6.29402E+01	 5.38324E+01	 2.54142E+01	 6.10304E+01	 2.22100E+01	 3.99979E+01	 3.79699E+01	 4.64324E+01	 4.74457E+01	 4.47373E+01	 1.81537E+01	 5.00000E+01
 6.28551E+01	 5.39106E+01	 2.47995E+01	 6.12541E+01	 2.22100E+01	 3.87947E+01	 3.79838E+01	 4.64346E+01	 4.74457E+01	 4.47633E+01	 1.76062E+01	 5.00000E+01
 6.30269E+01	 5.36728E+01	 2.45156E+01	 6.11365E+01	 2.22100E+01	 3.91346E+01	 3.79771E+01	 4.64314E+01	 4.74457E+01	 4.48161E+01	 1.77155E+01	 5.00000E+01
 6.30630E+01	 5.36642E+01	 2.48333E+01	 6.10707E+01	 2.22100E+01	 3.90474E+01	 3.79690E+01	 4.64427E+01	 4.74457E+01	 4.48683E+01	 1.79803E+01	 5.00000E+01
 6.30610E+01	 5.36640E+01	 2.49895E+01	 6.10878E+01	 2.22100E+01	 3.82452E+01	 3.79774E+01	 4.64354E+01	 4.74457E+01	 4.48401E+01	 1.76028E+01	 5.00000E+01
 6.29652E+01	 5.38086E+01	 2.45097E+01	 6.11293E+01	 2.22100E+01	 3.79954E+01	 3.79795E+01	 4.64296E+01	 4.74457E+01	 4.47571E+01	 1.80841E+01	 5.00000E+01
 6.29601E+01	 5.37906E+01	 2.36232E+01	 6.12536E+01	 2.22100E+01	 3.85240E+01	 3.79931E+01	 4.64262E+01	 4.74457E+01	 4.47327E+01	 1.73820E+01	 5.00000E+01
 6.29901E+01	 5.37580E+01	 2.36294E+01	 6.12289E+01	 2.22100E+01	 3.96044E+01	 3.79855E+01	 4.64326E+01	 4.74457E+01	 4.47398E+01	 1.79330E+01	 5.00000E+01
 6.29481E+01	 5.38010E+01	 2.37463E+01	 6.11456E+01	 2.22100E+01	 4.02697E+01	 3.79713E+01	 4.64153E+01	 4.74457E+01	 4.47214E+01	 1.73895E+01	 5.00000E+01
 6.30349E+01	 5.36699E+01	 2.41809E+01	 6.12718E+01	 2.22100E+01	 4.06978E+01	 3.79815E+01	 4.64220E+01	 4.74457E+01	 4.47561E+01	 1.81925E+01	 5.00000E+01
 6.31103E+01	 5.35943E+01	 2.45951E+01	 6.11663E+01	 2.22100E+01	 4.11660E+01	 3.79914E+01	 4.64209E+01	 4.74457E+01	 4.48028E+01	 1.75476E+01	 5.00000E+01
 6.29686E+01	 5.37990E+01	 2.38072E+01	 6.11894E+01	 2.22100E+01	 4.11455E+01	 3.79893E+01	 4.64170E+01	 4.74457E+01	 4.47636E+01	 1.78747E+01	 5.00000E+01
 6.29438E+01	 5.38213E+01	 2.38353E+01	 6.11811E+01	 2.22100E+01	 4.08808E+01	 3.79799E+01	 4.64298E+01	 4.74457E+01	 4.46478E+01	 1.83452E+01	 5.00000E+01
 6.29573E+01	 5.37878E+01	 2.38202E+01	 6.11467E+01	 2.22100E+01	 4.07620E+01	 3.79687E+01	 4.64330E+01	 4.74457E+01	 4.46860E+01	 1.84423E+01	 5.00000E+01
 6.30165E+01	 5.36895E+01	 2.45336E+01	 6.10205E+01	 2.22100E+01	 4.04057E+01	 3.79564E+01	 4.64254E+01	 4.74457E+01	 4.47165E+01	 1.80917E+01	 5.00000E+01
 6.30019E+01	 5.37281E+01	 2.38663E+01	 6.12892E+01	 2.22100E+01	 3.98012E+01	 3.79750E+01	 4.64334E+01	 4.74457E+01	 4.47442E+01	 1.76834E+01	 5.00000E+01
 6.29639E+01	 5.37753E+01	 2.36972E+01	 6.12440E+01	 2.22100E+01	 3.99876E+01	 3.79766E+01	 4.64165E+01	 4.74457E+01	 4.47336E+01	 1.82837E+01	 5.00000E+01
