 6.30525E+01	 5.39795E+01	 2.46436E+01	 6.13019E+01	 2.22100E+01	 4.00637E+01	 3.81003E+01	 4.65342E+01	 4.74457E+01	 4.11058E+01	 1.81135E+01	 5.00000E+01
 6.28988E+01	 5.38180E+01	 2.47460E+01	 6.11748E+01	 2.22100E+01	 3.98723E+01	 3.80527E+01	 4.64725E+01	 4.74457E+01	 4.09918E+01	 1.76883E+01	 5.00000E+01
 6.28093E+01	 5.37835E+01	 2.49528E+01	 6.11873E+01	 2.22100E+01	 3.94096E+01	 3.80389E+01	 4.64554E+01	 4.74457E+01	 4.09929E+01	 1.78881E+01	 5.00000E+01
 6.27677E+01	 5.37941E+01	 2.51011E+01	 6.10800E+01	 2.22100E+01	 3.93265E+01	 3.80381E+01	 4.64358E+01	 4.74457E+01	 4.09560E+01	 1.73808E+01	 5.00000E+01
 6.29096E+01	 5.35631E+01	 2.47833E+01	 6.12402E+01	 2.22100E+01	 3.93749E+01	 3.80160E+01	 4.64337E+01	 4.74457E+01	 4.10695E+01	 1.76394E+01	 5.00000E+01
 6.29385E+01	 5.35593E+01	 2.52913E+01	 6.11315E+01	 2.22100E+01	 3.93487E+01	 3.79920E+01	 4.64453E+01	 4.74457E+01	 4.10564E+01	 1.76912E+01	 5.00000E+01
 6.29449E+01	 5.35630E+01	 2.47035E+01	 6.11540E+01	 2.22100E+01	 3.88524E+01	 3.79835E+01	 4.64297E+01	 4.74457E+01	 4.10509E+01	 1.76713E+01	 5.00000E+01
 6.29080E+01	 5.36170E+01	 2.48302E+01	 6.10483E+01	 2.22100E+01	 3.88990E+01	 3.79631E+01	 4.64289E+01	 4.74457E+01	 4.10320E+01	 1.81376E+01	 5.00000E+01
 6.29133E+01	 5.36091E+01	 2.52708E+01	 6.12217E+01	 2.22100E+01	 3.88682E+01	 3.79530E+01	 4.64435E+01	 4.74457E+01	 4.10671E+01	 1.77382E+01	 5.00000E+01
 6.29134E+01	 5.35719E+01	 2.47081E+01	 6.12787E+01	 2.22100E+01	 3.96718E+01	 3.79500E+01	 4.64393E+01	 4.74457E+01	 4.10166E+01	 1.75734E+01	 5.00000E+01
 6.28124E+01	 5.37063E+01	 2.43649E+01	 6.12720E+01	 2.22100E+01	 4.05090E+01	 3.79316E+01	 4.64363E+01	 4.74457E+01	 4.09642E+01	 1.76735E+01	 5.00000E+01
 6.28274E+01	 5.36645E+01	 2.43411E+01	 6.11128E+01	 2.22100E+01	 4.16106E+01	 3.79164E+01	 4.64304E+01	 4.74457E+01	 4.08937E+01	 1.74511E+01	 5.00000E+01
 6.28550E+01	 5.36163E+01	 2.49910E+01	 6.10364E+01	 2.22100E+01	 4.18777E+01	 3.79091E+01	 4.64253E+01	 4.74457E+01	 4.08912E+01	 1.74148E+01	 5.00000E+01
 6.27599E+01	 5.37313E+01	 2.48691E+01	 6.10924E+01	 2.22100E+01	 4.16154E+01	 3.78781E+01	 4.64166E+01	 4.74457E+01	 4.08489E+01	 1.74320E+01	 5.00000E+01
 6.27845E+01	 5.37046E+01	 2.49480E+01	 6.11991E+01	 2.22100E+01	 4.14333E+01	 3.78695E+01	 4.64223E+01	 4.74457E+01	 4.08333E+01	 1.78736E+01	 5.00000E+01
 6.28254E+01	 5.36683E+01	 2.46464E+01	 6.10747E+01	 2.22100E+01	 4.17171E+01	 3.78584E+01	 4.64224E+01	 4.74457E+01	 4.08841E+01	 1.75629E+01	 5.00000E+01
 6.28585E+01	 5.36459E+01	 2.45948E+01	 6.11367E+01	 2.22100E+01	 4.14904E+01	 3.78500E+01	 4.64176E+01	 4.74457E+01	 4.08812E+01	 1.73884E+01	 5.00000E+01
 6.28896E+01	 5.36076E+01	 2.43776E+01	 6.11042E+01	 2.22100E+01	 4.14017E+01	 3.78146E+01	 4.64009E+01	 4.74457E+01	 4.09157E+01	 1.73964E+01	 5.00000E+01
 6.29104E+01	 5.35969E+01	 2.48586E+01	 6.11123E+01	 2.22100E+01	 4.14420E+01	 3.78258E+01	 4.63941E+01	 4.74457E+01	 4.09656E+01	 1.75898E+01	 5.00000E+01
 6.29225E+01	 5.36006E+01	 2.48587E+01	 6.11744E+01	 2.22100E+01	 4.16088E+01	 3.78377E+01	 4.63922E+01	 4.74457E+01	 4.10782E+01	 1.78088E+01	 5.00000E+01
 6.29179E+01	 5.36171E+01	 2.48104E+01	 6.10900E+01	 2.22100E+01	 4.23666E+01	 3.78618E+01	 4.63902E+01	 4.74457E+01	 4.11529E+01	 1.73732E+01	 5.00000E+01
 6.29060E+01	 5.36440E+01	 2.43156E+01	 6.11189E+01	 2.22100E+01	 4.25362E+01	 3.78528E+01	 4.63912E+01	 4.74457E+01	 4.10776E+01	 1.75342E+01	 5.00000E+01
 6.30246E+01	 5.35024E+01	 2.46945E+01	 6.11542E+01	 2.22100E+01	 4.18205E+01	 3.78347E+01	 4.63989E+01	 4.74457E+01	 4.10547E+01	 1.74285E+01	 5.00000E+01
 6.29202E+01	 5.36545E+01	 2.44945E+01	 6.11639E+01	 2.22100E+01	 4.07562E+01	 3.78271E+01	 4.63789E+01	 4.74457E+01	 4.10137E+01	 1.77439E+01	 5.00000E+01
 6.28080E+01	 5.37785E+01	 2.44153E+01	 6.11492E+01	 2.22100E+01	 4.02846E+01	 3.78316E+01	 4.63774E+01	 4.74457E+01	 4.09086E+01	 1.69310E+01	 5.00000E+01
 6.27299E+01	 5.38566E+01	 2.46072E+01	 6.11440E+01	 2.22100E+01	 4.07959E+01	 3.78287E+01	 4.63657E+01	 4.74457E+01	 4.09584E+01	 1.78946E+01	 5.00000E+01
 6.27356E+01	 5.38272E+01	 2.40908E+01	 6.10823E+01	 2.22100E+01	 4.19817E+01	 3.78203E+01	 4.63639E+01	 4.74457E+01	 4.10073E+01	 1.72876E+01	 5.00000E+01
 6.27557E+01	 5.38063E+01	 2.45954E+01	 6.11348E+01	 2.22100E+01	 4.31264E+01	 3.78269E+01	 4.63661E+01	 4.74457E+01	 4.10593E+01	 1.76365E+01	 5.00000E+01
 6.28465E+01	 5.36898E+01	 2.44961E+01	 6.11140E+01	 2.22100E+01	 4.35328E+01	 3.78100E+01	 4.63570E+01	 4.74457E+01	 4.09542E+01	 1.76616E+01	 5.00000E+01
 6.28684E+01	 5.37056E+01	 2.41499E+01	 6.11238E+01	 2.22100E+01	 4.29719E+01	 3.78286E+01	 4.63497E+01	 4.74457E+01	 4.09491E+01	 1.72013E+01	 5.00000E+01
 6.28639E+01	 5.37189E+01	 2.47193E+01	 6.10288E+01	 2.22100E+01	 4.19094E+01	 3.78210E+01	 4.63441E+01	 4.74457E+01	 4.09152E+01	 1.80360E+01	 5.00000E+01
 6.29920E+01	 5.35506E+01	 2.44469E+01	 6.11825E+01	 2.22100E+01	 4.08392E+01	 3.78214E+01	 4.63403E+01	 4.74457E+01	 4.10268E+01	 1.72891E+01	 5.00000E+01
 6.30099E+01	 5.35801E+01	 2.48118E+01	 6.10432E+01	 2.22100E+01	 4.00217E+01	 3.78229E+01	 4.63297E+01	 4.74457E+01	 4.09794E+01	 1.72513E+01	 5.00000E+01
 6.30135E+01	 5.36091E+01	 2.53070E+01	 6.11039E+01	 2.22100E+01	 3.92523E+01	 3.78357E+01	 4.63463E+01	 4.74457E+01	 4.11333E+01	 1.82296E+01	 5.00000E+01
 6.29744E+01	 5.36556E+01	 2.52331E+01	 6.11109E+01	 2.22100E+01	 3.90478E+01	 3.78409E+01	 4.63523E+01	 4.74457E+01	 4.10614E+01	 1.78550E+01	 5.00000E+01
 6.29351E+01	 5.37021E+01	 2.52475E+01	 6.11391E+01	 2.22100E+01	 3.87665E+01	 3.78348E+01	 4.63436E+01	 4.74457E+01	 4.09302E+01	 1.77393E+01	 5.00000E+01
 6.28921E+01	 5.37358E+01	 2.49070E+01	 6.12089E+01	 2.22100E+01	 3.88083E+01	 3.78393E+01	 4.63292E+01	 4.74457E+01	 4.09224E+01	 1.77420E+01	 5.00000E+01
 6.30258E+01	 5.35773E+01	 2.50873E+01	 6.11129E+01	 2.22100E+01	 3.95708E+01	 3.78423E+01	 4.63303E+01	 4.74457E+01	 4.10184E+01	 1.73554E+01	 5.00000E+01
 6.29828E+01	 5.36626E+01	 2.52106E+01	 6.10504E+01	 2.22100E+01	 4.01933E+01	 3.78301E+01	 4.63320E+01	 4.74457E+01	 4.10465E+01	 1.76110E+01	 5.00000E+01
 6.29198E+01	 5.37438E+01	 2.46002E+01	 6.12562E+01	 2.22100E+01	 4.05480E+01	 3.78572E+01	 4.63279E+01	 4.74457E+01	 4.10745E+01	 1.78340E+01	 5.00000E+01
 6.28761E+01	 5.37818E+01	 2.47060E+01	 6.10218E+01	 2.22100E+01	 4.15376E+01	 3.78703E+01	 4.63319E+01	 4.74457E+01	 4.10403E+01	 1.73254E+01	 5.00000E+01
 6.29277E+01	 5.36859E+01	 2.44570E+01	 6.12281E+01	 2.22100E+01	 4.18720E+01	 3.78476E+01	 4.63145E+01	 4.74457E+01	 4.10375E+01	 1.74189E+01	 5.00000E+01
 6.29896E+01	 5.36307E+01	 2.42836E+01	 6.11585E+01	 2.22100E+01	 4.20177E+01	 3.78516E+01	 4.63207E+01	 4.74457E+01	 4.11223E+01	 1.75737E+01	 5.00000E+01
 6.29715E+01	 5.36738E+01	 2.38281E+01	 6.12825E+01	 2.22100E+01	 4.14941E+01	 3.78145E+01	 4.63131E+01	 4.74457E+01	 4.10184E+01	 1.73643E+01	 5.00000E+01
 6.30450E+01	 5.35846E+01	 2.42067E+01	 6.11831E+01	 2.22100E+01	 4.04738E+01	 3.78176E+01	 4.63152E+01	 4.74457E+01	 4.10220E+01	 1.77637E+01	 5.00000E+01
 6.31068E+01	 5.35154E+01	 2.36099E+01	 6.12889E+01	 2.22100E+01	 3.92795E+01	 3.78298E+01	 4.63013E+01	 4.74457E+01	 4.09706E+01	 1.80671E+01	 5.00000E+01
 6.29760E+01	 5.37070E+01	 2.39468E+01	 6.12773E+01	 2.22100E+01	 3.84190E+01	 3.78113E+01	 4.63061E+01	 4.74457E+01	 4.09187E+01	 1.73470E+01	 5.00000E+01
 6.29842E+01	 5.36570E+01	 2.42535E+01	 6.12492E+01	 2.22100E+01	 3.87731E+01	 3.78252E+01	 4.63078E+01	 4.74457E+01	 4.09589E+01	 1.76174E+01	 5.00000E+01
 6.30306E+01	 5.36116E+01	 2.36515E+01	 6.12228E+01	 2.22100E+01	 3.99964E+01	 3.78172E+01	 4.63078E+01	 4.74457E+01	 4.09750E+01	 1.77015E+01	 5.00000E+01
 6.30174E+01	 5.36470E+01	 2.33769E+01	 6.12777E+01	 2.22100E+01	 4.10641E+01	 3.78270E+01	 4.63141E+01	 4.74457E+01	 4.09878E+01	 1.75892E+01	 5.00000E+01
 6.30261E+01	 5.36346E+01	 2.38390E+01	 6.11839E+01	 2.22100E+01	 4.21773E+01	 3.78119E+01	 4.63156E+01	 4.74457E+01	 4.09573E+01	 1.75619E+01	 5.00000E+01
 6.30253E+01	 5.36129E+01	 2.41968E+01	 6.11860E+01	 2.22100E+01	 4.24412E+01	 3.77951E+01	 4.63093E+01	 4.74457E+01	 4.08971E+01	 1.78129E+01	 5.00000E+01
 6.30269E+01	 5.36402E+01	 2.38747E+01	 6.11152E+01	 2.22100E+01	 4.18398E+01	 3.78086E+01	 4.63124E+01	 4.74457E+01	 4.08216E+01	 1.75562E+01	 5.00000E+01
 6.30514E+01	 5.36020E+01	 2.40985E+01	 6.11040E+01	 2.22100E+01	 4.08620E+01	 3.78159E+01	 4.63197E+01	 4.74457E+01	 4.08570E+01	 1.78760E+01	 5.00000E+01
 6.30731E+01	 5.35850E+01	 2.38053E+01	 6.11576E+01	 2.22100E+01	 3.99848E+01	 3.78218E+01	 4.63161E+01	 4.74457E+01	 4.09161E+01	 1.77181E+01	 5.00000E+01
 6.29816E+01	 5.37019E+01	 2.39712E+01	 6.10930E+01	 2.22100E+01	 3.94797E+01	 3.78350E+01	 4.63077E+01	 4.74457E+01	 4.08998E+01	 1.75704E+01	 5.00000E+01
 6.30202E+01	 5.36522E+01	 2.42375E+01	 6.11095E+01	 2.22100E+01	 3.93335E+01	 3.78207E+01	 4.63334E+01	 4.74457E+01	 4.08990E+01	 1.75338E+01	 5.00000E+01
 6.30612E+01	 5.36045E+01	 2.48300E+01	 6.10292E+01	 2.22100E+01	 3.96322E+01	 3.78198E+01	 4.63131E+01	 4.74457E+01	 4.09384E+01	 1.81699E+01	 5.00000E+01
 6.31356E+01	 5.35331E+01	 2.44977E+01	 6.10267E+01	 2.22100E+01	 3.95863E+01	 3.78391E+01	 4.63118E+01	 4.74457E+01	 4.09878E+01	 1.71119E+01	 5.00000E+01
 6.30524E+01	 5.37072E+01	 2.41691E+01	 6.10742E+01	 2.22100E+01	 3.92931E+01	 3.78445E+01	 4.63286E+01	 4.74457E+01	 4.10674E+01	 1.75364E+01	 5.00000E+01
 6.29218E+01	 5.38155E+01	 2.44035E+01	 6.11446E+01	 2.22100E+01	 3.95969E+01	 3.78436E+01	 4.63287E+01	 4.74457E+01	 4.10825E+01	 1.78334E+01	 5.00000E+01
 6.29644E+01	 5.37496E+01	 2.53719E+01	 6.11074E+01	 2.22100E+01	 4.07475E+01	 3.78907E+01	 4.63197E+01	 4.74457E+01	 4.11514E+01	 1.76623E+01	 5.00000E+01
 6.29894E+01	 5.37084E+01	 2.52550E+01	 6.10596E+01	 2.22100E+01	 4.18930E+01	 3.78932E+01	 4.63206E+01	 4.74457E+01	 4.11529E+01	 1.76095E+01	 5.00000E+01
 6.30208E+01	 5.37042E+01	 2.55668E+01	 6.10988E+01	 2.22100E+01	 4.15612E+01	 3.78771E+01	 4.63309E+01	 4.74457E+01	 4.10381E+01	 1.78501E+01	 5.00000E+01
 6.29747E+01	 5.37773E+01	 2.52694E+01	 6.10353E+01	 2.22100E+01	 3.99736E+01	 3.78917E+01	 4.63373E+01	 4.74457E+01	 4.09560E+01	 1.76292E+01	 5.00000E+01
 6.30052E+01	 5.37136E+01	 2.53426E+01	 6.11226E+01	 2.22100E+01	 3.90740E+01	 3.78789E+01	 4.63369E+01	 4.74457E+01	 4.11082E+01	 1.75745E+01	 5.00000E+01
 6.30325E+01	 5.36686E+01	 2.54747E+01	 6.09153E+01	 2.22100E+01	 3.89566E+01	 3.78878E+01	 4.63203E+01	 4.74457E+01	 4.11705E+01	 1.76883E+01	 5.00000E+01
 6.30475E+01	 5.36692E+01	 2.50422E+01	 6.11457E+01	 2.22100E+01	 3.86226E+01	 3.78984E+01	 4.63378E+01	 4.74457E+01	 4.11896E+01	 1.78230E+01	 5.00000E+01
 6.30442E+01	 5.36805E+01	 2.50501E+01	 6.09475E+01	 2.22100E+01	 3.82033E+01	 3.78939E+01	 4.63356E+01	 4.74457E+01	 4.11591E+01	 1.79381E+01	 5.00000E+01
 6.30513E+01	 5.36780E+01	 2.50125E+01	 6.10712E+01	 2.22100E+01	 3.70985E+01	 3.78877E+01	 4.63419E+01	 4.74457E+01	 4.11543E+01	 1.79374E+01	 5.00000E+01
 6.30423E+01	 5.36902E+01	 2.55375E+01	 6.10683E+01	 2.22100E+01	 3.65027E+01	 3.79027E+01	 4.63515E+01	 4.74457E+01	 4.11617E+01	 1.77966E+01	 5.00000E+01
 6.30101E+01	 5.37392E+01	 2.54170E+01	 6.10609E+01	 2.22100E+01	 3.65446E+01	 3.79163E+01	 4.63484E+01	 4.74457E+01	 4.11854E+01	 1.75519E+01	 5.00000E+01
 6.29742E+01	 5.37599E+01	 2.53436E+01	 6.09850E+01	 2.22100E+01	 3.66908E+01	 3.79133E+01	 4.63539E+01	 4.74457E+01	 4.11099E+01	 1.81434E+01	 5.00000E+01
 6.30077E+01	 5.37218E+01	 2.56860E+01	 6.09941E+01	 2.22100E+01	 3.66002E+01	 3.79358E+01	 4.63553E+01	 4.74457E+01	 4.11434E+01	 1.77223E+01	 5.00000E+01
 6.29993E+01	 5.37290E+01	 2.56240E+01	 6.10927E+01	 2.22100E+01	 3.67828E+01	 3.79439E+01	 4.63483E+01	 4.74457E+01	 4.11488E+01	 1.81201E+01	 5.00000E+01
 6.29872E+01	 5.37531E+01	 2.50541E+01	 6.10479E+01	 2.22100E+01	 3.71814E+01	 3.79337E+01	 4.63626E+01	 4.74457E+01	 4.11510E+01	 1.80768E+01	 5.00000E+01
 6.30012E+01	 5.37117E+01	 2.45863E+01	 6.11807E+01	 2.22100E+01	 3.77805E+01	 3.79342E+01	 4.63532E+01	 4.74457E+01	 4.11790E+01	 1.77797E+01	 5.00000E+01
 6.29262E+01	 5.38238E+01	 2.46449E+01	 6.11051E+01	 2.22100E+01	 3.83358E+01	 3.79340E+01	 4.63532E+01	 4.74457E+01	 4.11212E+01	 1.73085E+01	 5.00000E+01
 6.28513E+01	 5.39081E+01	 2.52236E+01	 6.10028E+01	 2.22100E+01	 3.88789E+01	 3.79501E+01	 4.63775E+01	 4.74457E+01	 4.10169E+01	 1.81141E+01	 5.00000E+01
 6.29420E+01	 5.37677E+01	 2.48864E+01	 6.11628E+01	 2.22100E+01	 3.87405E+01	 3.79239E+01	 4.63762E+01	 4.74457E+01	 4.10999E+01	 1.76346E+01	 5.00000E+01
 6.29160E+01	 5.37917E+01	 2.50137E+01	 6.10675E+01	 2.22100E+01	 3.89866E+01	 3.79120E+01	 4.63770E+01	 4.74457E+01	 4.10908E+01	 1.76816E+01	 5.00000E+01
 6.28769E+01	 5.38485E+01	 2.51697E+01	 6.10054E+01	 2.22100E+01	 3.86758E+01	 3.79349E+01	 4.63632E+01	 4.74457E+01	 4.10296E+01	 1.82415E+01	 5.00000E+01
 6.28127E+01	 5.39397E+01	 2.50575E+01	 6.09852E+01	 2.22100E+01	 3.79065E+01	 3.79388E+01	 4.63867E+01	 4.74457E+01	 4.09758E+01	 1.79645E+01	 5.00000E+01
 6.27622E+01	 5.39801E+01	 2.42634E+01	 6.11321E+01	 2.22100E+01	 3.72126E+01	 3.79522E+01	 4.63851E+01	 4.74457E+01	 4.09505E+01	 1.78142E+01	 5.00000E+01
 6.27327E+01	 5.39960E+01	 2.41696E+01	 6.11642E+01	 2.22100E+01	 3.77262E+01	 3.79292E+01	 4.63930E+01	 4.74457E+01	 4.09674E+01	 1.76964E+01	 5.00000E+01
 6.28318E+01	 5.38294E+01	 2.44067E+01	 6.09982E+01	 2.22100E+01	 3.82033E+01	 3.79273E+01	 4.63763E+01	 4.74457E+01	 4.09184E+01	 1.79102E+01	 5.00000E+01
 6.28532E+01	 5.38292E+01	 2.48463E+01	 6.10356E+01	 2.22100E+01	 3.76931E+01	 3.79250E+01	 4.63848E+01	 4.74457E+01	 4.09555E+01	 1.75579E+01	 5.00000E+01
 6.28439E+01	 5.38523E+01	 2.48065E+01	 6.10241E+01	 2.22100E+01	 3.72732E+01	 3.79497E+01	 4.63819E+01	 4.74457E+01	 4.09480E+01	 1.79301E+01	 5.00000E+01
 6.29075E+01	 5.37803E+01	 2.42864E+01	 6.10360E+01	 2.22100E+01	 3.73766E+01	 3.79500E+01	 4.63830E+01	 4.74457E+01	 4.10734E+01	 1.77359E+01	 5.00000E+01
 6.29601E+01	 5.37339E+01	 2.43792E+01	 6.11644E+01	 2.22100E+01	 3.77545E+01	 3.79528E+01	 4.64010E+01	 4.74457E+01	 4.11556E+01	 1.72059E+01	 5.00000E+01
 6.29894E+01	 5.37023E+01	 2.51114E+01	 6.09821E+01	 2.22100E+01	 3.84137E+01	 3.79817E+01	 4.63846E+01	 4.74457E+01	 4.11723E+01	 1.76812E+01	 5.00000E+01
 6.30626E+01	 5.36142E+01	 2.42738E+01	 6.11128E+01	 2.22100E+01	 3.80877E+01	 3.79694E+01	 4.63925E+01	 4.74457E+01	 4.10803E+01	 1.74832E+01	 5.00000E+01
 6.30097E+01	 5.36966E+01	 2.42826E+01	 6.10632E+01	 2.22100E+01	 3.68237E+01	 3.79864E+01	 4.64080E+01	 4.74457E+01	 4.09653E+01	 1.79112E+01	 5.00000E+01
 6.29639E+01	 5.37581E+01	 2.42126E+01	 6.11149E+01	 2.22100E+01	 3.62717E+01	 3.79761E+01	 4.64093E+01	 4.74457E+01	 4.11099E+01	 1.77020E+01	 5.00000E+01
 6.28610E+01	 5.38734E+01	 2.41087E+01	 6.12314E+01	 2.22100E+01	 3.73328E+01	 3.79903E+01	 4.64210E+01	 4.74457E+01	 4.11366E+01	 1.78813E+01	 5.00000E+01
 6.28968E+01	 5.37656E+01	 2.38107E+01	 6.11784E+01	 2.22100E+01	 3.92399E+01	 3.79804E+01	 4.64098E+01	 4.74457E+01	 4.10521E+01	 1.80448E+01	 5.00000E+01
 6.29718E+01	 5.36834E+01	 2.38508E+01	 6.11628E+01	 2.22100E+01	 4.02864E+01	 3.79722E+01	 4.64197E+01	 4.74457E+01	 4.10439E+01	 1.81438E+01	 5.00000E+01
 6.29473E+01	 5.37347E+01	 2.32388E+01	 6.12137E+01	 2.22100E+01	 4.04442E+01	 3.79977E+01	 4.64222E+01	 4.74457E+01	 4.09929E+01	 1.77605E+01	 5.00000E+01
 6.29399E+01	 5.37206E+01	 2.41188E+01	 6.10085E+01	 2.22100E+01	 4.03883E+01	 3.79649E+01	 4.64098E+01	 4.74457E+01	 4.09144E+01	 1.79129E+01	 5.00000E+01
 6.29613E+01	 5.37055E+01	 2.34093E+01	 6.12300E+01	 2.22100E+01	 3.95488E+01	 3.79646E+01	 4.64342E+01	 4.74457E+01	 4.09269E+01	 1.79420E+01	 5.00000E+01
 6.28307E+01	 5.38775E+01	 2.38200E+01	 6.09885E+01	 2.22100E+01	 3.89247E+01	 3.79763E+01	 4.64328E+01	 4.74457E+01	 4.08193E+01	 1.78075E+01	 5.00000E+01
 6.28185E+01	 5.38653E+01	 2.37453E+01	 6.12445E+01	 2.22100E+01	 3.81947E+01	 3.80008E+01	 4.64337E+01	 4.74457E+01	 4.08014E+01	 1.76992E+01	 5.00000E+01
 6.28161E+01	 5.38473E+01	 2.36009E+01	 6.10949E+01	 2.22100E+01	 3.89925E+01	 3.79756E+01	 4.64308E+01	 4.74457E+01	 4.07764E+01	 1.77379E+01	 5.00000E+01
 6.28961E+01	 5.37459E+01	 2.37448E+01	 6.10914E+01	 2.22100E+01	 3.98999E+01	 3.79667E+01	 4.64230E+01	 4.74457E+01	 4.08459E+01	 1.80145E+01	 5.00000E+01
 6.29543E+01	 5.36901E+01	 2.42350E+01	 6.12422E+01	 2.22100E+01	 4.06645E+01	 3.79759E+01	 4.64264E+01	 4.74457E+01	 4.09115E+01	 1.73911E+01	 5.00000E+01
 6.29944E+01	 5.36582E+01	 2.38195E+01	 6.12158E+01	 2.22100E+01	 4.15412E+01	 3.79852E+01	 4.64063E+01	 4.74457E+01	 4.09572E+01	 1.75586E+01	 5.00000E+01
 6.30487E+01	 5.36302E+01	 2.35361E+01	 6.12487E+01	 2.22100E+01	 4.21760E+01	 3.79824E+01	 4.64066E+01	 4.74457E+01	 4.09850E+01	 1.79568E+01	 5.00000E+01
 6.30040E+01	 5.36888E+01	 2.41064E+01	 6.11445E+01	 2.22100E+01	 4.21487E+01	 3.79979E+01	 4.64123E+01	 4.74457E+01	 4.09539E+01	 1.84392E+01	 5.00000E+01
 6.29572E+01	 5.37244E+01	 2.41427E+01	 6.10359E+01	 2.22100E+01	 4.15188E+01	 3.79689E+01	 4.64185E+01	 4.74457E+01	 4.08661E+01	 1.79685E+01	 5.00000E+01
 6.28295E+01	 5.38726E+01	 2.39471E+01	 6.12300E+01	 2.22100E+01	 4.02263E+01	 3.79962E+01	 4.64319E+01	 4.74457E+01	 4.08600E+01	 1.84565E+01	 5.00000E+01
 6.27630E+01	 5.39323E+01	 2.40910E+01	 6.11794E+01	 2.22100E+01	 3.99984E+01	 3.79917E+01	 4.64235E+01	 4.74457E+01	 4.08139E+01	 1.78264E+01	 5.00000E+01
 6.27356E+01	 5.39519E+01	 2.41573E+01	 6.11801E+01	 2.22100E+01	 4.13720E+01	 3.80084E+01	 4.64242E+01	 4.74457E+01	 4.09784E+01	 1.80407E+01	 5.00000E+01
 6.28901E+01	 5.37658E+01	 2.43263E+01	 6.11221E+01	 2.22100E+01	 4.30734E+01	 3.79971E+01	 4.64363E+01	 4.74457E+01	 4.10603E+01	 1.81183E+01	 5.00000E+01
 6.28409E+01	 5.38433E+01	 2.48586E+01	 6.10302E+01	 2.22100E+01	 4.30158E+01	 3.79892E+01	 4.64332E+01	 4.74457E+01	 4.08681E+01	 1.77355E+01	 5.00000E+01
 6.27880E+01	 5.39240E+01	 2.41223E+01	 6.12357E+01	 2.22100E+01	 4.15016E+01	 3.79964E+01	 4.64326E+01	 4.74457E+01	 4.08850E+01	 1.76005E+01	 5.00000E+01
 6.28783E+01	 5.37727E+01	 2.47762E+01	 6.09803E+01	 2.22100E+01	 4.06998E+01	 3.80002E+01	 4.64280E+01	 4.74457E+01	 4.09121E+01	 1.81272E+01	 5.00000E+01
 6.28960E+01	 5.37522E+01	 2.45688E+01	 6.11044E+01	 2.22100E+01	 3.99119E+01	 3.80065E+01	 4.64074E+01	 4.74457E+01	 4.10646E+01	 1.78036E+01	 5.00000E+01
 6.29089E+01	 5.37628E+01	 2.44959E+01	 6.10825E+01	 2.22100E+01	 3.97154E+01	 3.80122E+01	 4.64197E+01	 4.74457E+01	 4.11005E+01	 1.84715E+01	 5.00000E+01
 6.29030E+01	 5.37707E+01	 2.40833E+01	 6.11993E+01	 2.22100E+01	 3.94418E+01	 3.79904E+01	 4.64104E+01	 4.74457E+01	 4.10769E+01	 1.82667E+01	 5.00000E+01
 6.28890E+01	 5.37943E+01	 2.39664E+01	 6.11125E+01	 2.22100E+01	 3.96723E+01	 3.79988E+01	 4.64098E+01	 4.74457E+01	 4.10213E+01	 1.80616E+01	 5.00000E+01
 6.28917E+01	 5.38086E+01	 2.43504E+01	 6.11102E+01	 2.22100E+01	 3.95778E+01	 3.79891E+01	 4.64184E+01	 4.74457E+01	 4.10569E+01	 1.79833E+01	 5.00000E+01
 6.29024E+01	 5.37879E+01	 2.42590E+01	 6.10476E+01	 2.22100E+01	 3.95671E+01	 3.80190E+01	 4.64203E+01	 4.74457E+01	 4.10251E+01	 1.81814E+01	 5.00000E+01
 6.28902E+01	 5.37945E+01	 2.41244E+01	 6.11356E+01	 2.22100E+01	 3.92491E+01	 3.80201E+01	 4.64186E+01	 4.74457E+01	 4.08815E+01	 1.77385E+01	 5.00000E+01
 6.28810E+01	 5.38334E+01	 2.42010E+01	 6.11596E+01	 2.22100E+01	 3.85750E+01	 3.80230E+01	 4.64252E+01	 4.74457E+01	 4.08341E+01	 1.75281E+01	 5.00000E+01
 6.28934E+01	 5.37855E+01	 2.42966E+01	 6.11185E+01	 2.22100E+01	 3.84572E+01	 3.80171E+01	 4.64075E+01	 4.74457E+01	 4.08656E+01	 1.85521E+01	 5.00000E+01
 6.28127E+01	 5.39098E+01	 2.47403E+01	 6.10723E+01	 2.22100E+01	 3.91393E+01	 3.80143E+01	 4.64194E+01	 4.74457E+01	 4.09596E+01	 1.87136E+01	 5.00000E+01
 6.27305E+01	 5.39829E+01	 2.46487E+01	 6.10834E+01	 2.22100E+01	 4.03926E+01	 3.80364E+01	 4.64278E+01	 4.74457E+01	 4.09515E+01	 1.80416E+01	 5.00000E+01
 6.27739E+01	 5.39091E+01	 2.52064E+01	 6.10666E+01	 2.22100E+01	 4.15239E+01	 3.80305E+01	 4.64287E+01	 4.74457E+01	 4.09770E+01	 1.84543E+01	 5.00000E+01
 6.27871E+01	 5.39115E+01	 2.49827E+01	 6.11298E+01	 2.22100E+01	 4.19123E+01	 3.80531E+01	 4.64235E+01	 4.74457E+01	 4.10221E+01	 1.79654E+01	 5.00000E+01
 6.27777E+01	 5.39195E+01	 2.47073E+01	 6.10953E+01	 2.22100E+01	 4.19243E+01	 3.80386E+01	 4.64341E+01	 4.74457E+01	 4.10026E+01	 1.79256E+01	 5.00000E+01
 6.27762E+01	 5.39145E+01	 2.48414E+01	 6.10161E+01	 2.22100E+01	 4.12889E+01	 3.80259E+01	 4.64323E+01	 4.74457E+01	 4.09164E+01	 1.83807E+01	 5.00000E+01
 6.28816E+01	 5.37486E+01	 2.46391E+01	 6.11636E+01	 2.22100E+01	 4.04878E+01	 3.80461E+01	 4.64286E+01	 4.74457E+01	 4.10030E+01	 1.80373E+01	 5.00000E+01
 6.29919E+01	 5.36586E+01	 2.44250E+01	 6.11500E+01	 2.22100E+01	 3.95872E+01	 3.80273E+01	 4.64229E+01	 4.74457E+01	 4.10481E+01	 1.83628E+01	 5.00000E+01
 6.28041E+01	 5.39265E+01	 2.44634E+01	 6.11998E+01	 2.22100E+01	 3.84650E+01	 3.80216E+01	 4.64289E+01	 4.74457E+01	 4.10206E+01	 1.82774E+01	 5.00000E+01
 6.26824E+01	 5.40314E+01	 2.50398E+01	 6.11098E+01	 2.22100E+01	 3.82378E+01	 3.80199E+01	 4.64177E+01	 4.74457E+01	 4.09447E+01	 1.82324E+01	 5.00000E+01
 6.26207E+01	 5.40990E+01	 2.56434E+01	 6.09805E+01	 2.22100E+01	 3.91335E+01	 3.80244E+01	 4.64099E+01	 4.74457E+01	 4.09611E+01	 1.84412E+01	 5.00000E+01
 6.27532E+01	 5.39219E+01	 2.49257E+01	 6.12187E+01	 2.22100E+01	 4.06465E+01	 3.80404E+01	 4.64212E+01	 4.74457E+01	 4.10752E+01	 1.80270E+01	 5.00000E+01
 6.28019E+01	 5.38782E+01	 2.48996E+01	 6.11671E+01	 2.22100E+01	 4.18759E+01	 3.80375E+01	 4.64078E+01	 4.74457E+01	 4.09868E+01	 1.81571E+01	 5.00000E+01
 6.28272E+01	 5.38691E+01	 2.50233E+01	 6.11853E+01	 2.22100E+01	 4.17061E+01	 3.79930E+01	 4.64258E+01	 4.74457E+01	 4.08904E+01	 1.81370E+01	 5.00000E+01
 6.29010E+01	 5.37710E+01	 2.49315E+01	 6.10379E+01	 2.22100E+01	 4.10696E+01	 3.80209E+01	 4.64131E+01	 4.74457E+01	 4.09229E+01	 1.76153E+01	 5.00000E+01
 6.28436E+01	 5.38763E+01	 2.44435E+01	 6.11469E+01	 2.22100E+01	 3.98364E+01	 3.80251E+01	 4.64216E+01	 4.74457E+01	 4.08661E+01	 1.80182E+01	 5.00000E+01
 6.27634E+01	 5.39524E+01	 2.45142E+01	 6.12529E+01	 2.22100E+01	 3.90914E+01	 3.80035E+01	 4.64226E+01	 4.74457E+01	 4.09394E+01	 1.77458E+01	 5.00000E+01
 6.26854E+01	 5.40328E+01	 2.45371E+01	 6.11412E+01	 2.22100E+01	 3.94901E+01	 3.80031E+01	 4.64300E+01	 4.74457E+01	 4.08498E+01	 1.79837E+01	 5.00000E+01
 6.27910E+01	 5.38281E+01	 2.50317E+01	 6.11007E+01	 2.22100E+01	 4.00705E+01	 3.80174E+01	 4.64241E+01	 4.74457E+01	 4.08280E+01	 1.78296E+01	 5.00000E+01
 6.29221E+01	 5.36912E+01	 2.41125E+01	 6.12025E+01	 2.22100E+01	 4.03111E+01	 3.79997E+01	 4.64225E+01	 4.74457E+01	 4.09725E+01	 1.80950E+01	 5.00000E+01
 6.28642E+01	 5.38320E+01	 2.42161E+01	 6.10732E+01	 2.22100E+01	 3.98088E+01	 3.79970E+01	 4.64223E+01	 4.74457E+01	 4.09209E+01	 1.78668E+01	 5.00000E+01
 6.28563E+01	 5.38184E+01	 2.46003E+01	 6.12102E+01	 2.22100E+01	 3.95588E+01	 3.79865E+01	 4.64323E+01	 4.74457E+01	 4.10368E+01	 1.78335E+01	 5.00000E+01
 6.28494E+01	 5.38157E+01	 2.48898E+01	 6.10659E+01	 2.22100E+01	 4.04388E+01	 3.79903E+01	 4.64222E+01	 4.74457E+01	 4.11306E+01	 1.79058E+01	 5.00000E+01
 6.28595E+01	 5.38165E+01	 2.44306E+01	 6.11206E+01	 2.22100E+01	 4.05927E+01	 3.80076E+01	 4.64177E+01	 4.74457E+01	 4.10669E+01	 1.77599E+01	 5.00000E+01
 6.28435E+01	 5.38321E+01	 2.41847E+01	 6.11461E+01	 2.22100E+01	 3.98952E+01	 3.79954E+01	 4.64215E+01	 4.74457E+01	 4.09623E+01	 1.83242E+01	 5.00000E+01
 6.28253E+01	 5.38635E+01	 2.44748E+01	 6.10299E+01	 2.22100E+01	 3.89872E+01	 3.79873E+01	 4.64334E+01	 4.74457E+01	 4.08761E+01	 1.80061E+01	 5.00000E+01
 6.29198E+01	 5.37395E+01	 2.47284E+01	 6.10936E+01	 2.22100E+01	 3.84981E+01	 3.79960E+01	 4.64268E+01	 4.74457E+01	 4.09775E+01	 1.79952E+01	 5.00000E+01
 6.28463E+01	 5.38579E+01	 2.48457E+01	 6.11387E+01	 2.22100E+01	 3.84192E+01	 3.79917E+01	 4.64248E+01	 4.74457E+01	 4.10222E+01	 1.77280E+01	 5.00000E+01
 6.27592E+01	 5.39598E+01	 2.47004E+01	 6.11434E+01	 2.22100E+01	 3.89481E+01	 3.79989E+01	 4.64224E+01	 4.74457E+01	 4.10176E+01	 1.85014E+01	 5.00000E+01
 6.29323E+01	 5.37128E+01	 2.47980E+01	 6.11551E+01	 2.22100E+01	 3.99692E+01	 3.80109E+01	 4.64274E+01	 4.74457E+01	 4.10356E+01	 1.78189E+01	 5.00000E+01
 6.29373E+01	 5.37492E+01	 2.54792E+01	 6.10761E+01	 2.22100E+01	 4.04965E+01	 3.79881E+01	 4.64169E+01	 4.74457E+01	 4.10135E+01	 1.75193E+01	 5.00000E+01
 6.29234E+01	 5.38055E+01	 2.60283E+01	 6.09170E+01	 2.22100E+01	 4.00812E+01	 3.80024E+01	 4.64301E+01	 4.74457E+01	 4.09528E+01	 1.77426E+01	 5.00000E+01
 6.29532E+01	 5.37354E+01	 2.52439E+01	 6.12637E+01	 2.22100E+01	 3.91463E+01	 3.79924E+01	 4.64411E+01	 4.74457E+01	 4.10621E+01	 1.75551E+01	 5.00000E+01
 6.28561E+01	 5.38557E+01	 2.51005E+01	 6.10638E+01	 2.22100E+01	 3.87368E+01	 3.80105E+01	 4.64234E+01	 4.74457E+01	 4.08965E+01	 1.76638E+01	 5.00000E+01
 6.27731E+01	 5.39686E+01	 2.53287E+01	 6.11222E+01	 2.22100E+01	 3.84024E+01	 3.79851E+01	 4.64251E+01	 4.74457E+01	 4.09233E+01	 1.83573E+01	 5.00000E+01
 6.27239E+01	 5.39975E+01	 2.54381E+01	 6.10339E+01	 2.22100E+01	 3.92566E+01	 3.79811E+01	 4.64334E+01	 4.74457E+01	 4.10468E+01	 1.80115E+01	 5.00000E+01
 6.27185E+01	 5.39839E+01	 2.50481E+01	 6.11352E+01	 2.22100E+01	 4.05505E+01	 3.80029E+01	 4.64193E+01	 4.74457E+01	 4.10596E+01	 1.75164E+01	 5.00000E+01
 6.27339E+01	 5.39627E+01	 2.52596E+01	 6.11431E+01	 2.22100E+01	 4.15286E+01	 3.80062E+01	 4.64176E+01	 4.74457E+01	 4.10257E+01	 1.76804E+01	 5.00000E+01
 6.27379E+01	 5.39540E+01	 2.46399E+01	 6.11623E+01	 2.22100E+01	 4.22558E+01	 3.79938E+01	 4.64223E+01	 4.74457E+01	 4.09670E+01	 1.80929E+01	 5.00000E+01
 6.28367E+01	 5.37971E+01	 2.43342E+01	 6.10408E+01	 2.22100E+01	 4.20069E+01	 3.79770E+01	 4.64151E+01	 4.74457E+01	 4.09424E+01	 1.77971E+01	 5.00000E+01
 6.29436E+01	 5.36979E+01	 2.44962E+01	 6.12594E+01	 2.22100E+01	 4.05692E+01	 3.79737E+01	 4.64180E+01	 4.74457E+01	 4.09622E+01	 1.80871E+01	 5.00000E+01
 6.31101E+01	 5.35303E+01	 2.48561E+01	 6.11762E+01	 2.22100E+01	 3.87187E+01	 3.79653E+01	 4.64086E+01	 4.74457E+01	 4.09812E+01	 1.82303E+01	 5.00000E+01
 6.31446E+01	 5.35274E+01	 2.46413E+01	 6.12347E+01	 2.22100E+01	 3.73152E+01	 3.79290E+01	 4.64109E+01	 4.74457E+01	 4.11176E+01	 1.82636E+01	 5.00000E+01
 6.31339E+01	 5.35417E+01	 2.44841E+01	 6.11157E+01	 2.22100E+01	 3.69681E+01	 3.79730E+01	 4.64051E+01	 4.74457E+01	 4.11678E+01	 1.80822E+01	 5.00000E+01
 6.30320E+01	 5.36888E+01	 2.41679E+01	 6.11885E+01	 2.22100E+01	 3.70902E+01	 3.79707E+01	 4.64173E+01	 4.74457E+01	 4.11576E+01	 1.79494E+01	 5.00000E+01
 6.29356E+01	 5.37934E+01	 2.39537E+01	 6.12116E+01	 2.22100E+01	 3.80356E+01	 3.79611E+01	 4.64175E+01	 4.74457E+01	 4.11200E+01	 1.77284E+01	 5.00000E+01
 6.28738E+01	 5.38417E+01	 2.37592E+01	 6.11593E+01	 2.22100E+01	 3.92643E+01	 3.79871E+01	 4.64282E+01	 4.74457E+01	 4.10341E+01	 1.74389E+01	 5.00000E+01
 6.28907E+01	 5.37838E+01	 2.40112E+01	 6.10426E+01	 2.22100E+01	 4.08207E+01	 3.79744E+01	 4.64199E+01	 4.74457E+01	 4.09678E+01	 1.82283E+01	 5.00000E+01
 6.28910E+01	 5.37883E+01	 2.44781E+01	 6.10793E+01	 2.22100E+01	 4.09376E+01	 3.79566E+01	 4.64175E+01	 4.74457E+01	 4.09678E+01	 1.76958E+01	 5.00000E+01
 6.28834E+01	 5.38164E+01	 2.44941E+01	 6.12020E+01	 2.22100E+01	 4.08973E+01	 3.79750E+01	 4.64314E+01	 4.74457E+01	 4.10265E+01	 1.80094E+01	 5.00000E+01
 6.29353E+01	 5.37181E+01	 2.44222E+01	 6.09908E+01	 2.22100E+01	 4.12694E+01	 3.79494E+01	 4.64026E+01	 4.74457E+01	 4.09914E+01	 1.77059E+01	 5.00000E+01
 6.30455E+01	 5.35971E+01	 2.44794E+01	 6.11414E+01	 2.22100E+01	 4.02756E+01	 3.79290E+01	 4.64284E+01	 4.74457E+01	 4.09380E+01	 1.78974E+01	 5.00000E+01
 6.31258E+01	 5.35173E+01	 2.45631E+01	 6.10321E+01	 2.22100E+01	 3.89875E+01	 3.79459E+01	 4.64171E+01	 4.74457E+01	 4.09528E+01	 1.75350E+01	 5.00000E+01
 6.29747E+01	 5.37466E+01	 2.39780E+01	 6.11442E+01	 2.22100E+01	 3.77677E+01	 3.79594E+01	 4.64120E+01	 4.74457E+01	 4.09345E+01	 1.77869E+01	 5.00000E+01
 6.29142E+01	 5.38136E+01	 2.38073E+01	 6.12637E+01	 2.22100E+01	 3.80577E+01	 3.79597E+01	 4.64253E+01	 4.74457E+01	 4.09760E+01	 1.82477E+01	 5.00000E+01
 6.28706E+01	 5.38300E+01	 2.39769E+01	 6.11968E+01	 2.22100E+01	 3.97006E+01	 3.79532E+01	 4.64169E+01	 4.74457E+01	 4.09851E+01	 1.77485E+01	 5.00000E+01
 6.29650E+01	 5.37030E+01	 2.38585E+01	 6.11551E+01	 2.22100E+01	 4.15039E+01	 3.79554E+01	 4.64148E+01	 4.74457E+01	 4.09529E+01	 1.80064E+01	 5.00000E+01
 6.29381E+01	 5.37739E+01	 2.37336E+01	 6.11434E+01	 2.22100E+01	 4.23119E+01	 3.79688E+01	 4.64084E+01	 4.74457E+01	 4.09452E+01	 1.74967E+01	 5.00000E+01
 6.28725E+01	 5.38185E+01	 2.36619E+01	 6.11735E+01	 2.22100E+01	 4.23947E+01	 3.79714E+01	 4.64095E+01	 4.74457E+01	 4.09867E+01	 1.79800E+01	 5.00000E+01
 6.29126E+01	 5.37648E+01	 2.36512E+01	 6.11282E+01	 2.22100E+01	 4.28455E+01	 3.79699E+01	 4.63998E+01	 4.74457E+01	 4.10081E+01	 1.75785E+01	 5.00000E+01
 6.28738E+01	 5.38507E+01	 2.35073E+01	 6.12745E+01	 2.22100E+01	 4.32798E+01	 3.79678E+01	 4.64075E+01	 4.74457E+01	 4.10717E+01	 1.79093E+01	 5.00000E+01
 6.28040E+01	 5.39248E+01	 2.44464E+01	 6.10468E+01	 2.22100E+01	 4.35453E+01	 3.79410E+01	 4.64019E+01	 4.74457E+01	 4.10205E+01	 1.79870E+01	 5.00000E+01
 6.28465E+01	 5.38410E+01	 2.45710E+01	 6.11317E+01	 2.22100E+01	 4.28906E+01	 3.79489E+01	 4.64067E+01	 4.74457E+01	 4.09500E+01	 1.80611E+01	 5.00000E+01
 6.28424E+01	 5.38606E+01	 2.45773E+01	 6.11876E+01	 2.22100E+01	 4.20054E+01	 3.79512E+01	 4.64031E+01	 4.74457E+01	 4.09384E+01	 1.80533E+01	 5.00000E+01
 6.28198E+01	 5.38782E+01	 2.40268E+01	 6.11372E+01	 2.22100E+01	 4.12342E+01	 3.79336E+01	 4.63954E+01	 4.74457E+01	 4.08455E+01	 1.81020E+01	 5.00000E+01
 6.27908E+01	 5.39130E+01	 2.41545E+01	 6.11225E+01	 2.22100E+01	 4.05853E+01	 3.79441E+01	 4.64003E+01	 4.74457E+01	 4.08927E+01	 1.80889E+01	 5.00000E+01
 6.28210E+01	 5.38921E+01	 2.43600E+01	 6.11840E+01	 2.22100E+01	 4.03299E+01	 3.79426E+01	 4.63936E+01	 4.74457E+01	 4.09102E+01	 1.77178E+01	 5.00000E+01
 6.28480E+01	 5.38759E+01	 2.48126E+01	 6.09313E+01	 2.22100E+01	 4.04197E+01	 3.79173E+01	 4.63763E+01	 4.74457E+01	 4.08883E+01	 1.77723E+01	 5.00000E+01
 6.28336E+01	 5.39035E+01	 2.45989E+01	 6.10722E+01	 2.22100E+01	 4.02449E+01	 3.79625E+01	 4.63833E+01	 4.74457E+01	 4.09291E+01	 1.80455E+01	 5.00000E+01
 6.28471E+01	 5.38847E+01	 2.44824E+01	 6.12561E+01	 2.22100E+01	 4.05507E+01	 3.79723E+01	 4.63860E+01	 4.74457E+01	 4.10248E+01	 1.79048E+01	 5.00000E+01
 6.28646E+01	 5.38618E+01	 2.51891E+01	 6.09613E+01	 2.22100E+01	 4.17003E+01	 3.79806E+01	 4.63957E+01	 4.74457E+01	 4.10302E+01	 1.79186E+01	 5.00000E+01
 6.29682E+01	 5.37438E+01	 2.48175E+01	 6.10795E+01	 2.22100E+01	 4.15695E+01	 3.79671E+01	 4.63789E+01	 4.74457E+01	 4.09890E+01	 1.84609E+01	 5.00000E+01
 6.29304E+01	 5.38274E+01	 2.43905E+01	 6.10597E+01	 2.22100E+01	 4.02493E+01	 3.79759E+01	 4.63904E+01	 4.74457E+01	 4.08524E+01	 1.81341E+01	 5.00000E+01
 6.28808E+01	 5.38869E+01	 2.40612E+01	 6.13282E+01	 2.22100E+01	 3.83094E+01	 3.79985E+01	 4.63796E+01	 4.74457E+01	 4.08549E+01	 1.79637E+01	 5.00000E+01
 6.29296E+01	 5.38010E+01	 2.49181E+01	 6.09511E+01	 2.22100E+01	 3.82754E+01	 3.79841E+01	 4.63771E+01	 4.74457E+01	 4.09538E+01	 1.76301E+01	 5.00000E+01
 6.28658E+01	 5.39244E+01	 2.50302E+01	 6.11673E+01	 2.22100E+01	 3.81944E+01	 3.79942E+01	 4.63927E+01	 4.74457E+01	 4.10711E+01	 1.75812E+01	 5.00000E+01
 6.27791E+01	 5.40123E+01	 2.48738E+01	 6.11452E+01	 2.22100E+01	 3.94913E+01	 3.80002E+01	 4.63942E+01	 4.74457E+01	 4.10537E+01	 1.77850E+01	 5.00000E+01
 6.28460E+01	 5.38955E+01	 2.49580E+01	 6.11755E+01	 2.22100E+01	 4.07321E+01	 3.79912E+01	 4.63890E+01	 4.74457E+01	 4.10616E+01	 1.82185E+01	 5.00000E+01
 6.28915E+01	 5.38272E+01	 2.52336E+01	 6.11568E+01	 2.22100E+01	 4.11322E+01	 3.80134E+01	 4.63855E+01	 4.74457E+01	 4.10181E+01	 1.78994E+01	 5.00000E+01
 6.29271E+01	 5.37954E+01	 2.51660E+01	 6.09820E+01	 2.22100E+01	 4.08302E+01	 3.80283E+01	 4.63934E+01	 4.74457E+01	 4.10846E+01	 1.75234E+01	 5.00000E+01
 6.29629E+01	 5.37754E+01	 2.54358E+01	 6.11072E+01	 2.22100E+01	 3.97025E+01	 3.80094E+01	 4.63896E+01	 4.74457E+01	 4.11155E+01	 1.82531E+01	 5.00000E+01
 6.29138E+01	 5.38415E+01	 2.52518E+01	 6.10158E+01	 2.22100E+01	 3.85068E+01	 3.80163E+01	 4.63812E+01	 4.74457E+01	 4.10776E+01	 1.83476E+01	 5.00000E+01
 6.28694E+01	 5.38954E+01	 2.54022E+01	 6.11702E+01	 2.22100E+01	 3.73496E+01	 3.80089E+01	 4.63935E+01	 4.74457E+01	 4.10731E+01	 1.84751E+01	 5.00000E+01
 6.29158E+01	 5.38355E+01	 2.52575E+01	 6.11859E+01	 2.22100E+01	 3.74342E+01	 3.80111E+01	 4.63947E+01	 4.74457E+01	 4.11282E+01	 1.81139E+01	 5.00000E+01
 6.28998E+01	 5.38665E+01	 2.52669E+01	 6.10735E+01	 2.22100E+01	 3.78584E+01	 3.79822E+01	 4.63975E+01	 4.74457E+01	 4.10790E+01	 1.79931E+01	 5.00000E+01
 6.28749E+01	 5.39009E+01	 2.49250E+01	 6.10612E+01	 2.22100E+01	 3.79743E+01	 3.80299E+01	 4.64028E+01	 4.74457E+01	 4.10988E+01	 1.78680E+01	 5.00000E+01
 6.29326E+01	 5.37867E+01	 2.50979E+01	 6.11872E+01	 2.22100E+01	 3.81118E+01	 3.80051E+01	 4.63971E+01	 4.74457E+01	 4.11671E+01	 1.76554E+01	 5.00000E+01
 6.29001E+01	 5.38711E+01	 2.46678E+01	 6.11661E+01	 2.22100E+01	 3.85304E+01	 3.80075E+01	 4.64104E+01	 4.74457E+01	 4.11468E+01	 1.76806E+01	 5.00000E+01
 6.28460E+01	 5.39459E+01	 2.45414E+01	 6.11014E+01	 2.22100E+01	 3.88471E+01	 3.80126E+01	 4.64255E+01	 4.74457E+01	 4.11202E+01	 1.75651E+01	 5.00000E+01
 6.28105E+01	 5.39558E+01	 2.49865E+01	 6.12254E+01	 2.22100E+01	 3.91226E+01	 3.80019E+01	 4.64080E+01	 4.74457E+01	 4.11711E+01	 1.86181E+01	 5.00000E+01
 6.28941E+01	 5.38297E+01	 2.51032E+01	 6.11810E+01	 2.22100E+01	 4.01348E+01	 3.79971E+01	 4.64119E+01	 4.74457E+01	 4.11770E+01	 1.78533E+01	 5.00000E+01
 6.29715E+01	 5.37539E+01	 2.52639E+01	 6.10786E+01	 2.22100E+01	 4.05695E+01	 3.80024E+01	 4.63987E+01	 4.74457E+01	 4.11421E+01	 1.76652E+01	 5.00000E+01
 6.30903E+01	 5.36210E+01	 2.48849E+01	 6.10448E+01	 2.22100E+01	 3.94165E+01	 3.79919E+01	 4.64152E+01	 4.74457E+01	 4.11258E+01	 1.79391E+01	 5.00000E+01
 6.30457E+01	 5.37262E+01	 2.50842E+01	 6.11889E+01	 2.22100E+01	 3.71870E+01	 3.79696E+01	 4.64151E+01	 4.74457E+01	 4.11482E+01	 1.79106E+01	 5.00000E+01
 6.29472E+01	 5.38145E+01	 2.43589E+01	 6.12454E+01	 2.22100E+01	 3.63497E+01	 3.79949E+01	 4.64099E+01	 4.74457E+01	 4.11475E+01	 1.79598E+01	 5.00000E+01
 6.30078E+01	 5.37396E+01	 2.41208E+01	 6.10205E+01	 2.22100E+01	 3.66105E+01	 3.79949E+01	 4.64137E+01	 4.74457E+01	 4.10702E+01	 1.84461E+01	 5.00000E+01
 6.30096E+01	 5.37395E+01	 2.44325E+01	 6.11570E+01	 2.22100E+01	 3.61562E+01	 3.79854E+01	 4.64200E+01	 4.74457E+01	 4.10192E+01	 1.79589E+01	 5.00000E+01
 6.29948E+01	 5.37356E+01	 2.44962E+01	 6.10865E+01	 2.22100E+01	 3.62403E+01	 3.79771E+01	 4.64221E+01	 4.74457E+01	 4.10185E+01	 1.79085E+01	 5.00000E+01
 6.28537E+01	 5.39112E+01	 2.45202E+01	 6.11261E+01	 2.22100E+01	 3.66636E+01	 3.80045E+01	 4.64194E+01	 4.74457E+01	 4.10108E+01	 1.77897E+01	 5.00000E+01
 6.28196E+01	 5.39279E+01	 2.39192E+01	 6.12369E+01	 2.22100E+01	 3.83316E+01	 3.80094E+01	 4.64177E+01	 4.74457E+01	 4.09618E+01	 1.86943E+01	 5.00000E+01
 6.28231E+01	 5.39162E+01	 2.39277E+01	 6.12292E+01	 2.22100E+01	 4.06921E+01	 3.80044E+01	 4.64158E+01	 4.74457E+01	 4.09198E+01	 1.79642E+01	 5.00000E+01
 6.29102E+01	 5.37963E+01	 2.38467E+01	 6.11972E+01	 2.22100E+01	 4.23070E+01	 3.79851E+01	 4.64206E+01	 4.74457E+01	 4.09040E+01	 1.78012E+01	 5.00000E+01
 6.29433E+01	 5.37761E+01	 2.43291E+01	 6.11421E+01	 2.22100E+01	 4.24617E+01	 3.79890E+01	 4.64263E+01	 4.74457E+01	 4.08908E+01	 1.81448E+01	 5.00000E+01
 6.29432E+01	 5.37827E+01	 2.43201E+01	 6.10814E+01	 2.22100E+01	 4.15001E+01	 3.79908E+01	 4.64169E+01	 4.74457E+01	 4.08527E+01	 1.79594E+01	 5.00000E+01
 6.29329E+01	 5.38099E+01	 2.43647E+01	 6.10664E+01	 2.22100E+01	 4.06375E+01	 3.79738E+01	 4.64312E+01	 4.74457E+01	 4.09010E+01	 1.78392E+01	 5.00000E+01
 6.29441E+01	 5.37552E+01	 2.43821E+01	 6.10482E+01	 2.22100E+01	 4.02223E+01	 3.79829E+01	 4.64142E+01	 4.74457E+01	 4.09366E+01	 1.75039E+01	 5.00000E+01
 6.29749E+01	 5.37445E+01	 2.44407E+01	 6.11476E+01	 2.22100E+01	 3.90337E+01	 3.79669E+01	 4.64219E+01	 4.74457E+01	 4.09109E+01	 1.80687E+01	 5.00000E+01
 6.30123E+01	 5.37021E+01	 2.41948E+01	 6.11356E+01	 2.22100E+01	 3.82027E+01	 3.79746E+01	 4.64238E+01	 4.74457E+01	 4.09376E+01	 1.79131E+01	 5.00000E+01
 6.29649E+01	 5.37797E+01	 2.44070E+01	 6.12183E+01	 2.22100E+01	 3.79738E+01	 3.79830E+01	 4.64234E+01	 4.74457E+01	 4.09388E+01	 1.77674E+01	 5.00000E+01
 6.29005E+01	 5.38442E+01	 2.43466E+01	 6.11876E+01	 2.22100E+01	 3.92460E+01	 3.79570E+01	 4.64236E+01	 4.74457E+01	 4.10058E+01	 1.83411E+01	 5.00000E+01
 6.29801E+01	 5.37323E+01	 2.42639E+01	 6.11661E+01	 2.22100E+01	 4.07294E+01	 3.79867E+01	 4.64233E+01	 4.74457E+01	 4.10747E+01	 1.83259E+01	 5.00000E+01
 6.29729E+01	 5.37652E+01	 2.47307E+01	 6.11563E+01	 2.22100E+01	 4.13222E+01	 3.79972E+01	 4.64218E+01	 4.74457E+01	 4.10506E+01	 1.80427E+01	 5.00000E+01
 6.29450E+01	 5.37761E+01	 2.43916E+01	 6.10717E+01	 2.22100E+01	 4.12876E+01	 3.79937E+01	 4.64190E+01	 4.74457E+01	 4.09780E+01	 1.77299E+01	 5.00000E+01
 6.29006E+01	 5.38399E+01	 2.43416E+01	 6.12515E+01	 2.22100E+01	 4.04499E+01	 3.79960E+01	 4.64331E+01	 4.74457E+01	 4.08991E+01	 1.78582E+01	 5.00000E+01
 6.29117E+01	 5.38112E+01	 2.37507E+01	 6.12549E+01	 2.22100E+01	 4.02211E+01	 3.80033E+01	 4.64293E+01	 4.74457E+01	 4.08782E+01	 1.79169E+01	 5.00000E+01
 6.29191E+01	 5.37940E+01	 2.38626E+01	 6.11900E+01	 2.22100E+01	 4.02684E+01	 3.79958E+01	 4.64126E+01	 4.74457E+01	 4.08473E+01	 1.78006E+01	 5.00000E+01
 6.29677E+01	 5.37637E+01	 2.36032E+01	 6.13797E+01	 2.22100E+01	 4.06979E+01	 3.79796E+01	 4.64161E+01	 4.74457E+01	 4.09136E+01	 1.79781E+01	 5.00000E+01
 6.29740E+01	 5.37591E+01	 2.42080E+01	 6.10411E+01	 2.22100E+01	 4.12540E+01	 3.79804E+01	 4.64082E+01	 4.74457E+01	 4.08110E+01	 1.81862E+01	 5.00000E+01
 6.29688E+01	 5.37596E+01	 2.46357E+01	 6.09918E+01	 2.22100E+01	 4.03724E+01	 3.79754E+01	 4.64153E+01	 4.74457E+01	 4.07985E+01	 1.78275E+01	 5.00000E+01
 6.29720E+01	 5.37667E+01	 2.43683E+01	 6.12013E+01	 2.22100E+01	 3.96347E+01	 3.79829E+01	 4.64263E+01	 4.74457E+01	 4.08716E+01	 1.82707E+01	 5.00000E+01
 6.29957E+01	 5.37377E+01	 2.44522E+01	 6.10421E+01	 2.22100E+01	 3.95238E+01	 3.79778E+01	 4.64179E+01	 4.74457E+01	 4.08471E+01	 1.76814E+01	 5.00000E+01
 6.30069E+01	 5.37309E+01	 2.43726E+01	 6.12923E+01	 2.22100E+01	 3.91330E+01	 3.79889E+01	 4.64170E+01	 4.74457E+01	 4.09215E+01	 1.82084E+01	 5.00000E+01
 6.29245E+01	 5.38181E+01	 2.44384E+01	 6.11840E+01	 2.22100E+01	 3.99089E+01	 3.79889E+01	 4.64183E+01	 4.74457E+01	 4.08620E+01	 1.79145E+01	 5.00000E+01
 6.29785E+01	 5.37323E+01	 2.46876E+01	 6.10501E+01	 2.22100E+01	 4.06806E+01	 3.79922E+01	 4.64060E+01	 4.74457E+01	 4.09094E+01	 1.80571E+01	 5.00000E+01
 6.30463E+01	 5.36635E+01	 2.48426E+01	 6.11177E+01	 2.22100E+01	 4.09789E+01	 3.79956E+01	 4.64187E+01	 4.74457E+01	 4.10287E+01	 1.79314E+01	 5.00000E+01
 6.30349E+01	 5.37190E+01	 2.45492E+01	 6.11199E+01	 2.22100E+01	 4.08189E+01	 3.80228E+01	 4.64274E+01	 4.74457E+01	 4.10852E+01	 1.79559E+01	 5.00000E+01
 6.30000E+01	 5.37393E+01	 2.41193E+01	 6.11496E+01	 2.22100E+01	 4.06266E+01	 3.80175E+01	 4.64089E+01	 4.74457E+01	 4.10662E+01	 1.83785E+01	 5.00000E+01
 6.29864E+01	 5.37607E+01	 2.43524E+01	 6.11541E+01	 2.22100E+01	 3.99129E+01	 3.79862E+01	 4.64220E+01	 4.74457E+01	 4.08750E+01	 1.81962E+01	 5.00000E+01
 6.29331E+01	 5.38368E+01	 2.47007E+01	 6.10339E+01	 2.22100E+01	 3.92573E+01	 3.79953E+01	 4.64147E+01	 4.74457E+01	 4.08704E+01	 1.81436E+01	 5.00000E+01
 6.29801E+01	 5.37605E+01	 2.44901E+01	 6.12401E+01	 2.22100E+01	 3.92803E+01	 3.80202E+01	 4.64256E+01	 4.74457E+01	 4.09780E+01	 1.82261E+01	 5.00000E+01
 6.30305E+01	 5.36788E+01	 2.44765E+01	 6.11690E+01	 2.22100E+01	 3.99357E+01	 3.80201E+01	 4.64279E+01	 4.74457E+01	 4.09720E+01	 1.80333E+01	 5.00000E+01
 6.28915E+01	 5.38818E+01	 2.44497E+01	 6.12602E+01	 2.22100E+01	 4.01884E+01	 3.79898E+01	 4.64200E+01	 4.74457E+01	 4.09477E+01	 1.83552E+01	 5.00000E+01
 6.28822E+01	 5.38487E+01	 2.47654E+01	 6.11255E+01	 2.22100E+01	 4.08972E+01	 3.79973E+01	 4.64090E+01	 4.74457E+01	 4.09364E+01	 1.80192E+01	 5.00000E+01
 6.29219E+01	 5.38144E+01	 2.52001E+01	 6.10239E+01	 2.22100E+01	 4.10542E+01	 3.80046E+01	 4.64377E+01	 4.74457E+01	 4.08998E+01	 1.75283E+01	 5.00000E+01
 6.29615E+01	 5.37605E+01	 2.52017E+01	 6.10552E+01	 2.22100E+01	 4.05198E+01	 3.80111E+01	 4.64381E+01	 4.74457E+01	 4.09419E+01	 1.86475E+01	 5.00000E+01
 6.29556E+01	 5.37894E+01	 2.45292E+01	 6.11089E+01	 2.22100E+01	 3.93326E+01	 3.79955E+01	 4.64433E+01	 4.74457E+01	 4.09292E+01	 1.80955E+01	 5.00000E+01
 6.29382E+01	 5.38129E+01	 2.46529E+01	 6.11406E+01	 2.22100E+01	 3.85022E+01	 3.80121E+01	 4.64258E+01	 4.74457E+01	 4.09470E+01	 1.82098E+01	 5.00000E+01
 6.31176E+01	 5.35665E+01	 2.43554E+01	 6.10771E+01	 2.22100E+01	 3.79080E+01	 3.80063E+01	 4.64375E+01	 4.74457E+01	 4.09855E+01	 1.81489E+01	 5.00000E+01
 6.30897E+01	 5.36753E+01	 2.43252E+01	 6.11646E+01	 2.22100E+01	 3.68922E+01	 3.80141E+01	 4.64275E+01	 4.74457E+01	 4.09842E+01	 1.81805E+01	 5.00000E+01
 6.29976E+01	 5.37861E+01	 2.44422E+01	 6.12326E+01	 2.22100E+01	 3.66824E+01	 3.80096E+01	 4.64364E+01	 4.74457E+01	 4.09854E+01	 1.76133E+01	 5.00000E+01
 6.30184E+01	 5.37223E+01	 2.53489E+01	 6.11538E+01	 2.22100E+01	 3.77670E+01	 3.80179E+01	 4.64175E+01	 4.74457E+01	 4.09752E+01	 1.79424E+01	 5.00000E+01
 6.30624E+01	 5.36937E+01	 2.51989E+01	 6.11561E+01	 2.22100E+01	 3.88299E+01	 3.80204E+01	 4.64313E+01	 4.74457E+01	 4.09442E+01	 1.82499E+01	 5.00000E+01
 6.30831E+01	 5.36559E+01	 2.45571E+01	 6.11697E+01	 2.22100E+01	 3.95396E+01	 3.80217E+01	 4.64347E+01	 4.74457E+01	 4.09512E+01	 1.77626E+01	 5.00000E+01
 6.31071E+01	 5.36263E+01	 2.43750E+01	 6.11884E+01	 2.22100E+01	 4.01969E+01	 3.80157E+01	 4.64199E+01	 4.74457E+01	 4.09569E+01	 1.74349E+01	 5.00000E+01
 6.30632E+01	 5.37021E+01	 2.43680E+01	 6.12623E+01	 2.22100E+01	 4.04492E+01	 3.80463E+01	 4.64254E+01	 4.74457E+01	 4.10654E+01	 1.74933E+01	 5.00000E+01
 6.30003E+01	 5.37463E+01	 2.43651E+01	 6.12275E+01	 2.22100E+01	 4.09482E+01	 3.80247E+01	 4.64276E+01	 4.74457E+01	 4.09845E+01	 1.79414E+01	 5.00000E+01
 6.29520E+01	 5.38009E+01	 2.45674E+01	 6.10456E+01	 2.22100E+01	 4.15008E+01	 3.80270E+01	 4.64319E+01	 4.74457E+01	 4.09908E+01	 1.82868E+01	 5.00000E+01
 6.29491E+01	 5.37908E+01	 2.49937E+01	 6.10363E+01	 2.22100E+01	 4.13184E+01	 3.80230E+01	 4.64364E+01	 4.74457E+01	 4.10232E+01	 1.75801E+01	 5.00000E+01
 6.29587E+01	 5.37604E+01	 2.52294E+01	 6.11040E+01	 2.22100E+01	 4.07134E+01	 3.80071E+01	 4.64471E+01	 4.74457E+01	 4.10773E+01	 1.75671E+01	 5.00000E+01
 6.29949E+01	 5.37216E+01	 2.51361E+01	 6.11032E+01	 2.22100E+01	 4.02215E+01	 3.80059E+01	 4.64412E+01	 4.74457E+01	 4.10602E+01	 1.77739E+01	 5.00000E+01
 6.29577E+01	 5.37849E+01	 2.47175E+01	 6.11332E+01	 2.22100E+01	 3.99431E+01	 3.80008E+01	 4.64381E+01	 4.74457E+01	 4.10873E+01	 1.80476E+01	 5.00000E+01
 6.29110E+01	 5.38152E+01	 2.41297E+01	 6.12199E+01	 2.22100E+01	 3.97427E+01	 3.79878E+01	 4.64377E+01	 4.74457E+01	 4.10918E+01	 1.78799E+01	 5.00000E+01
 6.29430E+01	 5.37694E+01	 2.50742E+01	 6.10664E+01	 2.22100E+01	 3.95659E+01	 3.79972E+01	 4.64330E+01	 4.74457E+01	 4.10830E+01	 1.79437E+01	 5.00000E+01
 6.29039E+01	 5.38318E+01	 2.49683E+01	 6.11994E+01	 2.22100E+01	 3.97470E+01	 3.79932E+01	 4.64289E+01	 4.74457E+01	 4.10993E+01	 1.74173E+01	 5.00000E+01
 6.28596E+01	 5.38941E+01	 2.49218E+01	 6.11182E+01	 2.22100E+01	 4.02617E+01	 3.80000E+01	 4.64460E+01	 4.74457E+01	 4.10571E+01	 1.79807E+01	 5.00000E+01
 6.28667E+01	 5.38635E+01	 2.51650E+01	 6.12499E+01	 2.22100E+01	 4.10442E+01	 3.79890E+01	 4.64198E+01	 4.74457E+01	 4.10726E+01	 1.79496E+01	 5.00000E+01
 6.29497E+01	 5.37445E+01	 2.49865E+01	 6.12166E+01	 2.22100E+01	 4.14901E+01	 3.79912E+01	 4.64372E+01	 4.74457E+01	 4.09685E+01	 1.80468E+01	 5.00000E+01
 6.30201E+01	 5.36621E+01	 2.48938E+01	 6.11577E+01	 2.22100E+01	 4.11999E+01	 3.79991E+01	 4.64275E+01	 4.74457E+01	 4.09368E+01	 1.79946E+01	 5.00000E+01
 6.30204E+01	 5.36978E+01	 2.50133E+01	 6.10504E+01	 2.22100E+01	 4.04188E+01	 3.79762E+01	 4.64239E+01	 4.74457E+01	 4.10472E+01	 1.81939E+01	 5.00000E+01
 6.29398E+01	 5.38322E+01	 2.54163E+01	 6.10306E+01	 2.22100E+01	 3.93599E+01	 3.79659E+01	 4.64314E+01	 4.74457E+01	 4.10220E+01	 1.81602E+01	 5.00000E+01
 6.28551E+01	 5.39109E+01	 2.48012E+01	 6.12546E+01	 2.22100E+01	 3.86975E+01	 3.79831E+01	 4.64336E+01	 4.74457E+01	 4.10446E+01	 1.76135E+01	 5.00000E+01
 6.30272E+01	 5.36735E+01	 2.45156E+01	 6.11369E+01	 2.22100E+01	 3.92840E+01	 3.79789E+01	 4.64309E+01	 4.74457E+01	 4.10255E+01	 1.77125E+01	 5.00000E+01
 6.30633E+01	 5.36650E+01	 2.48316E+01	 6.10709E+01	 2.22100E+01	 3.89101E+01	 3.79703E+01	 4.64426E+01	 4.74457E+01	 4.09872E+01	 1.79710E+01	 5.00000E+01
 6.30611E+01	 5.36647E+01	 2.49869E+01	 6.10879E+01	 2.22100E+01	 3.75890E+01	 3.79761E+01	 4.64352E+01	 4.74457E+01	 4.09177E+01	 1.75941E+01	 5.00000E+01
 6.29651E+01	 5.38090E+01	 2.45078E+01	 6.11296E+01	 2.22100E+01	 3.71575E+01	 3.79761E+01	 4.64290E+01	 4.74457E+01	 4.08820E+01	 1.80872E+01	 5.00000E+01
 6.29601E+01	 5.37910E+01	 2.36226E+01	 6.12542E+01	 2.22100E+01	 3.81269E+01	 3.79908E+01	 4.64250E+01	 4.74457E+01	 4.09451E+01	 1.73947E+01	 5.00000E+01
 6.29905E+01	 5.37586E+01	 2.36291E+01	 6.12297E+01	 2.22100E+01	 3.99777E+01	 3.79868E+01	 4.64315E+01	 4.74457E+01	 4.10034E+01	 1.79490E+01	 5.00000E+01
 6.29489E+01	 5.38018E+01	 2.37446E+01	 6.11462E+01	 2.22100E+01	 4.11864E+01	 3.79762E+01	 4.64149E+01	 4.74457E+01	 4.09793E+01	 1.74041E+01	 5.00000E+01
 6.30358E+01	 5.36707E+01	 2.41770E+01	 6.12721E+01	 2.22100E+01	 4.18591E+01	 3.79884E+01	 4.64225E+01	 4.74457E+01	 4.10558E+01	 1.82119E+01	 5.00000E+01
 6.31110E+01	 5.35950E+01	 2.45898E+01	 6.11663E+01	 2.22100E+01	 4.25210E+01	 3.79998E+01	 4.64224E+01	 4.74457E+01	 4.11511E+01	 1.75638E+01	 5.00000E+01
 6.29690E+01	 5.37993E+01	 2.38015E+01	 6.11891E+01	 2.22100E+01	 4.24450E+01	 3.79979E+01	 4.64193E+01	 4.74457E+01	 4.10976E+01	 1.78753E+01	 5.00000E+01
 6.29437E+01	 5.38211E+01	 2.38293E+01	 6.11802E+01	 2.22100E+01	 4.15032E+01	 3.79856E+01	 4.64328E+01	 4.74457E+01	 4.08981E+01	 1.83268E+01	 5.00000E+01
 6.29566E+01	 5.37869E+01	 2.38145E+01	 6.11454E+01	 2.22100E+01	 4.02613E+01	 3.79681E+01	 4.64359E+01	 4.74457E+01	 4.08490E+01	 1.84158E+01	 5.00000E+01
 6.30154E+01	 5.36879E+01	 2.45300E+01	 6.10194E+01	 2.22100E+01	 3.90707E+01	 3.79493E+01	 4.64271E+01	 4.74457E+01	 4.09018E+01	 1.80754E+01	 5.00000E+01
 6.30007E+01	 5.37263E+01	 2.38657E+01	 6.12887E+01	 2.22100E+01	 3.84835E+01	 3.79656E+01	 4.64336E+01	 4.74457E+01	 4.09977E+01	 1.76772E+01	 5.00000E+01
 6.29633E+01	 5.37738E+01	 2.36987E+01	 6.12442E+01	 2.22100E+01	 3.92542E+01	 3.79694E+01	 4.64156E+01	 4.74457E+01	 4.10103E+01	 1.82797E+01	 5.00000E+01
