 6.30525E+01	 5.39795E+01	 2.46436E+01	 6.13019E+01	 2.22100E+01	 4.00637E+01	 3.81003E+01	 4.65342E+01	 4.74457E+01	 4.11058E+01	 1.81135E+01	 5.00000E+01
 6.28988E+01	 5.38180E+01	 2.47460E+01	 6.11748E+01	 2.22100E+01	 3.98723E+01	 3.80527E+01	 4.64725E+01	 4.74457E+01	 4.09918E+01	 1.76883E+01	 5.00000E+01
 6.28093E+01	 5.37835E+01	 2.49528E+01	 6.11873E+01	 2.22100E+01	 3.94096E+01	 3.80389E+01	 4.64554E+01	 4.74457E+01	 4.09929E+01	 1.78881E+01	 5.00000E+01
 6.27677E+01	 5.37941E+01	 2.51011E+01	 6.10800E+01	 2.22100E+01	 3.93265E+01	 3.80381E+01	 4.64358E+01	 4.74457E+01	 4.09560E+01	 1.73808E+01	 5.00000E+01
 6.29096E+01	 5.35631E+01	 2.47833E+01	 6.12402E+01	 2.22100E+01	 3.93749E+01	 3.80160E+01	 4.64337E+01	 4.74457E+01	 4.10695E+01	 1.76394E+01	 5.00000E+01
 6.29385E+01	 5.35593E+01	 2.52913E+01	 6.11315E+01	 2.22100E+01	 3.93487E+01	 3.79920E+01	 4.64453E+01	 4.74457E+01	 4.10564E+01	 1.76912E+01	 5.00000E+01
 6.29449E+01	 5.35630E+01	 2.47035E+01	 6.11540E+01	 2.22100E+01	 3.88524E+01	 3.79835E+01	 4.64297E+01	 4.74457E+01	 4.10509E+01	 1.76713E+01	 5.00000E+01
 6.29080E+01	 5.36170E+01	 2.48302E+01	 6.10483E+01	 2.22100E+01	 3.88990E+01	 3.79631E+01	 4.64289E+01	 4.74457E+01	 4.10320E+01	 1.81376E+01	 5.00000E+01
 6.29133E+01	 5.36091E+01	 2.52708E+01	 6.12218E+01	 2.22100E+01	 3.89556E+01	 3.79513E+01	 4.64435E+01	 4.74457E+01	 3.95014E+01	 1.75466E+01	 5.00000E+01
 6.29135E+01	 5.35720E+01	 2.47082E+01	 6.12787E+01	 2.22100E+01	 4.24791E+01	 3.79181E+01	 4.64381E+01	 4.74457E+01	 3.61633E+01	 1.74193E+01	 5.00000E+01
 6.28134E+01	 5.37074E+01	 2.43734E+01	 6.12704E+01	 2.22100E+01	 4.56429E+01	 3.78982E+01	 4.64285E+01	 4.74457E+01	 4.05432E+01	 1.81560E+01	 5.00000E+01
 6.28311E+01	 5.36693E+01	 2.43628E+01	 6.11148E+01	 2.22100E+01	 4.27026E+01	 3.79403E+01	 4.64220E+01	 4.74457E+01	 3.77331E+01	 1.73459E+01	 5.00000E+01
 6.28596E+01	 5.36220E+01	 2.50121E+01	 6.10386E+01	 2.22100E+01	 4.30882E+01	 3.79145E+01	 4.64207E+01	 4.74457E+01	 3.68846E+01	 1.73744E+01	 5.00000E+01
 6.27610E+01	 5.37408E+01	 2.48979E+01	 6.10924E+01	 2.22100E+01	 4.26173E+01	 3.78824E+01	 4.64115E+01	 4.74457E+01	 3.88865E+01	 1.76028E+01	 5.00000E+01
 6.27844E+01	 5.37153E+01	 2.49841E+01	 6.11999E+01	 2.22100E+01	 4.00042E+01	 3.78962E+01	 4.64182E+01	 4.74457E+01	 4.04490E+01	 1.80874E+01	 5.00000E+01
 6.28244E+01	 5.36786E+01	 2.46817E+01	 6.10753E+01	 2.22100E+01	 3.69675E+01	 3.79093E+01	 4.64224E+01	 4.74457E+01	 4.36117E+01	 1.77565E+01	 5.00000E+01
 6.28548E+01	 5.36547E+01	 2.46200E+01	 6.11378E+01	 2.22100E+01	 3.40876E+01	 3.79053E+01	 4.64249E+01	 4.74457E+01	 4.22134E+01	 1.71336E+01	 5.00000E+01
 6.28829E+01	 5.36113E+01	 2.43852E+01	 6.11027E+01	 2.22100E+01	 3.81921E+01	 3.78007E+01	 4.64123E+01	 4.74457E+01	 3.70486E+01	 1.70116E+01	 5.00000E+01
 6.29020E+01	 5.35975E+01	 2.48576E+01	 6.11079E+01	 2.22100E+01	 4.57950E+01	 3.77508E+01	 4.63969E+01	 4.74457E+01	 3.64929E+01	 1.76790E+01	 5.00000E+01
 6.29213E+01	 5.35977E+01	 2.48668E+01	 6.11705E+01	 2.22100E+01	 4.65987E+01	 3.78047E+01	 4.63833E+01	 4.74457E+01	 3.99517E+01	 1.81874E+01	 5.00000E+01
 6.29231E+01	 5.36170E+01	 2.48224E+01	 6.10915E+01	 2.22100E+01	 4.16519E+01	 3.78963E+01	 4.63814E+01	 4.74457E+01	 4.11375E+01	 1.74997E+01	 5.00000E+01
 6.29133E+01	 5.36438E+01	 2.43217E+01	 6.11211E+01	 2.22100E+01	 3.81026E+01	 3.78971E+01	 4.63902E+01	 4.74457E+01	 4.21032E+01	 1.75727E+01	 5.00000E+01
 6.30259E+01	 5.35050E+01	 2.46948E+01	 6.11555E+01	 2.22100E+01	 3.69910E+01	 3.78588E+01	 4.64043E+01	 4.74457E+01	 4.02445E+01	 1.71978E+01	 5.00000E+01
 6.29182E+01	 5.36541E+01	 2.44880E+01	 6.11626E+01	 2.22100E+01	 4.02990E+01	 3.78027E+01	 4.63848E+01	 4.74457E+01	 3.83437E+01	 1.76484E+01	 5.00000E+01
 6.28053E+01	 5.37769E+01	 2.44071E+01	 6.11468E+01	 2.22100E+01	 4.28408E+01	 3.78091E+01	 4.63774E+01	 4.74457E+01	 4.20353E+01	 1.72498E+01	 5.00000E+01
 6.27319E+01	 5.38527E+01	 2.45979E+01	 6.11439E+01	 2.22100E+01	 3.92288E+01	 3.78749E+01	 4.63656E+01	 4.74457E+01	 4.58651E+01	 1.80709E+01	 5.00000E+01
 6.27381E+01	 5.38230E+01	 2.40654E+01	 6.10847E+01	 2.22100E+01	 3.73549E+01	 3.78651E+01	 4.63740E+01	 4.74457E+01	 4.04050E+01	 1.68291E+01	 5.00000E+01
 6.27543E+01	 5.37985E+01	 2.45514E+01	 6.11330E+01	 2.22100E+01	 4.40442E+01	 3.77846E+01	 4.63777E+01	 4.74457E+01	 4.06873E+01	 1.77469E+01	 5.00000E+01
 6.28443E+01	 5.36801E+01	 2.44582E+01	 6.11103E+01	 2.22100E+01	 4.55361E+01	 3.77852E+01	 4.63606E+01	 4.74457E+01	 4.16212E+01	 1.76197E+01	 5.00000E+01
 6.28699E+01	 5.36949E+01	 2.41132E+01	 6.11234E+01	 2.22100E+01	 4.51245E+01	 3.78185E+01	 4.63515E+01	 4.74457E+01	 4.06253E+01	 1.71415E+01	 5.00000E+01
 6.28685E+01	 5.37073E+01	 2.46797E+01	 6.10288E+01	 2.22100E+01	 4.44883E+01	 3.78109E+01	 4.63458E+01	 4.74457E+01	 4.08900E+01	 1.80461E+01	 5.00000E+01
 6.29958E+01	 5.35422E+01	 2.44100E+01	 6.11826E+01	 2.22100E+01	 4.26026E+01	 3.78191E+01	 4.63421E+01	 4.74457E+01	 4.13733E+01	 1.72964E+01	 5.00000E+01
 6.30125E+01	 5.35734E+01	 2.47776E+01	 6.10435E+01	 2.22100E+01	 3.98333E+01	 3.78358E+01	 4.63323E+01	 4.74457E+01	 4.52058E+01	 1.75079E+01	 5.00000E+01
 6.30149E+01	 5.36028E+01	 2.52741E+01	 6.11050E+01	 2.22100E+01	 3.63003E+01	 3.78533E+01	 4.63538E+01	 4.74457E+01	 4.02590E+01	 1.78477E+01	 5.00000E+01
 6.29723E+01	 5.36485E+01	 2.51941E+01	 6.11101E+01	 2.22100E+01	 4.03229E+01	 3.77926E+01	 4.63590E+01	 4.74457E+01	 3.86500E+01	 1.77098E+01	 5.00000E+01
 6.29332E+01	 5.36949E+01	 2.52193E+01	 6.11372E+01	 2.22100E+01	 4.37138E+01	 3.77734E+01	 4.63415E+01	 4.74457E+01	 3.71197E+01	 1.77036E+01	 5.00000E+01
 6.28938E+01	 5.37317E+01	 2.48932E+01	 6.12099E+01	 2.22100E+01	 4.54561E+01	 3.78013E+01	 4.63197E+01	 4.74457E+01	 3.71404E+01	 1.78108E+01	 5.00000E+01
 6.30311E+01	 5.35782E+01	 2.50879E+01	 6.11153E+01	 2.22100E+01	 4.45032E+01	 3.78427E+01	 4.63187E+01	 4.74457E+01	 4.13614E+01	 1.79159E+01	 5.00000E+01
 6.29878E+01	 5.36702E+01	 2.52214E+01	 6.10554E+01	 2.22100E+01	 3.69935E+01	 3.79034E+01	 4.63262E+01	 4.74457E+01	 4.32186E+01	 1.76325E+01	 5.00000E+01
 6.29205E+01	 5.37521E+01	 2.46074E+01	 6.12601E+01	 2.22100E+01	 3.32846E+01	 3.79117E+01	 4.63339E+01	 4.74457E+01	 4.23430E+01	 1.77002E+01	 5.00000E+01
 6.28683E+01	 5.37896E+01	 2.47078E+01	 6.10223E+01	 2.22100E+01	 3.53861E+01	 3.78725E+01	 4.63415E+01	 4.74457E+01	 4.19977E+01	 1.72343E+01	 5.00000E+01
 6.29175E+01	 5.36882E+01	 2.44581E+01	 6.12266E+01	 2.22100E+01	 3.77308E+01	 3.78313E+01	 4.63202E+01	 4.74457E+01	 4.35989E+01	 1.74839E+01	 5.00000E+01
 6.29806E+01	 5.36309E+01	 2.42816E+01	 6.11582E+01	 2.22100E+01	 3.80821E+01	 3.78540E+01	 4.63234E+01	 4.74457E+01	 4.52436E+01	 1.76178E+01	 5.00000E+01
 6.29668E+01	 5.36695E+01	 2.38136E+01	 6.12839E+01	 2.22100E+01	 3.85187E+01	 3.78173E+01	 4.63176E+01	 4.74457E+01	 4.17331E+01	 1.70438E+01	 5.00000E+01
 6.30421E+01	 5.35781E+01	 2.41801E+01	 6.11828E+01	 2.22100E+01	 4.32276E+01	 3.77771E+01	 4.63185E+01	 4.74457E+01	 3.75875E+01	 1.73390E+01	 5.00000E+01
 6.31061E+01	 5.35094E+01	 2.35840E+01	 6.12880E+01	 2.22100E+01	 4.96426E+01	 3.77522E+01	 4.62965E+01	 4.74457E+01	 3.65985E+01	 1.82146E+01	 5.00000E+01
 6.29816E+01	 5.37029E+01	 2.39391E+01	 6.12764E+01	 2.22100E+01	 4.82668E+01	 3.77997E+01	 4.62922E+01	 4.74457E+01	 4.28546E+01	 1.79524E+01	 5.00000E+01
 6.29937E+01	 5.36593E+01	 2.42588E+01	 6.12538E+01	 2.22100E+01	 3.81562E+01	 3.79280E+01	 4.63003E+01	 4.74457E+01	 4.74593E+01	 1.78468E+01	 5.00000E+01
 6.30380E+01	 5.36135E+01	 2.36491E+01	 6.12270E+01	 2.22100E+01	 3.74941E+01	 3.78511E+01	 4.63187E+01	 4.74457E+01	 3.67521E+01	 1.76093E+01	 5.00000E+01
 6.30132E+01	 5.36502E+01	 2.33750E+01	 6.12738E+01	 2.22100E+01	 4.58514E+01	 3.77560E+01	 4.63204E+01	 4.74457E+01	 3.79209E+01	 1.79264E+01	 5.00000E+01
 6.30221E+01	 5.36363E+01	 2.38644E+01	 6.11801E+01	 2.22100E+01	 4.59677E+01	 3.77816E+01	 4.63092E+01	 4.74457E+01	 3.90666E+01	 1.77563E+01	 5.00000E+01
 6.30265E+01	 5.36158E+01	 2.42352E+01	 6.11865E+01	 2.22100E+01	 4.23082E+01	 3.78115E+01	 4.63006E+01	 4.74457E+01	 4.08296E+01	 1.79879E+01	 5.00000E+01
 6.30285E+01	 5.36466E+01	 2.39161E+01	 6.11176E+01	 2.22100E+01	 3.82490E+01	 3.78454E+01	 4.63085E+01	 4.74457E+01	 4.16531E+01	 1.76348E+01	 5.00000E+01
 6.30497E+01	 5.36101E+01	 2.41383E+01	 6.11053E+01	 2.22100E+01	 3.52726E+01	 3.78540E+01	 4.63212E+01	 4.74457E+01	 4.43341E+01	 1.80278E+01	 5.00000E+01
 6.30670E+01	 5.35927E+01	 2.38395E+01	 6.11574E+01	 2.22100E+01	 3.24080E+01	 3.78656E+01	 4.63228E+01	 4.74457E+01	 4.51709E+01	 1.76410E+01	 5.00000E+01
 6.29733E+01	 5.37046E+01	 2.39894E+01	 6.10921E+01	 2.22100E+01	 3.44037E+01	 3.78361E+01	 4.63187E+01	 4.74457E+01	 4.17405E+01	 1.73692E+01	 5.00000E+01
 6.30119E+01	 5.36488E+01	 2.42433E+01	 6.11053E+01	 2.22100E+01	 3.92229E+01	 3.77871E+01	 4.63400E+01	 4.74457E+01	 4.25389E+01	 1.75351E+01	 5.00000E+01
 6.30555E+01	 5.35997E+01	 2.48322E+01	 6.10260E+01	 2.22100E+01	 4.08453E+01	 3.78019E+01	 4.63144E+01	 4.74457E+01	 4.24489E+01	 1.81257E+01	 5.00000E+01
 6.31360E+01	 5.35250E+01	 2.44932E+01	 6.10254E+01	 2.22100E+01	 4.18479E+01	 3.78212E+01	 4.63118E+01	 4.74457E+01	 3.98038E+01	 1.69416E+01	 5.00000E+01
 6.30552E+01	 5.37000E+01	 2.41636E+01	 6.10724E+01	 2.22100E+01	 4.41280E+01	 3.78090E+01	 4.63259E+01	 4.74457E+01	 3.92761E+01	 1.75778E+01	 5.00000E+01
 6.29266E+01	 5.38105E+01	 2.44069E+01	 6.11434E+01	 2.22100E+01	 4.31565E+01	 3.78355E+01	 4.63221E+01	 4.74457E+01	 4.14880E+01	 1.79413E+01	 5.00000E+01
 6.29702E+01	 5.37477E+01	 2.53835E+01	 6.11085E+01	 2.22100E+01	 4.03498E+01	 3.79107E+01	 4.63152E+01	 4.74457E+01	 4.23466E+01	 1.77475E+01	 5.00000E+01
 6.29929E+01	 5.37089E+01	 2.52685E+01	 6.10611E+01	 2.22100E+01	 3.86156E+01	 3.79175E+01	 4.63203E+01	 4.74457E+01	 4.33411E+01	 1.76361E+01	 5.00000E+01
 6.30209E+01	 5.37047E+01	 2.55807E+01	 6.10995E+01	 2.22100E+01	 3.78164E+01	 3.78898E+01	 4.63341E+01	 4.74457E+01	 4.24659E+01	 1.77358E+01	 5.00000E+01
 6.29720E+01	 5.37769E+01	 2.52800E+01	 6.10348E+01	 2.22100E+01	 3.87397E+01	 3.78795E+01	 4.63408E+01	 4.74457E+01	 4.17876E+01	 1.75776E+01	 5.00000E+01
 6.30026E+01	 5.37114E+01	 2.53506E+01	 6.11211E+01	 2.22100E+01	 3.96205E+01	 3.78630E+01	 4.63377E+01	 4.74457E+01	 4.26478E+01	 1.76206E+01	 5.00000E+01
 6.30313E+01	 5.36660E+01	 2.54797E+01	 6.09144E+01	 2.22100E+01	 3.75561E+01	 3.79036E+01	 4.63195E+01	 4.74457E+01	 4.77463E+01	 1.80055E+01	 5.00000E+01
 6.30474E+01	 5.36656E+01	 2.50387E+01	 6.11476E+01	 2.22100E+01	 3.24606E+01	 3.79502E+01	 4.63431E+01	 4.74457E+01	 4.62173E+01	 1.75265E+01	 5.00000E+01
 6.30417E+01	 5.36742E+01	 2.50287E+01	 6.09479E+01	 2.22100E+01	 3.52217E+01	 3.78820E+01	 4.63470E+01	 4.74457E+01	 4.30972E+01	 1.77068E+01	 5.00000E+01
 6.30459E+01	 5.36696E+01	 2.49844E+01	 6.10687E+01	 2.22100E+01	 4.01203E+01	 3.78259E+01	 4.63481E+01	 4.74457E+01	 3.94588E+01	 1.76031E+01	 5.00000E+01
 6.30414E+01	 5.36788E+01	 2.55150E+01	 6.10651E+01	 2.22100E+01	 4.53692E+01	 3.78198E+01	 4.63468E+01	 4.74457E+01	 4.15592E+01	 1.82801E+01	 5.00000E+01
 6.30155E+01	 5.37311E+01	 2.54088E+01	 6.10615E+01	 2.22100E+01	 3.93095E+01	 3.79494E+01	 4.63366E+01	 4.74457E+01	 4.65200E+01	 1.75211E+01	 5.00000E+01
 6.29839E+01	 5.37536E+01	 2.53342E+01	 6.09900E+01	 2.22100E+01	 3.39693E+01	 3.79704E+01	 4.63539E+01	 4.74457E+01	 4.48417E+01	 1.79884E+01	 5.00000E+01
 6.30099E+01	 5.37192E+01	 2.56670E+01	 6.09958E+01	 2.22100E+01	 3.44762E+01	 3.79441E+01	 4.63631E+01	 4.74457E+01	 4.41751E+01	 1.75885E+01	 5.00000E+01
 6.29967E+01	 5.37245E+01	 2.56076E+01	 6.10915E+01	 2.22100E+01	 3.72934E+01	 3.79113E+01	 4.63548E+01	 4.74457E+01	 4.13536E+01	 1.78880E+01	 5.00000E+01
 6.29832E+01	 5.37484E+01	 2.50429E+01	 6.10463E+01	 2.22100E+01	 4.11675E+01	 3.78786E+01	 4.63617E+01	 4.74457E+01	 4.20799E+01	 1.82083E+01	 5.00000E+01
 6.30016E+01	 5.37066E+01	 2.45871E+01	 6.11804E+01	 2.22100E+01	 4.06253E+01	 3.79170E+01	 4.63460E+01	 4.74457E+01	 4.43852E+01	 1.80187E+01	 5.00000E+01
 6.29289E+01	 5.38223E+01	 2.46509E+01	 6.11080E+01	 2.22100E+01	 3.60500E+01	 3.79750E+01	 4.63476E+01	 4.74457E+01	 4.89060E+01	 1.75263E+01	 5.00000E+01
 6.28534E+01	 5.39070E+01	 2.52252E+01	 6.10065E+01	 2.22100E+01	 3.21929E+01	 3.80033E+01	 4.63821E+01	 4.74457E+01	 4.70414E+01	 1.79178E+01	 5.00000E+01
 6.29374E+01	 5.37665E+01	 2.48733E+01	 6.11641E+01	 2.22100E+01	 3.45114E+01	 3.79190E+01	 4.63866E+01	 4.74457E+01	 4.55838E+01	 1.74463E+01	 5.00000E+01
 6.29089E+01	 5.37861E+01	 2.49963E+01	 6.10659E+01	 2.22100E+01	 3.97636E+01	 3.78594E+01	 4.63836E+01	 4.74457E+01	 3.99000E+01	 1.71527E+01	 5.00000E+01
 6.28714E+01	 5.38422E+01	 2.51537E+01	 6.10037E+01	 2.22100E+01	 4.76907E+01	 3.78325E+01	 4.63582E+01	 4.74457E+01	 4.00303E+01	 1.84936E+01	 5.00000E+01
 6.28156E+01	 5.39344E+01	 2.50623E+01	 6.09845E+01	 2.22100E+01	 4.63772E+01	 3.79034E+01	 4.63699E+01	 4.74457E+01	 4.10620E+01	 1.80850E+01	 5.00000E+01
 6.27705E+01	 5.39821E+01	 2.42824E+01	 6.11363E+01	 2.22100E+01	 4.21196E+01	 3.79640E+01	 4.63691E+01	 4.74457E+01	 4.09614E+01	 1.79036E+01	 5.00000E+01
 6.27424E+01	 5.40013E+01	 2.41985E+01	 6.11685E+01	 2.22100E+01	 3.97518E+01	 3.79527E+01	 4.63820E+01	 4.74457E+01	 4.19033E+01	 1.78506E+01	 5.00000E+01
 6.28349E+01	 5.38424E+01	 2.44490E+01	 6.10011E+01	 2.22100E+01	 3.67717E+01	 3.79631E+01	 4.63699E+01	 4.74457E+01	 4.38605E+01	 1.80522E+01	 5.00000E+01
 6.28516E+01	 5.38432E+01	 2.48950E+01	 6.10381E+01	 2.22100E+01	 3.33263E+01	 3.79591E+01	 4.63836E+01	 4.74457E+01	 4.17362E+01	 1.72859E+01	 5.00000E+01
 6.28381E+01	 5.38650E+01	 2.48541E+01	 6.10248E+01	 2.22100E+01	 3.63353E+01	 3.79196E+01	 4.63818E+01	 4.74457E+01	 3.67326E+01	 1.76109E+01	 5.00000E+01
 6.29012E+01	 5.37913E+01	 2.43427E+01	 6.10332E+01	 2.22100E+01	 4.22338E+01	 3.78751E+01	 4.63729E+01	 4.74457E+01	 3.65302E+01	 1.78710E+01	 5.00000E+01
 6.29586E+01	 5.37467E+01	 2.44553E+01	 6.11631E+01	 2.22100E+01	 4.08447E+01	 3.79362E+01	 4.63798E+01	 4.74457E+01	 4.28834E+01	 1.78177E+01	 5.00000E+01
 6.29938E+01	 5.37181E+01	 2.51983E+01	 6.09858E+01	 2.22100E+01	 3.15000E+01	 3.80739E+01	 4.63673E+01	 4.74457E+01	 4.77309E+01	 1.79576E+01	 5.00000E+01
 6.30637E+01	 5.36331E+01	 2.43446E+01	 6.11198E+01	 2.22100E+01	 2.58174E+01	 3.80679E+01	 4.63927E+01	 4.74457E+01	 4.67049E+01	 1.73921E+01	 5.00000E+01
 6.30032E+01	 5.37109E+01	 2.43294E+01	 6.10648E+01	 2.22100E+01	 2.81448E+01	 3.80134E+01	 4.64188E+01	 4.74457E+01	 4.21894E+01	 1.74082E+01	 5.00000E+01
 6.29507E+01	 5.37682E+01	 2.42411E+01	 6.11115E+01	 2.22100E+01	 3.58731E+01	 3.79310E+01	 4.64161E+01	 4.74457E+01	 4.33932E+01	 1.77322E+01	 5.00000E+01
 6.28546E+01	 5.38733E+01	 2.41293E+01	 6.12271E+01	 2.22100E+01	 3.87293E+01	 3.79728E+01	 4.64189E+01	 4.74457E+01	 4.56865E+01	 1.80434E+01	 5.00000E+01
 6.28976E+01	 5.37621E+01	 2.38180E+01	 6.11782E+01	 2.22100E+01	 3.91739E+01	 3.80011E+01	 4.64075E+01	 4.74457E+01	 4.62577E+01	 1.81325E+01	 5.00000E+01
 6.29766E+01	 5.36773E+01	 2.38419E+01	 6.11633E+01	 2.22100E+01	 3.98327E+01	 3.79945E+01	 4.64223E+01	 4.74457E+01	 4.31903E+01	 1.77714E+01	 5.00000E+01
 6.29509E+01	 5.37278E+01	 2.32177E+01	 6.12123E+01	 2.22100E+01	 4.51252E+01	 3.79591E+01	 4.64263E+01	 4.74457E+01	 3.98011E+01	 1.76244E+01	 5.00000E+01
 6.29444E+01	 5.37126E+01	 2.41022E+01	 6.10044E+01	 2.22100E+01	 5.05095E+01	 3.78929E+01	 4.64058E+01	 4.74457E+01	 3.88055E+01	 1.82406E+01	 5.00000E+01
 6.29698E+01	 5.37002E+01	 2.34098E+01	 6.12273E+01	 2.22100E+01	 4.71712E+01	 3.79567E+01	 4.64216E+01	 4.74457E+01	 4.45443E+01	 1.85691E+01	 5.00000E+01
 6.28426E+01	 5.38765E+01	 2.38317E+01	 6.09917E+01	 2.22100E+01	 3.71404E+01	 3.80520E+01	 4.64265E+01	 4.74457E+01	 3.68586E+01	 1.65105E+01	 5.00000E+01
 6.28254E+01	 5.38675E+01	 2.37505E+01	 6.12446E+01	 2.22100E+01	 4.03869E+01	 3.79788E+01	 4.64352E+01	 4.74457E+01	 3.87612E+01	 1.76298E+01	 5.00000E+01
 6.28176E+01	 5.38516E+01	 2.36208E+01	 6.10923E+01	 2.22100E+01	 4.20346E+01	 3.79499E+01	 4.64270E+01	 4.74457E+01	 3.82271E+01	 1.76420E+01	 5.00000E+01
 6.28979E+01	 5.37517E+01	 2.37773E+01	 6.10904E+01	 2.22100E+01	 4.35687E+01	 3.79368E+01	 4.64152E+01	 4.74457E+01	 3.84363E+01	 1.83497E+01	 5.00000E+01
 6.29566E+01	 5.36992E+01	 2.42773E+01	 6.12421E+01	 2.22100E+01	 3.75113E+01	 3.80294E+01	 4.64155E+01	 4.74457E+01	 4.46764E+01	 1.72459E+01	 5.00000E+01
 6.29966E+01	 5.36686E+01	 2.38593E+01	 6.12196E+01	 2.22100E+01	 3.38888E+01	 3.80306E+01	 4.64074E+01	 4.74457E+01	 3.84399E+01	 1.71070E+01	 5.00000E+01
 6.30440E+01	 5.36407E+01	 2.35616E+01	 6.12477E+01	 2.22100E+01	 4.09879E+01	 3.79299E+01	 4.64083E+01	 4.74457E+01	 3.60658E+01	 1.78434E+01	 5.00000E+01
 6.29988E+01	 5.36975E+01	 2.41420E+01	 6.11406E+01	 2.22100E+01	 4.38089E+01	 3.79544E+01	 4.64023E+01	 4.74457E+01	 4.24978E+01	 1.90384E+01	 5.00000E+01
 6.29564E+01	 5.37354E+01	 2.41860E+01	 6.10368E+01	 2.22100E+01	 3.52143E+01	 3.80442E+01	 4.64071E+01	 4.74457E+01	 4.84382E+01	 1.82839E+01	 5.00000E+01
 6.28305E+01	 5.38823E+01	 2.39665E+01	 6.12365E+01	 2.22100E+01	 2.83489E+01	 3.81007E+01	 4.64370E+01	 4.74457E+01	 4.83351E+01	 1.84085E+01	 5.00000E+01
 6.27580E+01	 5.39369E+01	 2.40769E+01	 6.11811E+01	 2.22100E+01	 3.01541E+01	 3.80426E+01	 4.64417E+01	 4.74457E+01	 4.81406E+01	 1.76615E+01	 5.00000E+01
 6.27233E+01	 5.39513E+01	 2.41161E+01	 6.11770E+01	 2.22100E+01	 3.72286E+01	 3.79886E+01	 4.64450E+01	 4.74457E+01	 4.21423E+01	 1.74760E+01	 5.00000E+01
 6.28817E+01	 5.37523E+01	 2.42631E+01	 6.11159E+01	 2.22100E+01	 4.93011E+01	 3.78944E+01	 4.64470E+01	 4.74457E+01	 3.83514E+01	 1.78971E+01	 5.00000E+01
 6.28412E+01	 5.38256E+01	 2.47983E+01	 6.10245E+01	 2.22100E+01	 5.55328E+01	 3.78922E+01	 4.64267E+01	 4.74457E+01	 3.67874E+01	 1.76761E+01	 5.00000E+01
 6.28000E+01	 5.39094E+01	 2.40758E+01	 6.12357E+01	 2.22100E+01	 5.51460E+01	 3.79410E+01	 4.64162E+01	 4.74457E+01	 3.50841E+01	 1.76462E+01	 5.00000E+01
 6.28960E+01	 5.37672E+01	 2.47490E+01	 6.09827E+01	 2.22100E+01	 5.19907E+01	 3.79874E+01	 4.64089E+01	 4.74457E+01	 3.81454E+01	 1.86344E+01	 5.00000E+01
 6.29126E+01	 5.37579E+01	 2.45653E+01	 6.11091E+01	 2.22100E+01	 4.07183E+01	 3.80868E+01	 4.63931E+01	 4.74457E+01	 4.60683E+01	 1.83452E+01	 5.00000E+01
 6.29202E+01	 5.37721E+01	 2.45013E+01	 6.10882E+01	 2.22100E+01	 2.90389E+01	 3.81227E+01	 4.64233E+01	 4.74457E+01	 4.30007E+01	 1.81635E+01	 5.00000E+01
 6.28995E+01	 5.37813E+01	 2.40771E+01	 6.12015E+01	 2.22100E+01	 3.02939E+01	 3.79960E+01	 4.64247E+01	 4.74457E+01	 4.05347E+01	 1.80328E+01	 5.00000E+01
 6.28782E+01	 5.37986E+01	 2.39620E+01	 6.11092E+01	 2.22100E+01	 3.54070E+01	 3.79504E+01	 4.64172E+01	 4.74457E+01	 4.17228E+01	 1.80779E+01	 5.00000E+01
 6.28810E+01	 5.38121E+01	 2.43488E+01	 6.11088E+01	 2.22100E+01	 3.69759E+01	 3.79612E+01	 4.64171E+01	 4.74457E+01	 4.26675E+01	 1.80166E+01	 5.00000E+01
 6.28995E+01	 5.37870E+01	 2.42475E+01	 6.10498E+01	 2.22100E+01	 4.00578E+01	 3.79824E+01	 4.64170E+01	 4.74457E+01	 3.54005E+01	 1.78283E+01	 5.00000E+01
 6.28907E+01	 5.37948E+01	 2.41074E+01	 6.11351E+01	 2.22100E+01	 4.39229E+01	 3.79875E+01	 4.64078E+01	 4.74457E+01	 4.18883E+01	 1.78655E+01	 5.00000E+01
 6.28857E+01	 5.38379E+01	 2.41925E+01	 6.11636E+01	 2.22100E+01	 3.88749E+01	 3.80767E+01	 4.64162E+01	 4.74457E+01	 4.44058E+01	 1.76548E+01	 5.00000E+01
 6.28983E+01	 5.37913E+01	 2.42749E+01	 6.11239E+01	 2.22100E+01	 3.52520E+01	 3.80940E+01	 4.64106E+01	 4.74457E+01	 4.57209E+01	 1.85920E+01	 5.00000E+01
 6.28128E+01	 5.39137E+01	 2.47033E+01	 6.10748E+01	 2.22100E+01	 3.65362E+01	 3.80425E+01	 4.64332E+01	 4.74457E+01	 3.91513E+01	 1.82037E+01	 5.00000E+01
 6.27244E+01	 5.39832E+01	 2.46023E+01	 6.10803E+01	 2.22100E+01	 4.40267E+01	 3.79855E+01	 4.64376E+01	 4.74457E+01	 4.15718E+01	 1.82674E+01	 5.00000E+01
 6.27710E+01	 5.39048E+01	 2.51722E+01	 6.10634E+01	 2.22100E+01	 4.39856E+01	 3.80120E+01	 4.64298E+01	 4.74457E+01	 4.15013E+01	 1.84839E+01	 5.00000E+01
 6.27883E+01	 5.39065E+01	 2.49515E+01	 6.11302E+01	 2.22100E+01	 4.26411E+01	 3.80498E+01	 4.64227E+01	 4.74457E+01	 4.14120E+01	 1.79627E+01	 5.00000E+01
 6.27816E+01	 5.39140E+01	 2.46786E+01	 6.10964E+01	 2.22100E+01	 4.21040E+01	 3.80326E+01	 4.64337E+01	 4.74457E+01	 3.98135E+01	 1.77636E+01	 5.00000E+01
 6.27785E+01	 5.39123E+01	 2.48185E+01	 6.10167E+01	 2.22100E+01	 4.34764E+01	 3.79950E+01	 4.64308E+01	 4.74457E+01	 3.73936E+01	 1.82491E+01	 5.00000E+01
 6.28838E+01	 5.37486E+01	 2.46271E+01	 6.11630E+01	 2.22100E+01	 4.45690E+01	 3.80122E+01	 4.64218E+01	 4.74457E+01	 4.18765E+01	 1.86656E+01	 5.00000E+01
 6.29960E+01	 5.36619E+01	 2.44272E+01	 6.11517E+01	 2.22100E+01	 3.85259E+01	 3.80609E+01	 4.64157E+01	 4.74457E+01	 4.11632E+01	 1.83536E+01	 5.00000E+01
 6.28072E+01	 5.39324E+01	 2.44630E+01	 6.12037E+01	 2.22100E+01	 3.65977E+01	 3.80365E+01	 4.64283E+01	 4.74457E+01	 3.57499E+01	 1.77472E+01	 5.00000E+01
 6.26819E+01	 5.40381E+01	 2.50416E+01	 6.11090E+01	 2.22100E+01	 4.13602E+01	 3.79785E+01	 4.64148E+01	 4.74457E+01	 3.80338E+01	 1.84462E+01	 5.00000E+01
 6.26194E+01	 5.41087E+01	 2.56614E+01	 6.09804E+01	 2.22100E+01	 4.02922E+01	 3.80294E+01	 4.64014E+01	 4.74457E+01	 3.99084E+01	 1.85532E+01	 5.00000E+01
 6.27547E+01	 5.39319E+01	 2.49477E+01	 6.12215E+01	 2.22100E+01	 3.79910E+01	 3.80794E+01	 4.64155E+01	 4.74457E+01	 4.22536E+01	 1.82352E+01	 5.00000E+01
 6.28018E+01	 5.38893E+01	 2.49176E+01	 6.11702E+01	 2.22100E+01	 3.59347E+01	 3.80921E+01	 4.64088E+01	 4.74457E+01	 4.35810E+01	 1.82022E+01	 5.00000E+01
 6.28230E+01	 5.38786E+01	 2.50329E+01	 6.11865E+01	 2.22100E+01	 3.51132E+01	 3.80383E+01	 4.64335E+01	 4.74457E+01	 4.53883E+01	 1.82427E+01	 5.00000E+01
 6.28940E+01	 5.37756E+01	 2.49269E+01	 6.10375E+01	 2.22100E+01	 3.44790E+01	 3.80640E+01	 4.64255E+01	 4.74457E+01	 4.74225E+01	 1.76539E+01	 5.00000E+01
 6.28359E+01	 5.38735E+01	 2.44184E+01	 6.11456E+01	 2.22100E+01	 3.40376E+01	 3.80584E+01	 4.64383E+01	 4.74457E+01	 4.81370E+01	 1.80104E+01	 5.00000E+01
 6.27549E+01	 5.39438E+01	 2.44660E+01	 6.12498E+01	 2.22100E+01	 3.53001E+01	 3.80199E+01	 4.64419E+01	 4.74457E+01	 4.85173E+01	 1.76702E+01	 5.00000E+01
 6.26796E+01	 5.40150E+01	 2.44668E+01	 6.11374E+01	 2.22100E+01	 3.81285E+01	 3.80045E+01	 4.64498E+01	 4.74457E+01	 4.86832E+01	 1.78804E+01	 5.00000E+01
 6.27881E+01	 5.38040E+01	 2.49440E+01	 6.10969E+01	 2.22100E+01	 4.23367E+01	 3.79890E+01	 4.64435E+01	 4.74457E+01	 4.25334E+01	 1.72670E+01	 5.00000E+01
 6.29217E+01	 5.36639E+01	 2.40153E+01	 6.11977E+01	 2.22100E+01	 5.13099E+01	 3.78992E+01	 4.64342E+01	 4.74457E+01	 3.84235E+01	 1.78625E+01	 5.00000E+01
 6.28702E+01	 5.38050E+01	 2.41375E+01	 6.10672E+01	 2.22100E+01	 5.48046E+01	 3.79071E+01	 4.64189E+01	 4.74457E+01	 3.98477E+01	 1.80486E+01	 5.00000E+01
 6.28688E+01	 5.37993E+01	 2.45496E+01	 6.12094E+01	 2.22100E+01	 4.95266E+01	 3.79717E+01	 4.64222E+01	 4.74457E+01	 4.15709E+01	 1.79934E+01	 5.00000E+01
 6.28660E+01	 5.38016E+01	 2.48597E+01	 6.10684E+01	 2.22100E+01	 4.31907E+01	 3.80069E+01	 4.64167E+01	 4.74457E+01	 4.00171E+01	 1.77836E+01	 5.00000E+01
 6.28673E+01	 5.38141E+01	 2.44211E+01	 6.11229E+01	 2.22100E+01	 4.11248E+01	 3.79909E+01	 4.64158E+01	 4.74457E+01	 3.77945E+01	 1.76163E+01	 5.00000E+01
 6.28446E+01	 5.38357E+01	 2.42025E+01	 6.11463E+01	 2.22100E+01	 4.10437E+01	 3.79569E+01	 4.64156E+01	 4.74457E+01	 4.01115E+01	 1.86806E+01	 5.00000E+01
 6.28240E+01	 5.38723E+01	 2.45189E+01	 6.10319E+01	 2.22100E+01	 3.69239E+01	 3.79915E+01	 4.64243E+01	 4.74457E+01	 3.67470E+01	 1.75308E+01	 5.00000E+01
 6.29170E+01	 5.37525E+01	 2.47821E+01	 6.10963E+01	 2.22100E+01	 3.83104E+01	 3.79743E+01	 4.64176E+01	 4.74457E+01	 3.77211E+01	 1.80540E+01	 5.00000E+01
 6.28423E+01	 5.38755E+01	 2.49124E+01	 6.11406E+01	 2.22100E+01	 3.78969E+01	 3.79877E+01	 4.64127E+01	 4.74457E+01	 3.87046E+01	 1.78636E+01	 5.00000E+01
 6.27550E+01	 5.39810E+01	 2.47760E+01	 6.11465E+01	 2.22100E+01	 3.64639E+01	 3.80231E+01	 4.64106E+01	 4.74457E+01	 4.21889E+01	 1.89467E+01	 5.00000E+01
 6.29272E+01	 5.37362E+01	 2.48748E+01	 6.11592E+01	 2.22100E+01	 3.24052E+01	 3.80853E+01	 4.64210E+01	 4.74457E+01	 4.28941E+01	 1.76762E+01	 5.00000E+01
 6.29298E+01	 5.37709E+01	 2.55440E+01	 6.10795E+01	 2.22100E+01	 3.52793E+01	 3.80054E+01	 4.64199E+01	 4.74457E+01	 3.60049E+01	 1.71481E+01	 5.00000E+01
 6.29120E+01	 5.38241E+01	 2.60845E+01	 6.09147E+01	 2.22100E+01	 4.14056E+01	 3.79746E+01	 4.64267E+01	 4.74457E+01	 4.40369E+01	 1.84823E+01	 5.00000E+01
 6.29472E+01	 5.37507E+01	 2.53080E+01	 6.12646E+01	 2.22100E+01	 3.79276E+01	 3.80221E+01	 4.64363E+01	 4.74457E+01	 3.90194E+01	 1.75285E+01	 5.00000E+01
 6.28534E+01	 5.38681E+01	 2.51508E+01	 6.10636E+01	 2.22100E+01	 3.97305E+01	 3.80229E+01	 4.64203E+01	 4.74457E+01	 3.91714E+01	 1.77229E+01	 5.00000E+01
 6.27723E+01	 5.39793E+01	 2.53773E+01	 6.11210E+01	 2.22100E+01	 4.04749E+01	 3.80009E+01	 4.64221E+01	 4.74457E+01	 3.91681E+01	 1.84216E+01	 5.00000E+01
 6.27248E+01	 5.40067E+01	 2.54850E+01	 6.10321E+01	 2.22100E+01	 4.05151E+01	 3.80078E+01	 4.64313E+01	 4.74457E+01	 4.22097E+01	 1.83701E+01	 5.00000E+01
 6.27197E+01	 5.39915E+01	 2.50917E+01	 6.11341E+01	 2.22100E+01	 3.59445E+01	 3.80778E+01	 4.64211E+01	 4.74457E+01	 4.70787E+01	 1.77816E+01	 5.00000E+01
 6.27333E+01	 5.39671E+01	 2.52899E+01	 6.11423E+01	 2.22100E+01	 3.34733E+01	 3.80663E+01	 4.64309E+01	 4.74457E+01	 3.96139E+01	 1.70487E+01	 5.00000E+01
 6.27326E+01	 5.39518E+01	 2.46485E+01	 6.11569E+01	 2.22100E+01	 4.30180E+01	 3.79376E+01	 4.64354E+01	 4.74457E+01	 3.80867E+01	 1.80110E+01	 5.00000E+01
 6.28333E+01	 5.37898E+01	 2.43483E+01	 6.10331E+01	 2.22100E+01	 4.76993E+01	 3.79159E+01	 4.64154E+01	 4.74457E+01	 3.74120E+01	 1.77638E+01	 5.00000E+01
 6.29470E+01	 5.36916E+01	 2.45158E+01	 6.12559E+01	 2.22100E+01	 4.76567E+01	 3.79406E+01	 4.64103E+01	 4.74457E+01	 3.72396E+01	 1.82420E+01	 5.00000E+01
 6.31197E+01	 5.35264E+01	 2.48799E+01	 6.11751E+01	 2.22100E+01	 4.33609E+01	 3.79852E+01	 4.63994E+01	 4.74457E+01	 3.94900E+01	 1.83127E+01	 5.00000E+01
 6.31544E+01	 5.35293E+01	 2.46673E+01	 6.12356E+01	 2.22100E+01	 3.81379E+01	 3.79713E+01	 4.64085E+01	 4.74457E+01	 3.93337E+01	 1.82796E+01	 5.00000E+01
 6.31400E+01	 5.35447E+01	 2.45076E+01	 6.11146E+01	 2.22100E+01	 3.56809E+01	 3.79992E+01	 4.64086E+01	 4.74457E+01	 3.92117E+01	 1.80650E+01	 5.00000E+01
 6.30322E+01	 5.36933E+01	 2.41925E+01	 6.11861E+01	 2.22100E+01	 3.50080E+01	 3.79726E+01	 4.64221E+01	 4.74457E+01	 3.66581E+01	 1.76409E+01	 5.00000E+01
 6.29334E+01	 5.37962E+01	 2.39803E+01	 6.12079E+01	 2.22100E+01	 3.78250E+01	 3.79309E+01	 4.64186E+01	 4.74457E+01	 3.70509E+01	 1.77511E+01	 5.00000E+01
 6.28723E+01	 5.38449E+01	 2.37920E+01	 6.11570E+01	 2.22100E+01	 3.87737E+01	 3.79744E+01	 4.64237E+01	 4.74457E+01	 3.93071E+01	 1.76854E+01	 5.00000E+01
 6.28916E+01	 5.37879E+01	 2.40447E+01	 6.10429E+01	 2.22100E+01	 3.67529E+01	 3.80097E+01	 4.64158E+01	 4.74457E+01	 4.24323E+01	 1.84431E+01	 5.00000E+01
 6.28913E+01	 5.37936E+01	 2.44999E+01	 6.10816E+01	 2.22100E+01	 3.37882E+01	 3.80095E+01	 4.64210E+01	 4.74457E+01	 4.25644E+01	 1.76851E+01	 5.00000E+01
 6.28801E+01	 5.38196E+01	 2.44967E+01	 6.12022E+01	 2.22100E+01	 3.45357E+01	 3.80028E+01	 4.64415E+01	 4.74457E+01	 4.25549E+01	 1.79276E+01	 5.00000E+01
 6.29294E+01	 5.37170E+01	 2.44062E+01	 6.09892E+01	 2.22100E+01	 3.81827E+01	 3.79455E+01	 4.64141E+01	 4.74457E+01	 4.06055E+01	 1.75231E+01	 5.00000E+01
 6.30409E+01	 5.35905E+01	 2.44485E+01	 6.11385E+01	 2.22100E+01	 4.22682E+01	 3.78990E+01	 4.64364E+01	 4.74457E+01	 3.97313E+01	 1.78673E+01	 5.00000E+01
 6.31245E+01	 5.35089E+01	 2.45244E+01	 6.10298E+01	 2.22100E+01	 4.26755E+01	 3.79413E+01	 4.64202E+01	 4.74457E+01	 4.40397E+01	 1.78526E+01	 5.00000E+01
 6.29785E+01	 5.37365E+01	 2.39311E+01	 6.11449E+01	 2.22100E+01	 3.78761E+01	 3.80021E+01	 4.64187E+01	 4.74457E+01	 4.10160E+01	 1.73930E+01	 5.00000E+01
 6.29176E+01	 5.38027E+01	 2.37441E+01	 6.12636E+01	 2.22100E+01	 4.11631E+01	 3.79417E+01	 4.64374E+01	 4.74457E+01	 3.57031E+01	 1.78174E+01	 5.00000E+01
 6.28717E+01	 5.38181E+01	 2.39136E+01	 6.11931E+01	 2.22100E+01	 4.53788E+01	 3.79223E+01	 4.64212E+01	 4.74457E+01	 4.49918E+01	 1.82868E+01	 5.00000E+01
 6.29686E+01	 5.36920E+01	 2.38099E+01	 6.11556E+01	 2.22100E+01	 3.96442E+01	 3.80044E+01	 4.64200E+01	 4.74457E+01	 4.56560E+01	 1.81644E+01	 5.00000E+01
 6.29400E+01	 5.37629E+01	 2.36736E+01	 6.11457E+01	 2.22100E+01	 3.57380E+01	 3.80246E+01	 4.64228E+01	 4.74457E+01	 4.77774E+01	 1.74969E+01	 5.00000E+01
 6.28694E+01	 5.38041E+01	 2.35892E+01	 6.11733E+01	 2.22100E+01	 3.44083E+01	 3.79969E+01	 4.64316E+01	 4.74457E+01	 4.60329E+01	 1.75925E+01	 5.00000E+01
 6.29045E+01	 5.37458E+01	 2.35634E+01	 6.11258E+01	 2.22100E+01	 3.92311E+01	 3.79264E+01	 4.64215E+01	 4.74457E+01	 4.34984E+01	 1.72318E+01	 5.00000E+01
 6.28665E+01	 5.38264E+01	 2.34137E+01	 6.12709E+01	 2.22100E+01	 4.74580E+01	 3.78589E+01	 4.64198E+01	 4.74457E+01	 3.61620E+01	 1.74151E+01	 5.00000E+01
 6.28020E+01	 5.39011E+01	 2.43597E+01	 6.10443E+01	 2.22100E+01	 5.53783E+01	 3.78164E+01	 4.63956E+01	 4.74457E+01	 4.29525E+01	 1.88763E+01	 5.00000E+01
 6.28550E+01	 5.38235E+01	 2.45109E+01	 6.11358E+01	 2.22100E+01	 5.05379E+01	 3.79238E+01	 4.63927E+01	 4.74457E+01	 3.55815E+01	 1.78193E+01	 5.00000E+01
 6.28537E+01	 5.38535E+01	 2.45277E+01	 6.11931E+01	 2.22100E+01	 5.07686E+01	 3.79204E+01	 4.63897E+01	 4.74457E+01	 3.89898E+01	 1.85146E+01	 5.00000E+01
 6.28311E+01	 5.38779E+01	 2.40027E+01	 6.11428E+01	 2.22100E+01	 4.25032E+01	 3.79958E+01	 4.63836E+01	 4.74457E+01	 4.76054E+01	 1.87010E+01	 5.00000E+01
 6.27955E+01	 5.39223E+01	 2.41402E+01	 6.11328E+01	 2.22100E+01	 3.40740E+01	 3.80253E+01	 4.64061E+01	 4.74457E+01	 3.60311E+01	 1.73565E+01	 5.00000E+01
 6.28150E+01	 5.39003E+01	 2.43395E+01	 6.11851E+01	 2.22100E+01	 4.12074E+01	 3.78956E+01	 4.64018E+01	 4.74457E+01	 3.75381E+01	 1.76486E+01	 5.00000E+01
 6.28366E+01	 5.38858E+01	 2.48149E+01	 6.09304E+01	 2.22100E+01	 4.35203E+01	 3.78714E+01	 4.63732E+01	 4.74457E+01	 3.78703E+01	 1.78355E+01	 5.00000E+01
 6.28284E+01	 5.39109E+01	 2.46170E+01	 6.10743E+01	 2.22100E+01	 4.18257E+01	 3.79565E+01	 4.63735E+01	 4.74457E+01	 4.02460E+01	 1.82934E+01	 5.00000E+01
 6.28448E+01	 5.38957E+01	 2.45083E+01	 6.12610E+01	 2.22100E+01	 3.77610E+01	 3.80099E+01	 4.63780E+01	 4.74457E+01	 4.16635E+01	 1.79811E+01	 5.00000E+01
 6.28619E+01	 5.38738E+01	 2.52153E+01	 6.09659E+01	 2.22100E+01	 3.68289E+01	 3.80076E+01	 4.63939E+01	 4.74457E+01	 3.86987E+01	 1.76710E+01	 5.00000E+01
 6.29613E+01	 5.37568E+01	 2.48434E+01	 6.10816E+01	 2.22100E+01	 4.12638E+01	 3.79283E+01	 4.63771E+01	 4.74457E+01	 3.58258E+01	 1.84995E+01	 5.00000E+01
 6.29240E+01	 5.38392E+01	 2.44286E+01	 6.10594E+01	 2.22100E+01	 4.34286E+01	 3.79415E+01	 4.63793E+01	 4.74457E+01	 3.79265E+01	 1.83998E+01	 5.00000E+01
 6.28790E+01	 5.39010E+01	 2.41129E+01	 6.13311E+01	 2.22100E+01	 3.97568E+01	 3.80222E+01	 4.63657E+01	 4.74457E+01	 3.90272E+01	 1.81113E+01	 5.00000E+01
 6.29311E+01	 5.38161E+01	 2.49688E+01	 6.09552E+01	 2.22100E+01	 3.84347E+01	 3.80200E+01	 4.63684E+01	 4.74457E+01	 4.40216E+01	 1.86313E+01	 5.00000E+01
 6.28659E+01	 5.39406E+01	 2.50792E+01	 6.11717E+01	 2.22100E+01	 3.10686E+01	 3.80917E+01	 4.63919E+01	 4.74457E+01	 4.25003E+01	 1.73603E+01	 5.00000E+01
 6.27741E+01	 5.40256E+01	 2.49076E+01	 6.11466E+01	 2.22100E+01	 3.42414E+01	 3.80203E+01	 4.64039E+01	 4.74457E+01	 3.71802E+01	 1.73975E+01	 5.00000E+01
 6.28375E+01	 5.39025E+01	 2.49858E+01	 6.11710E+01	 2.22100E+01	 4.27463E+01	 3.79331E+01	 4.63928E+01	 4.74457E+01	 3.63253E+01	 1.82014E+01	 5.00000E+01
 6.28874E+01	 5.38298E+01	 2.52720E+01	 6.11526E+01	 2.22100E+01	 4.57893E+01	 3.79702E+01	 4.63772E+01	 4.74457E+01	 3.67990E+01	 1.80199E+01	 5.00000E+01
 6.29304E+01	 5.37983E+01	 2.52117E+01	 6.09813E+01	 2.22100E+01	 4.36166E+01	 3.80372E+01	 4.63801E+01	 4.74457E+01	 4.66108E+01	 1.88320E+01	 5.00000E+01
 6.29698E+01	 5.37813E+01	 2.54827E+01	 6.11114E+01	 2.22100E+01	 3.18464E+01	 3.81210E+01	 4.63857E+01	 4.74457E+01	 4.44253E+01	 1.82060E+01	 5.00000E+01
 6.29159E+01	 5.38464E+01	 2.52754E+01	 6.10184E+01	 2.22100E+01	 3.04027E+01	 3.80661E+01	 4.63929E+01	 4.74457E+01	 4.17632E+01	 1.80891E+01	 5.00000E+01
 6.28633E+01	 5.38961E+01	 2.54111E+01	 6.11666E+01	 2.22100E+01	 3.44274E+01	 3.79896E+01	 4.64063E+01	 4.74457E+01	 4.19314E+01	 1.84123E+01	 5.00000E+01
 6.29108E+01	 5.38287E+01	 2.52613E+01	 6.11808E+01	 2.22100E+01	 3.74930E+01	 3.79877E+01	 4.64013E+01	 4.74457E+01	 4.27396E+01	 1.81281E+01	 5.00000E+01
 6.28994E+01	 5.38555E+01	 2.52613E+01	 6.10709E+01	 2.22100E+01	 3.90961E+01	 3.79689E+01	 4.64012E+01	 4.74457E+01	 3.85967E+01	 1.74846E+01	 5.00000E+01
 6.28787E+01	 5.38876E+01	 2.49090E+01	 6.10588E+01	 2.22100E+01	 4.26715E+01	 3.79968E+01	 4.64030E+01	 4.74457E+01	 4.41783E+01	 1.83477E+01	 5.00000E+01
 6.29388E+01	 5.37756E+01	 2.50856E+01	 6.11864E+01	 2.22100E+01	 3.83567E+01	 3.80323E+01	 4.63973E+01	 4.74457E+01	 4.45860E+01	 1.77589E+01	 5.00000E+01
 6.29058E+01	 5.38609E+01	 2.46464E+01	 6.11669E+01	 2.22100E+01	 3.57741E+01	 3.80417E+01	 4.64172E+01	 4.74457E+01	 4.55619E+01	 1.76647E+01	 5.00000E+01
 6.28486E+01	 5.39338E+01	 2.45109E+01	 6.11005E+01	 2.22100E+01	 3.55030E+01	 3.80245E+01	 4.64379E+01	 4.74457E+01	 4.33688E+01	 1.72141E+01	 5.00000E+01
 6.28094E+01	 5.39415E+01	 2.49479E+01	 6.12226E+01	 2.22100E+01	 3.93888E+01	 3.79639E+01	 4.64195E+01	 4.74457E+01	 4.36099E+01	 1.86174E+01	 5.00000E+01
 6.28933E+01	 5.38129E+01	 2.50651E+01	 6.11779E+01	 2.22100E+01	 4.08076E+01	 3.79751E+01	 4.64176E+01	 4.74457E+01	 4.70128E+01	 1.80206E+01	 5.00000E+01
 6.29731E+01	 5.37370E+01	 2.52238E+01	 6.10784E+01	 2.22100E+01	 3.83980E+01	 3.80137E+01	 4.64052E+01	 4.74457E+01	 4.21919E+01	 1.68413E+01	 5.00000E+01
 6.30918E+01	 5.36033E+01	 2.48322E+01	 6.10448E+01	 2.22100E+01	 4.22204E+01	 3.79404E+01	 4.64226E+01	 4.74457E+01	 4.15992E+01	 1.77058E+01	 5.00000E+01
 6.30473E+01	 5.37100E+01	 2.50386E+01	 6.11869E+01	 2.22100E+01	 4.36924E+01	 3.79070E+01	 4.64153E+01	 4.74457E+01	 4.04705E+01	 1.78319E+01	 5.00000E+01
 6.29514E+01	 5.38019E+01	 2.43260E+01	 6.12457E+01	 2.22100E+01	 4.35586E+01	 3.79544E+01	 4.64036E+01	 4.74457E+01	 4.25867E+01	 1.82577E+01	 5.00000E+01
 6.30145E+01	 5.37319E+01	 2.41019E+01	 6.10229E+01	 2.22100E+01	 3.82625E+01	 3.80262E+01	 4.64070E+01	 4.74457E+01	 4.76681E+01	 1.87516E+01	 5.00000E+01
 6.30144E+01	 5.37373E+01	 2.44165E+01	 6.11631E+01	 2.22100E+01	 3.27072E+01	 3.80301E+01	 4.64243E+01	 4.74457E+01	 3.97735E+01	 1.72636E+01	 5.00000E+01
 6.29936E+01	 5.37328E+01	 2.44743E+01	 6.10881E+01	 2.22100E+01	 4.10322E+01	 3.78989E+01	 4.64279E+01	 4.74457E+01	 3.59649E+01	 1.77753E+01	 5.00000E+01
 6.28493E+01	 5.39114E+01	 2.45257E+01	 6.11222E+01	 2.22100E+01	 4.38447E+01	 3.79491E+01	 4.64096E+01	 4.74457E+01	 4.59680E+01	 1.85981E+01	 5.00000E+01
 6.28201E+01	 5.39325E+01	 2.39473E+01	 6.12419E+01	 2.22100E+01	 3.48318E+01	 3.80809E+01	 4.64085E+01	 4.74457E+01	 4.39580E+01	 1.84184E+01	 5.00000E+01
 6.28251E+01	 5.39194E+01	 2.39440E+01	 6.12350E+01	 2.22100E+01	 3.74616E+01	 3.80121E+01	 4.64185E+01	 4.74457E+01	 3.80752E+01	 1.75797E+01	 5.00000E+01
 6.29039E+01	 5.38038E+01	 2.38680E+01	 6.11961E+01	 2.22100E+01	 4.51343E+01	 3.79236E+01	 4.64187E+01	 4.74457E+01	 3.93001E+01	 1.79477E+01	 5.00000E+01
 6.29379E+01	 5.37842E+01	 2.43716E+01	 6.11415E+01	 2.22100E+01	 4.46073E+01	 3.79733E+01	 4.64150E+01	 4.74457E+01	 4.22433E+01	 1.83792E+01	 5.00000E+01
 6.29423E+01	 5.37926E+01	 2.43708E+01	 6.10848E+01	 2.22100E+01	 4.03830E+01	 3.80179E+01	 4.64070E+01	 4.74457E+01	 4.10580E+01	 1.79303E+01	 5.00000E+01
 6.29317E+01	 5.38221E+01	 2.44125E+01	 6.10696E+01	 2.22100E+01	 3.97221E+01	 3.79838E+01	 4.64257E+01	 4.74457E+01	 3.94999E+01	 1.77579E+01	 5.00000E+01
 6.29411E+01	 5.37682E+01	 2.44332E+01	 6.10487E+01	 2.22100E+01	 4.05975E+01	 3.79747E+01	 4.64081E+01	 4.74457E+01	 4.14088E+01	 1.78162E+01	 5.00000E+01
 6.29711E+01	 5.37589E+01	 2.44991E+01	 6.11484E+01	 2.22100E+01	 3.77059E+01	 3.79860E+01	 4.64147E+01	 4.74457E+01	 3.91494E+01	 1.78212E+01	 5.00000E+01
 6.30098E+01	 5.37152E+01	 2.42522E+01	 6.11368E+01	 2.22100E+01	 4.03615E+01	 3.79538E+01	 4.64176E+01	 4.74457E+01	 3.59582E+01	 1.78495E+01	 5.00000E+01
 6.29634E+01	 5.37930E+01	 2.44718E+01	 6.12168E+01	 2.22100E+01	 4.15183E+01	 3.79724E+01	 4.64113E+01	 4.74457E+01	 4.08766E+01	 1.81795E+01	 5.00000E+01
 6.29014E+01	 5.38598E+01	 2.44216E+01	 6.11885E+01	 2.22100E+01	 3.77061E+01	 3.80026E+01	 4.64127E+01	 4.74457E+01	 4.05632E+01	 1.84037E+01	 5.00000E+01
 6.29809E+01	 5.37478E+01	 2.43324E+01	 6.11680E+01	 2.22100E+01	 3.69889E+01	 3.80226E+01	 4.64186E+01	 4.74457E+01	 4.03040E+01	 1.83359E+01	 5.00000E+01
 6.29710E+01	 5.37793E+01	 2.47957E+01	 6.11559E+01	 2.22100E+01	 3.75336E+01	 3.80121E+01	 4.64196E+01	 4.74457E+01	 4.04150E+01	 1.80558E+01	 5.00000E+01
 6.29406E+01	 5.37893E+01	 2.44547E+01	 6.10704E+01	 2.22100E+01	 3.82616E+01	 3.79994E+01	 4.64163E+01	 4.74457E+01	 4.03747E+01	 1.77439E+01	 5.00000E+01
 6.28981E+01	 5.38490E+01	 2.43989E+01	 6.12503E+01	 2.22100E+01	 3.88510E+01	 3.79992E+01	 4.64295E+01	 4.74457E+01	 4.04246E+01	 1.79254E+01	 5.00000E+01
 6.29112E+01	 5.38181E+01	 2.38001E+01	 6.12538E+01	 2.22100E+01	 3.93951E+01	 3.80186E+01	 4.64255E+01	 4.74457E+01	 4.20941E+01	 1.80742E+01	 5.00000E+01
 6.29201E+01	 5.37997E+01	 2.39020E+01	 6.11891E+01	 2.22100E+01	 3.85428E+01	 3.80322E+01	 4.64119E+01	 4.74457E+01	 4.29669E+01	 1.78503E+01	 5.00000E+01
 6.29690E+01	 5.37667E+01	 2.36257E+01	 6.13788E+01	 2.22100E+01	 3.90409E+01	 3.80090E+01	 4.64206E+01	 4.74457E+01	 4.18192E+01	 1.78802E+01	 5.00000E+01
 6.29745E+01	 5.37583E+01	 2.42158E+01	 6.10381E+01	 2.22100E+01	 4.19375E+01	 3.79829E+01	 4.64146E+01	 4.74457E+01	 4.13420E+01	 1.81765E+01	 5.00000E+01
 6.29687E+01	 5.37566E+01	 2.46358E+01	 6.09878E+01	 2.22100E+01	 4.18087E+01	 3.79809E+01	 4.64201E+01	 4.74457E+01	 4.35463E+01	 1.79672E+01	 5.00000E+01
 6.29744E+01	 5.37599E+01	 2.43600E+01	 6.11985E+01	 2.22100E+01	 3.90674E+01	 3.80082E+01	 4.64326E+01	 4.74457E+01	 4.42063E+01	 1.82956E+01	 5.00000E+01
 6.29980E+01	 5.37285E+01	 2.44311E+01	 6.10397E+01	 2.22100E+01	 3.75625E+01	 3.80006E+01	 4.64279E+01	 4.74457E+01	 4.50969E+01	 1.76671E+01	 5.00000E+01
 6.30075E+01	 5.37191E+01	 2.43398E+01	 6.12890E+01	 2.22100E+01	 3.68495E+01	 3.79958E+01	 4.64298E+01	 4.74457E+01	 4.29669E+01	 1.78701E+01	 5.00000E+01
 6.29241E+01	 5.38028E+01	 2.43944E+01	 6.11798E+01	 2.22100E+01	 4.12860E+01	 3.79477E+01	 4.64296E+01	 4.74457E+01	 4.11549E+01	 1.77610E+01	 5.00000E+01
 6.29793E+01	 5.37153E+01	 2.46430E+01	 6.10454E+01	 2.22100E+01	 4.54093E+01	 3.79305E+01	 4.64102E+01	 4.74457E+01	 3.83863E+01	 1.78461E+01	 5.00000E+01
 6.30507E+01	 5.36480E+01	 2.48035E+01	 6.11150E+01	 2.22100E+01	 4.78041E+01	 3.79295E+01	 4.64144E+01	 4.74457E+01	 3.78794E+01	 1.79584E+01	 5.00000E+01
 6.30430E+01	 5.37082E+01	 2.45241E+01	 6.11193E+01	 2.22100E+01	 4.55660E+01	 3.79916E+01	 4.64167E+01	 4.74457E+01	 3.98641E+01	 1.81500E+01	 5.00000E+01
 6.30089E+01	 5.37362E+01	 2.41075E+01	 6.11526E+01	 2.22100E+01	 4.03067E+01	 3.80316E+01	 4.63991E+01	 4.74457E+01	 4.11171E+01	 1.84674E+01	 5.00000E+01
 6.29938E+01	 5.37612E+01	 2.43466E+01	 6.11584E+01	 2.22100E+01	 3.76712E+01	 3.79981E+01	 4.64180E+01	 4.74457E+01	 3.82577E+01	 1.80345E+01	 5.00000E+01
 6.29340E+01	 5.38429E+01	 2.46992E+01	 6.10361E+01	 2.22100E+01	 3.95640E+01	 3.79774E+01	 4.64117E+01	 4.74457E+01	 3.75196E+01	 1.80499E+01	 5.00000E+01
 6.29789E+01	 5.37685E+01	 2.44964E+01	 6.12411E+01	 2.22100E+01	 4.14989E+01	 3.79929E+01	 4.64197E+01	 4.74457E+01	 3.60322E+01	 1.81732E+01	 5.00000E+01
 6.30300E+01	 5.36889E+01	 2.44891E+01	 6.11708E+01	 2.22100E+01	 4.31161E+01	 3.79961E+01	 4.64175E+01	 4.74457E+01	 3.57419E+01	 1.81139E+01	 5.00000E+01
 6.28925E+01	 5.38953E+01	 2.44722E+01	 6.12629E+01	 2.22100E+01	 4.24990E+01	 3.79870E+01	 4.64069E+01	 4.74457E+01	 3.58967E+01	 1.84673E+01	 5.00000E+01
 6.28836E+01	 5.38664E+01	 2.47962E+01	 6.11292E+01	 2.22100E+01	 4.12203E+01	 3.80171E+01	 4.63966E+01	 4.74457E+01	 3.80032E+01	 1.83198E+01	 5.00000E+01
 6.29226E+01	 5.38340E+01	 2.52361E+01	 6.10276E+01	 2.22100E+01	 3.67920E+01	 3.80653E+01	 4.64294E+01	 4.74457E+01	 4.20920E+01	 1.78600E+01	 5.00000E+01
 6.29586E+01	 5.37809E+01	 2.52317E+01	 6.10599E+01	 2.22100E+01	 3.14642E+01	 3.80919E+01	 4.64397E+01	 4.74457E+01	 4.13535E+01	 1.84517E+01	 5.00000E+01
 6.29483E+01	 5.38048E+01	 2.45413E+01	 6.11106E+01	 2.22100E+01	 3.31772E+01	 3.80113E+01	 4.64524E+01	 4.74457E+01	 3.84735E+01	 1.79354E+01	 5.00000E+01
 6.29268E+01	 5.38241E+01	 2.46536E+01	 6.11380E+01	 2.22100E+01	 3.55604E+01	 3.80164E+01	 4.64304E+01	 4.74457E+01	 4.76889E+01	 1.88932E+01	 5.00000E+01
 6.31114E+01	 5.35700E+01	 2.43459E+01	 6.10782E+01	 2.22100E+01	 2.97208E+01	 3.80818E+01	 4.64459E+01	 4.74457E+01	 4.41056E+01	 1.77300E+01	 5.00000E+01
 6.30846E+01	 5.36712E+01	 2.42806E+01	 6.11644E+01	 2.22100E+01	 3.35575E+01	 3.80153E+01	 4.64433E+01	 4.74457E+01	 4.27455E+01	 1.81007E+01	 5.00000E+01
 6.29918E+01	 5.37768E+01	 2.43803E+01	 6.12286E+01	 2.22100E+01	 3.76418E+01	 3.79895E+01	 4.64483E+01	 4.74457E+01	 4.46051E+01	 1.76918E+01	 5.00000E+01
 6.30179E+01	 5.37064E+01	 2.52774E+01	 6.11512E+01	 2.22100E+01	 3.87197E+01	 3.80242E+01	 4.64270E+01	 4.74457E+01	 4.55586E+01	 1.79334E+01	 5.00000E+01
 6.30653E+01	 5.36743E+01	 2.51129E+01	 6.11551E+01	 2.22100E+01	 3.91375E+01	 3.80362E+01	 4.64433E+01	 4.74457E+01	 4.66559E+01	 1.82657E+01	 5.00000E+01
 6.30870E+01	 5.36335E+01	 2.44592E+01	 6.11680E+01	 2.22100E+01	 3.89421E+01	 3.80380E+01	 4.64503E+01	 4.74457E+01	 4.68182E+01	 1.76296E+01	 5.00000E+01
 6.31097E+01	 5.36015E+01	 2.42665E+01	 6.11864E+01	 2.22100E+01	 4.67213E+01	 3.79299E+01	 4.64369E+01	 4.74457E+01	 3.64821E+01	 1.73764E+01	 5.00000E+01
 6.30665E+01	 5.36764E+01	 2.42706E+01	 6.12552E+01	 2.22100E+01	 5.37379E+01	 3.79288E+01	 4.64256E+01	 4.74457E+01	 4.12370E+01	 1.81960E+01	 5.00000E+01
 6.30099E+01	 5.37262E+01	 2.42999E+01	 6.12261E+01	 2.22100E+01	 4.40156E+01	 3.80604E+01	 4.64181E+01	 4.74457E+01	 4.69110E+01	 1.80302E+01	 5.00000E+01
 6.29638E+01	 5.37861E+01	 2.45058E+01	 6.10519E+01	 2.22100E+01	 3.50808E+01	 3.81040E+01	 4.64365E+01	 4.74457E+01	 4.82650E+01	 1.82613E+01	 5.00000E+01
 6.29519E+01	 5.37793E+01	 2.49248E+01	 6.10400E+01	 2.22100E+01	 3.17619E+01	 3.80594E+01	 4.64538E+01	 4.74457E+01	 4.64947E+01	 1.70918E+01	 5.00000E+01
 6.29504E+01	 5.37485E+01	 2.51565E+01	 6.11039E+01	 2.22100E+01	 3.79295E+01	 3.79304E+01	 4.64660E+01	 4.74457E+01	 3.81074E+01	 1.69567E+01	 5.00000E+01
 6.29857E+01	 5.37053E+01	 2.50718E+01	 6.10985E+01	 2.22100E+01	 4.85004E+01	 3.78555E+01	 4.64425E+01	 4.74457E+01	 3.50525E+01	 1.74488E+01	 5.00000E+01
 6.29569E+01	 5.37717E+01	 2.46814E+01	 6.11313E+01	 2.22100E+01	 5.29032E+01	 3.78834E+01	 4.64185E+01	 4.74457E+01	 3.55710E+01	 1.81942E+01	 5.00000E+01
 6.29226E+01	 5.38097E+01	 2.41228E+01	 6.12253E+01	 2.22100E+01	 4.99188E+01	 3.79529E+01	 4.64093E+01	 4.74457E+01	 3.63055E+01	 1.81058E+01	 5.00000E+01
 6.29562E+01	 5.37796E+01	 2.50941E+01	 6.10752E+01	 2.22100E+01	 4.42883E+01	 3.80193E+01	 4.64079E+01	 4.74457E+01	 3.85527E+01	 1.83679E+01	 5.00000E+01
 6.29120E+01	 5.38543E+01	 2.50124E+01	 6.12085E+01	 2.22100E+01	 3.63568E+01	 3.80705E+01	 4.64125E+01	 4.74457E+01	 4.16027E+01	 1.75203E+01	 5.00000E+01
 6.28596E+01	 5.39206E+01	 2.49779E+01	 6.11259E+01	 2.22100E+01	 3.44966E+01	 3.80370E+01	 4.64422E+01	 4.74457E+01	 3.69381E+01	 1.79796E+01	 5.00000E+01
 6.28570E+01	 5.38907E+01	 2.52299E+01	 6.12514E+01	 2.22100E+01	 3.65181E+01	 3.79998E+01	 4.64146E+01	 4.74457E+01	 4.43553E+01	 1.85054E+01	 5.00000E+01
 6.29388E+01	 5.37689E+01	 2.50603E+01	 6.12205E+01	 2.22100E+01	 3.18134E+01	 3.80655E+01	 4.64341E+01	 4.74457E+01	 4.58992E+01	 1.81440E+01	 5.00000E+01
 6.30084E+01	 5.36821E+01	 2.49493E+01	 6.11611E+01	 2.22100E+01	 3.09033E+01	 3.80659E+01	 4.64336E+01	 4.74457E+01	 4.69180E+01	 1.79930E+01	 5.00000E+01
 6.30070E+01	 5.37103E+01	 2.50431E+01	 6.10509E+01	 2.22100E+01	 3.27231E+01	 3.80102E+01	 4.64360E+01	 4.74457E+01	 4.50518E+01	 1.78569E+01	 5.00000E+01
 6.29274E+01	 5.38346E+01	 2.54225E+01	 6.10277E+01	 2.22100E+01	 3.91836E+01	 3.79299E+01	 4.64427E+01	 4.74457E+01	 3.94976E+01	 1.77620E+01	 5.00000E+01
 6.28459E+01	 5.39088E+01	 2.47963E+01	 6.12501E+01	 2.22100E+01	 4.75558E+01	 3.78994E+01	 4.64335E+01	 4.74457E+01	 3.81094E+01	 1.76410E+01	 5.00000E+01
 6.30296E+01	 5.36670E+01	 2.45215E+01	 6.11331E+01	 2.22100E+01	 5.02164E+01	 3.79375E+01	 4.64186E+01	 4.74457E+01	 3.90693E+01	 1.78664E+01	 5.00000E+01
 6.30737E+01	 5.36628E+01	 2.48496E+01	 6.10714E+01	 2.22100E+01	 4.66532E+01	 3.79910E+01	 4.64288E+01	 4.74457E+01	 4.15584E+01	 1.82918E+01	 5.00000E+01
 6.30752E+01	 5.36646E+01	 2.50139E+01	 6.10895E+01	 2.22100E+01	 3.93132E+01	 3.80453E+01	 4.64293E+01	 4.74457E+01	 4.35939E+01	 1.77441E+01	 5.00000E+01
 6.29722E+01	 5.38144E+01	 2.45375E+01	 6.11305E+01	 2.22100E+01	 3.41521E+01	 3.80439E+01	 4.64345E+01	 4.74457E+01	 4.48164E+01	 1.81648E+01	 5.00000E+01
 6.29597E+01	 5.37941E+01	 2.36497E+01	 6.12520E+01	 2.22100E+01	 3.19646E+01	 3.80377E+01	 4.64378E+01	 4.74457E+01	 4.64908E+01	 1.73887E+01	 5.00000E+01
 6.29834E+01	 5.37581E+01	 2.36499E+01	 6.12255E+01	 2.22100E+01	 3.31811E+01	 3.79935E+01	 4.64477E+01	 4.74457E+01	 4.02400E+01	 1.71718E+01	 5.00000E+01
 6.29405E+01	 5.37933E+01	 2.37555E+01	 6.11391E+01	 2.22100E+01	 4.19325E+01	 3.78947E+01	 4.64237E+01	 4.74457E+01	 4.29470E+01	 1.76468E+01	 5.00000E+01
 6.30317E+01	 5.36599E+01	 2.41967E+01	 6.12669E+01	 2.22100E+01	 4.18404E+01	 3.79600E+01	 4.64198E+01	 4.74457E+01	 4.28410E+01	 1.79918E+01	 5.00000E+01
 6.31131E+01	 5.35852E+01	 2.46061E+01	 6.11659E+01	 2.22100E+01	 4.39326E+01	 3.79606E+01	 4.64185E+01	 4.74457E+01	 3.80033E+01	 1.72836E+01	 5.00000E+01
 6.29731E+01	 5.37927E+01	 2.38181E+01	 6.11871E+01	 2.22100E+01	 4.79589E+01	 3.79351E+01	 4.64097E+01	 4.74457E+01	 3.86461E+01	 1.80032E+01	 5.00000E+01
 6.29503E+01	 5.38203E+01	 2.38623E+01	 6.11802E+01	 2.22100E+01	 4.61101E+01	 3.79693E+01	 4.64177E+01	 4.74457E+01	 3.98528E+01	 1.84918E+01	 5.00000E+01
 6.29660E+01	 5.37910E+01	 2.38577E+01	 6.11485E+01	 2.22100E+01	 4.41170E+01	 3.79682E+01	 4.64236E+01	 4.74457E+01	 3.57251E+01	 1.83846E+01	 5.00000E+01
 6.30219E+01	 5.36985E+01	 2.45810E+01	 6.10203E+01	 2.22100E+01	 4.34089E+01	 3.79537E+01	 4.64149E+01	 4.74457E+01	 4.10149E+01	 1.85776E+01	 5.00000E+01
 6.30051E+01	 5.37416E+01	 2.39296E+01	 6.12911E+01	 2.22100E+01	 3.48752E+01	 3.80504E+01	 4.64258E+01	 4.74457E+01	 4.61911E+01	 1.79688E+01	 5.00000E+01
 6.29636E+01	 5.37888E+01	 2.37547E+01	 6.12468E+01	 2.22100E+01	 2.92212E+01	 3.80603E+01	 4.64224E+01	 4.74457E+01	 4.43062E+01	 1.80929E+01	 5.00000E+01
