 6.30525E+01	 5.39795E+01	 2.46436E+01	 6.13019E+01	 2.22100E+01	 4.00637E+01	 3.81003E+01	 4.65342E+01	 4.74457E+01	 4.11058E+01	 1.81135E+01	 5.00000E+01
 6.28988E+01	 5.38180E+01	 2.47460E+01	 6.11748E+01	 2.22100E+01	 3.98723E+01	 3.80527E+01	 4.64725E+01	 4.74457E+01	 4.09918E+01	 1.76883E+01	 5.00000E+01
 6.28093E+01	 5.37835E+01	 2.49528E+01	 6.11873E+01	 2.22100E+01	 3.94096E+01	 3.80389E+01	 4.64554E+01	 4.74457E+01	 4.09929E+01	 1.78881E+01	 5.00000E+01
 6.27677E+01	 5.37941E+01	 2.51011E+01	 6.10800E+01	 2.22100E+01	 3.93265E+01	 3.80381E+01	 4.64358E+01	 4.74457E+01	 4.09560E+01	 1.73808E+01	 5.00000E+01
 6.29096E+01	 5.35631E+01	 2.47833E+01	 6.12402E+01	 2.22100E+01	 3.93749E+01	 3.80160E+01	 4.64337E+01	 4.74457E+01	 4.10695E+01	 1.76394E+01	 5.00000E+01
 6.29385E+01	 5.35593E+01	 2.52913E+01	 6.11315E+01	 2.22100E+01	 3.93487E+01	 3.79920E+01	 4.64453E+01	 4.74457E+01	 4.10564E+01	 1.76912E+01	 5.00000E+01
 6.29449E+01	 5.35630E+01	 2.47035E+01	 6.11540E+01	 2.22100E+01	 3.88524E+01	 3.79835E+01	 4.64297E+01	 4.74457E+01	 4.10509E+01	 1.76713E+01	 5.00000E+01
 6.29080E+01	 5.36170E+01	 2.48302E+01	 6.10484E+01	 2.22100E+01	 3.93396E+01	 3.79651E+01	 4.64290E+01	 4.74457E+01	 4.11194E+01	 1.81398E+01	 5.00000E+01
 6.29135E+01	 5.36092E+01	 2.52707E+01	 6.12217E+01	 2.22100E+01	 3.94689E+01	 3.79563E+01	 4.64440E+01	 4.74457E+01	 4.11354E+01	 1.77428E+01	 5.00000E+01
 6.29135E+01	 5.35719E+01	 2.47070E+01	 6.12784E+01	 2.22100E+01	 4.02101E+01	 3.79535E+01	 4.64403E+01	 4.74457E+01	 4.10931E+01	 1.75795E+01	 5.00000E+01
 6.28123E+01	 5.37063E+01	 2.43635E+01	 6.12716E+01	 2.22100E+01	 4.09994E+01	 3.79348E+01	 4.64375E+01	 4.74457E+01	 4.10718E+01	 1.76799E+01	 5.00000E+01
 6.28271E+01	 5.36643E+01	 2.43400E+01	 6.11123E+01	 2.22100E+01	 4.21174E+01	 3.79196E+01	 4.64318E+01	 4.74457E+01	 4.10284E+01	 1.74560E+01	 5.00000E+01
 6.28545E+01	 5.36159E+01	 2.49902E+01	 6.10358E+01	 2.22100E+01	 4.23636E+01	 3.79122E+01	 4.64270E+01	 4.74457E+01	 4.10315E+01	 1.74158E+01	 5.00000E+01
 6.27594E+01	 5.37307E+01	 2.48683E+01	 6.10916E+01	 2.22100E+01	 4.19902E+01	 3.78806E+01	 4.64185E+01	 4.74457E+01	 4.09994E+01	 1.74341E+01	 5.00000E+01
 6.27838E+01	 5.37038E+01	 2.49473E+01	 6.11982E+01	 2.22100E+01	 4.17343E+01	 3.78714E+01	 4.64242E+01	 4.74457E+01	 4.10071E+01	 1.78762E+01	 5.00000E+01
 6.28246E+01	 5.36675E+01	 2.46461E+01	 6.10738E+01	 2.22100E+01	 4.20084E+01	 3.78603E+01	 4.64244E+01	 4.74457E+01	 4.10783E+01	 1.75653E+01	 5.00000E+01
 6.28576E+01	 5.36450E+01	 2.45948E+01	 6.11358E+01	 2.22100E+01	 4.17722E+01	 3.78519E+01	 4.64196E+01	 4.74457E+01	 4.10829E+01	 1.73893E+01	 5.00000E+01
 6.28887E+01	 5.36067E+01	 2.43776E+01	 6.11032E+01	 2.22100E+01	 4.15018E+01	 3.78160E+01	 4.64029E+01	 4.74457E+01	 4.10632E+01	 1.73839E+01	 5.00000E+01
 6.29093E+01	 5.35958E+01	 2.48585E+01	 6.11111E+01	 2.22100E+01	 4.10776E+01	 3.78249E+01	 4.63960E+01	 4.74457E+01	 4.10785E+01	 1.75800E+01	 5.00000E+01
 6.29212E+01	 5.35994E+01	 2.48591E+01	 6.11734E+01	 2.22100E+01	 4.06658E+01	 3.78340E+01	 4.63936E+01	 4.74457E+01	 4.10825E+01	 1.77807E+01	 5.00000E+01
 6.29165E+01	 5.36158E+01	 2.48117E+01	 6.10891E+01	 2.22100E+01	 4.06827E+01	 3.78537E+01	 4.63907E+01	 4.74457E+01	 4.10917E+01	 1.73546E+01	 5.00000E+01
 6.29047E+01	 5.36428E+01	 2.43182E+01	 6.11186E+01	 2.22100E+01	 4.07733E+01	 3.78427E+01	 4.63903E+01	 4.74457E+01	 4.10758E+01	 1.75296E+01	 5.00000E+01
 6.30237E+01	 5.35016E+01	 2.46989E+01	 6.11546E+01	 2.22100E+01	 4.07453E+01	 3.78273E+01	 4.63970E+01	 4.74457E+01	 4.11156E+01	 1.74371E+01	 5.00000E+01
 6.29200E+01	 5.36545E+01	 2.44988E+01	 6.11646E+01	 2.22100E+01	 4.06864E+01	 3.78252E+01	 4.63768E+01	 4.74457E+01	 4.11167E+01	 1.77621E+01	 5.00000E+01
 6.28084E+01	 5.37791E+01	 2.44175E+01	 6.11499E+01	 2.22100E+01	 4.10600E+01	 3.78356E+01	 4.63761E+01	 4.74457E+01	 4.10170E+01	 1.69501E+01	 5.00000E+01
 6.27305E+01	 5.38576E+01	 2.46064E+01	 6.11444E+01	 2.22100E+01	 4.18647E+01	 3.78363E+01	 4.63656E+01	 4.74457E+01	 4.10131E+01	 1.79023E+01	 5.00000E+01
 6.27359E+01	 5.38282E+01	 2.40878E+01	 6.10822E+01	 2.22100E+01	 4.26457E+01	 3.78273E+01	 4.63648E+01	 4.74457E+01	 4.09883E+01	 1.72859E+01	 5.00000E+01
 6.27555E+01	 5.38069E+01	 2.45916E+01	 6.11343E+01	 2.22100E+01	 4.31409E+01	 3.78304E+01	 4.63675E+01	 4.74457E+01	 4.10346E+01	 1.76366E+01	 5.00000E+01
 6.28459E+01	 5.36898E+01	 2.44937E+01	 6.11136E+01	 2.22100E+01	 4.34322E+01	 3.78110E+01	 4.63580E+01	 4.74457E+01	 4.10400E+01	 1.76709E+01	 5.00000E+01
 6.28679E+01	 5.37052E+01	 2.41494E+01	 6.11235E+01	 2.22100E+01	 4.32084E+01	 3.78303E+01	 4.63505E+01	 4.74457E+01	 4.10508E+01	 1.71999E+01	 5.00000E+01
 6.28635E+01	 5.37184E+01	 2.47190E+01	 6.10283E+01	 2.22100E+01	 4.22449E+01	 3.78227E+01	 4.63450E+01	 4.74457E+01	 4.09987E+01	 1.80355E+01	 5.00000E+01
 6.29917E+01	 5.35498E+01	 2.44458E+01	 6.11820E+01	 2.22100E+01	 4.10949E+01	 3.78226E+01	 4.63413E+01	 4.74457E+01	 4.11046E+01	 1.72879E+01	 5.00000E+01
 6.30096E+01	 5.35792E+01	 2.48104E+01	 6.10427E+01	 2.22100E+01	 4.01426E+01	 3.78234E+01	 4.63307E+01	 4.74457E+01	 4.10522E+01	 1.72464E+01	 5.00000E+01
 6.30131E+01	 5.36081E+01	 2.53057E+01	 6.11034E+01	 2.22100E+01	 3.91152E+01	 3.78350E+01	 4.63472E+01	 4.74457E+01	 4.11649E+01	 1.82191E+01	 5.00000E+01
 6.29738E+01	 5.36546E+01	 2.52322E+01	 6.11103E+01	 2.22100E+01	 3.86110E+01	 3.78383E+01	 4.63529E+01	 4.74457E+01	 4.10934E+01	 1.78531E+01	 5.00000E+01
 6.29346E+01	 5.37011E+01	 2.52472E+01	 6.11388E+01	 2.22100E+01	 3.86448E+01	 3.78325E+01	 4.63436E+01	 4.74457E+01	 4.11076E+01	 1.77582E+01	 5.00000E+01
 6.28918E+01	 5.37351E+01	 2.49076E+01	 6.12090E+01	 2.22100E+01	 3.95442E+01	 3.78417E+01	 4.63293E+01	 4.74457E+01	 4.11449E+01	 1.77482E+01	 5.00000E+01
 6.30258E+01	 5.35769E+01	 2.50868E+01	 6.11126E+01	 2.22100E+01	 4.05503E+01	 3.78475E+01	 4.63312E+01	 4.74457E+01	 4.11675E+01	 1.73558E+01	 5.00000E+01
 6.29827E+01	 5.36621E+01	 2.52079E+01	 6.10497E+01	 2.22100E+01	 4.07100E+01	 3.78341E+01	 4.63336E+01	 4.74457E+01	 4.11224E+01	 1.76026E+01	 5.00000E+01
 6.29192E+01	 5.37431E+01	 2.45969E+01	 6.12552E+01	 2.22100E+01	 4.02931E+01	 3.78576E+01	 4.63297E+01	 4.74457E+01	 4.10991E+01	 1.78190E+01	 5.00000E+01
 6.28751E+01	 5.37808E+01	 2.47041E+01	 6.10210E+01	 2.22100E+01	 4.06423E+01	 3.78665E+01	 4.63330E+01	 4.74457E+01	 4.10532E+01	 1.73112E+01	 5.00000E+01
 6.29266E+01	 5.36847E+01	 2.44571E+01	 6.12276E+01	 2.22100E+01	 4.07870E+01	 3.78414E+01	 4.63146E+01	 4.74457E+01	 4.10698E+01	 1.74080E+01	 5.00000E+01
 6.29886E+01	 5.36296E+01	 2.42854E+01	 6.11584E+01	 2.22100E+01	 4.11035E+01	 3.78453E+01	 4.63199E+01	 4.74457E+01	 4.11578E+01	 1.75671E+01	 5.00000E+01
 6.29710E+01	 5.36730E+01	 2.38303E+01	 6.12827E+01	 2.22100E+01	 4.09697E+01	 3.78098E+01	 4.63118E+01	 4.74457E+01	 4.10854E+01	 1.73711E+01	 5.00000E+01
 6.30449E+01	 5.35843E+01	 2.42083E+01	 6.11835E+01	 2.22100E+01	 4.06072E+01	 3.78165E+01	 4.63138E+01	 4.74457E+01	 4.11502E+01	 1.77809E+01	 5.00000E+01
 6.31071E+01	 5.35155E+01	 2.36105E+01	 6.12894E+01	 2.22100E+01	 4.01524E+01	 3.78335E+01	 4.63004E+01	 4.74457E+01	 4.11498E+01	 1.80887E+01	 5.00000E+01
 6.29764E+01	 5.37076E+01	 2.39456E+01	 6.12775E+01	 2.22100E+01	 3.97881E+01	 3.78191E+01	 4.63063E+01	 4.74457E+01	 4.11105E+01	 1.73641E+01	 5.00000E+01
 6.29845E+01	 5.36576E+01	 2.42506E+01	 6.12489E+01	 2.22100E+01	 4.01387E+01	 3.78344E+01	 4.63092E+01	 4.74457E+01	 4.11307E+01	 1.76273E+01	 5.00000E+01
 6.30304E+01	 5.36119E+01	 2.36476E+01	 6.12220E+01	 2.22100E+01	 4.09723E+01	 3.78250E+01	 4.63101E+01	 4.74457E+01	 4.11359E+01	 1.77034E+01	 5.00000E+01
 6.30167E+01	 5.36466E+01	 2.33735E+01	 6.12766E+01	 2.22100E+01	 4.15171E+01	 3.78317E+01	 4.63167E+01	 4.74457E+01	 4.11466E+01	 1.75845E+01	 5.00000E+01
 6.30250E+01	 5.36336E+01	 2.38370E+01	 6.11827E+01	 2.22100E+01	 4.21764E+01	 3.78132E+01	 4.63180E+01	 4.74457E+01	 4.11239E+01	 1.75544E+01	 5.00000E+01
 6.30239E+01	 5.36116E+01	 2.41964E+01	 6.11849E+01	 2.22100E+01	 4.22372E+01	 3.77939E+01	 4.63112E+01	 4.74457E+01	 4.11034E+01	 1.78103E+01	 5.00000E+01
 6.30256E+01	 5.36386E+01	 2.38758E+01	 6.11142E+01	 2.22100E+01	 4.17357E+01	 3.78070E+01	 4.63138E+01	 4.74457E+01	 4.10541E+01	 1.75524E+01	 5.00000E+01
 6.30504E+01	 5.36004E+01	 2.41001E+01	 6.11031E+01	 2.22100E+01	 4.08495E+01	 3.78147E+01	 4.63208E+01	 4.74457E+01	 4.10804E+01	 1.78738E+01	 5.00000E+01
 6.30722E+01	 5.35836E+01	 2.38067E+01	 6.11568E+01	 2.22100E+01	 3.99911E+01	 3.78211E+01	 4.63171E+01	 4.74457E+01	 4.11362E+01	 1.77174E+01	 5.00000E+01
 6.29807E+01	 5.37007E+01	 2.39724E+01	 6.10922E+01	 2.22100E+01	 3.94744E+01	 3.78347E+01	 4.63087E+01	 4.74457E+01	 4.11151E+01	 1.75689E+01	 5.00000E+01
 6.30193E+01	 5.36511E+01	 2.42387E+01	 6.11087E+01	 2.22100E+01	 3.91834E+01	 3.78204E+01	 4.63343E+01	 4.74457E+01	 4.10674E+01	 1.75250E+01	 5.00000E+01
 6.30601E+01	 5.36035E+01	 2.48312E+01	 6.10284E+01	 2.22100E+01	 3.91153E+01	 3.78180E+01	 4.63139E+01	 4.74457E+01	 4.10508E+01	 1.81579E+01	 5.00000E+01
 6.31344E+01	 5.35321E+01	 2.44993E+01	 6.10261E+01	 2.22100E+01	 3.87207E+01	 3.78353E+01	 4.63121E+01	 4.74457E+01	 4.10812E+01	 1.71040E+01	 5.00000E+01
 6.30513E+01	 5.37063E+01	 2.41716E+01	 6.10738E+01	 2.22100E+01	 3.83278E+01	 3.78397E+01	 4.63283E+01	 4.74457E+01	 4.11353E+01	 1.75218E+01	 5.00000E+01
 6.29208E+01	 5.38148E+01	 2.44066E+01	 6.11444E+01	 2.22100E+01	 3.84564E+01	 3.78379E+01	 4.63278E+01	 4.74457E+01	 4.10690E+01	 1.78157E+01	 5.00000E+01
 6.29637E+01	 5.37491E+01	 2.53752E+01	 6.11074E+01	 2.22100E+01	 3.93763E+01	 3.78835E+01	 4.63181E+01	 4.74457E+01	 4.10885E+01	 1.76506E+01	 5.00000E+01
 6.29889E+01	 5.37082E+01	 2.52585E+01	 6.10601E+01	 2.22100E+01	 4.06663E+01	 3.78859E+01	 4.63181E+01	 4.74457E+01	 4.11356E+01	 1.76166E+01	 5.00000E+01
 6.30208E+01	 5.37044E+01	 2.55708E+01	 6.10998E+01	 2.22100E+01	 4.11574E+01	 3.78735E+01	 4.63279E+01	 4.74457E+01	 4.11146E+01	 1.78693E+01	 5.00000E+01
 6.29753E+01	 5.37781E+01	 2.52727E+01	 6.10364E+01	 2.22100E+01	 4.05696E+01	 3.78941E+01	 4.63347E+01	 4.74457E+01	 4.10486E+01	 1.76441E+01	 5.00000E+01
 6.30062E+01	 5.37149E+01	 2.53436E+01	 6.11233E+01	 2.22100E+01	 3.99808E+01	 3.78848E+01	 4.63354E+01	 4.74457E+01	 4.11037E+01	 1.75760E+01	 5.00000E+01
 6.30333E+01	 5.36697E+01	 2.54731E+01	 6.09155E+01	 2.22100E+01	 3.93927E+01	 3.78924E+01	 4.63198E+01	 4.74457E+01	 4.10994E+01	 1.76881E+01	 5.00000E+01
 6.30479E+01	 5.36699E+01	 2.50400E+01	 6.11458E+01	 2.22100E+01	 3.86009E+01	 3.79000E+01	 4.63375E+01	 4.74457E+01	 4.11465E+01	 1.78221E+01	 5.00000E+01
 6.30443E+01	 5.36808E+01	 2.50492E+01	 6.09477E+01	 2.22100E+01	 3.80292E+01	 3.78937E+01	 4.63350E+01	 4.74457E+01	 4.11380E+01	 1.79350E+01	 5.00000E+01
 6.30513E+01	 5.36781E+01	 2.50128E+01	 6.10714E+01	 2.22100E+01	 3.69465E+01	 3.78864E+01	 4.63411E+01	 4.74457E+01	 4.11425E+01	 1.79336E+01	 5.00000E+01
 6.30426E+01	 5.36900E+01	 2.55383E+01	 6.10686E+01	 2.22100E+01	 3.64237E+01	 3.79009E+01	 4.63504E+01	 4.74457E+01	 4.11545E+01	 1.77952E+01	 5.00000E+01
 6.30106E+01	 5.37390E+01	 2.54178E+01	 6.10613E+01	 2.22100E+01	 3.66016E+01	 3.79148E+01	 4.63472E+01	 4.74457E+01	 4.11965E+01	 1.75528E+01	 5.00000E+01
 6.29749E+01	 5.37597E+01	 2.53441E+01	 6.09854E+01	 2.22100E+01	 3.68873E+01	 3.79125E+01	 4.63526E+01	 4.74457E+01	 4.11221E+01	 1.81428E+01	 5.00000E+01
 6.30084E+01	 5.37218E+01	 2.56860E+01	 6.09944E+01	 2.22100E+01	 3.68310E+01	 3.79354E+01	 4.63542E+01	 4.74457E+01	 4.11522E+01	 1.77221E+01	 5.00000E+01
 6.30000E+01	 5.37290E+01	 2.56237E+01	 6.10931E+01	 2.22100E+01	 3.69844E+01	 3.79436E+01	 4.63472E+01	 4.74457E+01	 4.11586E+01	 1.81194E+01	 5.00000E+01
 6.29878E+01	 5.37531E+01	 2.50538E+01	 6.10482E+01	 2.22100E+01	 3.73315E+01	 3.79332E+01	 4.63616E+01	 4.74457E+01	 4.11631E+01	 1.80753E+01	 5.00000E+01
 6.30017E+01	 5.37117E+01	 2.45861E+01	 6.11810E+01	 2.22100E+01	 3.78753E+01	 3.79334E+01	 4.63522E+01	 4.74457E+01	 4.11927E+01	 1.77774E+01	 5.00000E+01
 6.29267E+01	 5.38238E+01	 2.46449E+01	 6.11054E+01	 2.22100E+01	 3.83839E+01	 3.79328E+01	 4.63522E+01	 4.74457E+01	 4.11378E+01	 1.73062E+01	 5.00000E+01
 6.28518E+01	 5.39081E+01	 2.52239E+01	 6.10031E+01	 2.22100E+01	 3.89061E+01	 3.79487E+01	 4.63764E+01	 4.74457E+01	 4.10377E+01	 1.81120E+01	 5.00000E+01
 6.29425E+01	 5.37678E+01	 2.48868E+01	 6.11631E+01	 2.22100E+01	 3.87673E+01	 3.79226E+01	 4.63750E+01	 4.74457E+01	 4.11233E+01	 1.76328E+01	 5.00000E+01
 6.29165E+01	 5.37919E+01	 2.50142E+01	 6.10679E+01	 2.22100E+01	 3.90205E+01	 3.79107E+01	 4.63758E+01	 4.74457E+01	 4.11201E+01	 1.76822E+01	 5.00000E+01
 6.28775E+01	 5.38487E+01	 2.51702E+01	 6.10058E+01	 2.22100E+01	 3.88005E+01	 3.79340E+01	 4.63620E+01	 4.74457E+01	 4.10835E+01	 1.82444E+01	 5.00000E+01
 6.28133E+01	 5.39401E+01	 2.50581E+01	 6.09856E+01	 2.22100E+01	 3.81508E+01	 3.79388E+01	 4.63856E+01	 4.74457E+01	 4.10347E+01	 1.79661E+01	 5.00000E+01
 6.27627E+01	 5.39805E+01	 2.42638E+01	 6.11325E+01	 2.22100E+01	 3.75438E+01	 3.79528E+01	 4.63842E+01	 4.74457E+01	 4.10323E+01	 1.78202E+01	 5.00000E+01
 6.27332E+01	 5.39964E+01	 2.41698E+01	 6.11645E+01	 2.22100E+01	 3.81859E+01	 3.79307E+01	 4.63923E+01	 4.74457E+01	 4.10734E+01	 1.77018E+01	 5.00000E+01
 6.28323E+01	 5.38299E+01	 2.44069E+01	 6.09983E+01	 2.22100E+01	 3.86962E+01	 3.79294E+01	 4.63760E+01	 4.74457E+01	 4.10191E+01	 1.79112E+01	 5.00000E+01
 6.28535E+01	 5.38296E+01	 2.48462E+01	 6.10355E+01	 2.22100E+01	 3.80345E+01	 3.79266E+01	 4.63847E+01	 4.74457E+01	 4.10445E+01	 1.75566E+01	 5.00000E+01
 6.28441E+01	 5.38525E+01	 2.48064E+01	 6.10240E+01	 2.22100E+01	 3.73925E+01	 3.79502E+01	 4.63819E+01	 4.74457E+01	 4.10275E+01	 1.79229E+01	 5.00000E+01
 6.29075E+01	 5.37804E+01	 2.42868E+01	 6.10358E+01	 2.22100E+01	 3.70576E+01	 3.79485E+01	 4.63829E+01	 4.74457E+01	 4.10694E+01	 1.77154E+01	 5.00000E+01
 6.29599E+01	 5.37338E+01	 2.43803E+01	 6.11642E+01	 2.22100E+01	 3.67557E+01	 3.79474E+01	 4.64004E+01	 4.74457E+01	 4.10846E+01	 1.71858E+01	 5.00000E+01
 6.29891E+01	 5.37021E+01	 2.51136E+01	 6.09822E+01	 2.22100E+01	 3.71047E+01	 3.79733E+01	 4.63830E+01	 4.74457E+01	 4.11478E+01	 1.76795E+01	 5.00000E+01
 6.30626E+01	 5.36142E+01	 2.42779E+01	 6.11134E+01	 2.22100E+01	 3.73378E+01	 3.79626E+01	 4.63900E+01	 4.74457E+01	 4.11628E+01	 1.74946E+01	 5.00000E+01
 6.30102E+01	 5.36972E+01	 2.42872E+01	 6.10642E+01	 2.22100E+01	 3.70011E+01	 3.79848E+01	 4.64053E+01	 4.74457E+01	 4.10663E+01	 1.79182E+01	 5.00000E+01
 6.29650E+01	 5.37591E+01	 2.42155E+01	 6.11158E+01	 2.22100E+01	 3.67243E+01	 3.79779E+01	 4.64074E+01	 4.74457E+01	 4.10923E+01	 1.76964E+01	 5.00000E+01
 6.28619E+01	 5.38746E+01	 2.41087E+01	 6.12319E+01	 2.22100E+01	 3.74064E+01	 3.79913E+01	 4.64196E+01	 4.74457E+01	 4.10892E+01	 1.78867E+01	 5.00000E+01
 6.28975E+01	 5.37668E+01	 2.38101E+01	 6.11789E+01	 2.22100E+01	 3.91514E+01	 3.79806E+01	 4.64086E+01	 4.74457E+01	 4.10443E+01	 1.80498E+01	 5.00000E+01
 6.29723E+01	 5.36846E+01	 2.38511E+01	 6.11634E+01	 2.22100E+01	 4.03217E+01	 3.79727E+01	 4.64184E+01	 4.74457E+01	 4.10714E+01	 1.81500E+01	 5.00000E+01
 6.29479E+01	 5.37357E+01	 2.32396E+01	 6.12142E+01	 2.22100E+01	 4.07225E+01	 3.79991E+01	 4.64212E+01	 4.74457E+01	 4.10448E+01	 1.77673E+01	 5.00000E+01
 6.29406E+01	 5.37216E+01	 2.41194E+01	 6.10089E+01	 2.22100E+01	 4.08522E+01	 3.79672E+01	 4.64091E+01	 4.74457E+01	 4.09725E+01	 1.79177E+01	 5.00000E+01
 6.29620E+01	 5.37064E+01	 2.34092E+01	 6.12302E+01	 2.22100E+01	 4.00602E+01	 3.79673E+01	 4.64339E+01	 4.74457E+01	 4.10013E+01	 1.79510E+01	 5.00000E+01
 6.28313E+01	 5.38781E+01	 2.38194E+01	 6.09886E+01	 2.22100E+01	 3.95691E+01	 3.79794E+01	 4.64327E+01	 4.74457E+01	 4.09509E+01	 1.78204E+01	 5.00000E+01
 6.28190E+01	 5.38659E+01	 2.37447E+01	 6.12444E+01	 2.22100E+01	 3.90963E+01	 3.80053E+01	 4.64341E+01	 4.74457E+01	 4.09884E+01	 1.77127E+01	 5.00000E+01
 6.28165E+01	 5.38477E+01	 2.36000E+01	 6.10946E+01	 2.22100E+01	 4.00832E+01	 3.79814E+01	 4.64318E+01	 4.74457E+01	 4.09888E+01	 1.77468E+01	 5.00000E+01
 6.28964E+01	 5.37461E+01	 2.37433E+01	 6.10908E+01	 2.22100E+01	 4.08542E+01	 3.79725E+01	 4.64247E+01	 4.74457E+01	 4.10277E+01	 1.80103E+01	 5.00000E+01
 6.29542E+01	 5.36899E+01	 2.42331E+01	 6.12413E+01	 2.22100E+01	 4.10018E+01	 3.79789E+01	 4.64285E+01	 4.74457E+01	 4.10282E+01	 1.73770E+01	 5.00000E+01
 6.29939E+01	 5.36575E+01	 2.38179E+01	 6.12146E+01	 2.22100E+01	 4.11112E+01	 3.79837E+01	 4.64082E+01	 4.74457E+01	 4.10535E+01	 1.75456E+01	 5.00000E+01
 6.30478E+01	 5.36292E+01	 2.35363E+01	 6.12478E+01	 2.22100E+01	 4.12729E+01	 3.79774E+01	 4.64076E+01	 4.74457E+01	 4.10669E+01	 1.79358E+01	 5.00000E+01
 6.30031E+01	 5.36877E+01	 2.41085E+01	 6.11438E+01	 2.22100E+01	 4.09250E+01	 3.79904E+01	 4.64125E+01	 4.74457E+01	 4.10023E+01	 1.84231E+01	 5.00000E+01
 6.29565E+01	 5.37234E+01	 2.41459E+01	 6.10356E+01	 2.22100E+01	 4.04069E+01	 3.79608E+01	 4.64176E+01	 4.74457E+01	 4.09789E+01	 1.79739E+01	 5.00000E+01
 6.28293E+01	 5.38721E+01	 2.39509E+01	 6.12303E+01	 2.22100E+01	 3.98990E+01	 3.79919E+01	 4.64304E+01	 4.74457E+01	 4.10535E+01	 1.84695E+01	 5.00000E+01
 6.27632E+01	 5.39325E+01	 2.40941E+01	 6.11798E+01	 2.22100E+01	 4.03679E+01	 3.79927E+01	 4.64223E+01	 4.74457E+01	 4.09435E+01	 1.78215E+01	 5.00000E+01
 6.27361E+01	 5.39524E+01	 2.41581E+01	 6.11802E+01	 2.22100E+01	 4.14379E+01	 3.80101E+01	 4.64239E+01	 4.74457E+01	 4.09554E+01	 1.80292E+01	 5.00000E+01
 6.28903E+01	 5.37664E+01	 2.43250E+01	 6.11220E+01	 2.22100E+01	 4.25299E+01	 3.79960E+01	 4.64361E+01	 4.74457E+01	 4.10475E+01	 1.81196E+01	 5.00000E+01
 6.28407E+01	 5.38439E+01	 2.48582E+01	 6.10303E+01	 2.22100E+01	 4.24183E+01	 3.79872E+01	 4.64326E+01	 4.74457E+01	 4.09045E+01	 1.77385E+01	 5.00000E+01
 6.27879E+01	 5.39246E+01	 2.41233E+01	 6.12360E+01	 2.22100E+01	 4.12211E+01	 3.79954E+01	 4.64318E+01	 4.74457E+01	 4.09496E+01	 1.76056E+01	 5.00000E+01
 6.28784E+01	 5.37733E+01	 2.47772E+01	 6.09806E+01	 2.22100E+01	 4.07719E+01	 3.80009E+01	 4.64273E+01	 4.74457E+01	 4.09704E+01	 1.81292E+01	 5.00000E+01
 6.28963E+01	 5.37529E+01	 2.45688E+01	 6.11046E+01	 2.22100E+01	 3.98904E+01	 3.80076E+01	 4.64070E+01	 4.74457E+01	 4.10143E+01	 1.77897E+01	 5.00000E+01
 6.29092E+01	 5.37633E+01	 2.44947E+01	 6.10824E+01	 2.22100E+01	 3.91816E+01	 3.80105E+01	 4.64193E+01	 4.74457E+01	 4.10181E+01	 1.84690E+01	 5.00000E+01
 6.29030E+01	 5.37710E+01	 2.40824E+01	 6.11995E+01	 2.22100E+01	 3.87680E+01	 3.79871E+01	 4.64095E+01	 4.74457E+01	 4.10282E+01	 1.82647E+01	 5.00000E+01
 6.28891E+01	 5.37946E+01	 2.39666E+01	 6.11130E+01	 2.22100E+01	 3.92076E+01	 3.79959E+01	 4.64085E+01	 4.74457E+01	 4.09940E+01	 1.80627E+01	 5.00000E+01
 6.28922E+01	 5.38091E+01	 2.43509E+01	 6.11108E+01	 2.22100E+01	 3.94508E+01	 3.79877E+01	 4.64169E+01	 4.74457E+01	 4.10402E+01	 1.79873E+01	 5.00000E+01
 6.29031E+01	 5.37884E+01	 2.42587E+01	 6.10482E+01	 2.22100E+01	 3.97284E+01	 3.80192E+01	 4.64190E+01	 4.74457E+01	 4.10066E+01	 1.81858E+01	 5.00000E+01
 6.28911E+01	 5.37952E+01	 2.41231E+01	 6.11361E+01	 2.22100E+01	 3.97441E+01	 3.80220E+01	 4.64177E+01	 4.74457E+01	 4.09503E+01	 1.77651E+01	 5.00000E+01
 6.28820E+01	 5.38342E+01	 2.41990E+01	 6.11602E+01	 2.22100E+01	 3.98488E+01	 3.80290E+01	 4.64248E+01	 4.74457E+01	 4.10189E+01	 1.75547E+01	 5.00000E+01
 6.28944E+01	 5.37864E+01	 2.42938E+01	 6.11187E+01	 2.22100E+01	 4.01836E+01	 3.80270E+01	 4.64084E+01	 4.74457E+01	 4.10120E+01	 1.85598E+01	 5.00000E+01
 6.28134E+01	 5.39104E+01	 2.47355E+01	 6.10719E+01	 2.22100E+01	 4.04059E+01	 3.80232E+01	 4.64215E+01	 4.74457E+01	 4.10217E+01	 1.87063E+01	 5.00000E+01
 6.27306E+01	 5.39828E+01	 2.46430E+01	 6.10823E+01	 2.22100E+01	 4.06268E+01	 3.80401E+01	 4.64304E+01	 4.74457E+01	 4.09429E+01	 1.80218E+01	 5.00000E+01
 6.27733E+01	 5.39084E+01	 2.52022E+01	 6.10655E+01	 2.22100E+01	 4.07121E+01	 3.80276E+01	 4.64308E+01	 4.74457E+01	 4.09377E+01	 1.84307E+01	 5.00000E+01
 6.27861E+01	 5.39101E+01	 2.49812E+01	 6.11291E+01	 2.22100E+01	 4.05517E+01	 3.80450E+01	 4.64243E+01	 4.74457E+01	 4.10072E+01	 1.79473E+01	 5.00000E+01
 6.27768E+01	 5.39182E+01	 2.47085E+01	 6.10950E+01	 2.22100E+01	 4.06211E+01	 3.80291E+01	 4.64335E+01	 4.74457E+01	 4.10096E+01	 1.79136E+01	 5.00000E+01
 6.27758E+01	 5.39134E+01	 2.48438E+01	 6.10164E+01	 2.22100E+01	 4.03828E+01	 3.80177E+01	 4.64307E+01	 4.74457E+01	 4.09315E+01	 1.83768E+01	 5.00000E+01
 6.28818E+01	 5.37481E+01	 2.46411E+01	 6.11641E+01	 2.22100E+01	 4.00651E+01	 3.80410E+01	 4.64267E+01	 4.74457E+01	 4.10153E+01	 1.80398E+01	 5.00000E+01
 6.29925E+01	 5.36587E+01	 2.44258E+01	 6.11508E+01	 2.22100E+01	 3.95582E+01	 3.80254E+01	 4.64211E+01	 4.74457E+01	 4.10531E+01	 1.83705E+01	 5.00000E+01
 6.28049E+01	 5.39272E+01	 2.44627E+01	 6.12005E+01	 2.22100E+01	 3.87334E+01	 3.80225E+01	 4.64275E+01	 4.74457E+01	 4.10335E+01	 1.82880E+01	 5.00000E+01
 6.26831E+01	 5.40324E+01	 2.50381E+01	 6.11104E+01	 2.22100E+01	 3.86929E+01	 3.80230E+01	 4.64168E+01	 4.74457E+01	 4.09550E+01	 1.82397E+01	 5.00000E+01
 6.26213E+01	 5.41001E+01	 2.56411E+01	 6.09810E+01	 2.22100E+01	 3.95033E+01	 3.80279E+01	 4.64097E+01	 4.74457E+01	 4.09308E+01	 1.84407E+01	 5.00000E+01
 6.27536E+01	 5.39228E+01	 2.49231E+01	 6.12189E+01	 2.22100E+01	 4.07333E+01	 3.80425E+01	 4.64213E+01	 4.74457E+01	 4.10405E+01	 1.80299E+01	 5.00000E+01
 6.28021E+01	 5.38789E+01	 2.48975E+01	 6.11673E+01	 2.22100E+01	 4.19511E+01	 3.80386E+01	 4.64079E+01	 4.74457E+01	 4.10201E+01	 1.81674E+01	 5.00000E+01
 6.28273E+01	 5.38696E+01	 2.50221E+01	 6.11855E+01	 2.22100E+01	 4.21480E+01	 3.79953E+01	 4.64259E+01	 4.74457E+01	 4.09911E+01	 1.81496E+01	 5.00000E+01
 6.29013E+01	 5.37714E+01	 2.49305E+01	 6.10380E+01	 2.22100E+01	 4.18774E+01	 3.80252E+01	 4.64136E+01	 4.74457E+01	 4.10336E+01	 1.76216E+01	 5.00000E+01
 6.28438E+01	 5.38766E+01	 2.44418E+01	 6.11467E+01	 2.22100E+01	 4.06968E+01	 3.80300E+01	 4.64227E+01	 4.74457E+01	 4.09786E+01	 1.80256E+01	 5.00000E+01
 6.27635E+01	 5.39525E+01	 2.45118E+01	 6.12525E+01	 2.22100E+01	 3.98134E+01	 3.80081E+01	 4.64242E+01	 4.74457E+01	 4.10541E+01	 1.77484E+01	 5.00000E+01
 6.26852E+01	 5.40326E+01	 2.45348E+01	 6.11405E+01	 2.22100E+01	 3.99609E+01	 3.80065E+01	 4.64318E+01	 4.74457E+01	 4.09698E+01	 1.79836E+01	 5.00000E+01
 6.27906E+01	 5.38277E+01	 2.50300E+01	 6.10999E+01	 2.22100E+01	 4.02962E+01	 3.80192E+01	 4.64260E+01	 4.74457E+01	 4.09575E+01	 1.78273E+01	 5.00000E+01
 6.29215E+01	 5.36905E+01	 2.41116E+01	 6.12017E+01	 2.22100E+01	 4.03529E+01	 3.80001E+01	 4.64242E+01	 4.74457E+01	 4.11099E+01	 1.80914E+01	 5.00000E+01
 6.28635E+01	 5.38312E+01	 2.42160E+01	 6.10725E+01	 2.22100E+01	 3.97241E+01	 3.79965E+01	 4.64238E+01	 4.74457E+01	 4.10538E+01	 1.78590E+01	 5.00000E+01
 6.28556E+01	 5.38176E+01	 2.46007E+01	 6.12094E+01	 2.22100E+01	 3.90266E+01	 3.79843E+01	 4.64336E+01	 4.74457E+01	 4.10355E+01	 1.78039E+01	 5.00000E+01
 6.28486E+01	 5.38147E+01	 2.48905E+01	 6.10651E+01	 2.22100E+01	 3.90438E+01	 3.79833E+01	 4.64229E+01	 4.74457E+01	 4.10554E+01	 1.78885E+01	 5.00000E+01
 6.28585E+01	 5.38155E+01	 2.44325E+01	 6.11204E+01	 2.22100E+01	 3.90182E+01	 3.79982E+01	 4.64170E+01	 4.74457E+01	 4.10738E+01	 1.77586E+01	 5.00000E+01
 6.28429E+01	 5.38315E+01	 2.41887E+01	 6.11465E+01	 2.22100E+01	 3.90235E+01	 3.79887E+01	 4.64198E+01	 4.74457E+01	 4.10521E+01	 1.83351E+01	 5.00000E+01
 6.28254E+01	 5.38636E+01	 2.44791E+01	 6.10307E+01	 2.22100E+01	 3.91047E+01	 3.79863E+01	 4.64316E+01	 4.74457E+01	 4.09937E+01	 1.80209E+01	 5.00000E+01
 6.29203E+01	 5.37403E+01	 2.47306E+01	 6.10942E+01	 2.22100E+01	 3.92191E+01	 3.79999E+01	 4.64258E+01	 4.74457E+01	 4.10577E+01	 1.80076E+01	 5.00000E+01
 6.28469E+01	 5.38589E+01	 2.48453E+01	 6.11390E+01	 2.22100E+01	 3.91945E+01	 3.79977E+01	 4.64249E+01	 4.74457E+01	 4.10673E+01	 1.77368E+01	 5.00000E+01
 6.27595E+01	 5.39608E+01	 2.46985E+01	 6.11434E+01	 2.22100E+01	 3.94661E+01	 3.80045E+01	 4.64232E+01	 4.74457E+01	 4.10486E+01	 1.85065E+01	 5.00000E+01
 6.29322E+01	 5.37135E+01	 2.47961E+01	 6.11549E+01	 2.22100E+01	 4.02050E+01	 3.80149E+01	 4.64285E+01	 4.74457E+01	 4.10765E+01	 1.78208E+01	 5.00000E+01
 6.29370E+01	 5.37495E+01	 2.54782E+01	 6.10758E+01	 2.22100E+01	 4.05441E+01	 3.79904E+01	 4.64182E+01	 4.74457E+01	 4.10629E+01	 1.75181E+01	 5.00000E+01
 6.29228E+01	 5.38055E+01	 2.60281E+01	 6.09166E+01	 2.22100E+01	 4.00199E+01	 3.80032E+01	 4.64311E+01	 4.74457E+01	 4.10069E+01	 1.77402E+01	 5.00000E+01
 6.29527E+01	 5.37351E+01	 2.52443E+01	 6.12633E+01	 2.22100E+01	 3.90342E+01	 3.79922E+01	 4.64419E+01	 4.74457E+01	 4.11189E+01	 1.75527E+01	 5.00000E+01
 6.28557E+01	 5.38552E+01	 2.51011E+01	 6.10634E+01	 2.22100E+01	 3.87611E+01	 3.80102E+01	 4.64240E+01	 4.74457E+01	 4.10140E+01	 1.76733E+01	 5.00000E+01
 6.27729E+01	 5.39681E+01	 2.53296E+01	 6.11220E+01	 2.22100E+01	 3.87445E+01	 3.79866E+01	 4.64257E+01	 4.74457E+01	 4.10396E+01	 1.83540E+01	 5.00000E+01
 6.27237E+01	 5.39971E+01	 2.54382E+01	 6.10335E+01	 2.22100E+01	 3.93903E+01	 3.79825E+01	 4.64344E+01	 4.74457E+01	 4.10610E+01	 1.79978E+01	 5.00000E+01
 6.27181E+01	 5.39834E+01	 2.50474E+01	 6.11347E+01	 2.22100E+01	 4.00643E+01	 3.80013E+01	 4.64202E+01	 4.74457E+01	 4.10285E+01	 1.75076E+01	 5.00000E+01
 6.27334E+01	 5.39621E+01	 2.52594E+01	 6.11428E+01	 2.22100E+01	 4.07891E+01	 3.80023E+01	 4.64179E+01	 4.74457E+01	 4.10446E+01	 1.76788E+01	 5.00000E+01
 6.27374E+01	 5.39534E+01	 2.46413E+01	 6.11623E+01	 2.22100E+01	 4.17837E+01	 3.79905E+01	 4.64220E+01	 4.74457E+01	 4.10303E+01	 1.80953E+01	 5.00000E+01
 6.28365E+01	 5.37968E+01	 2.43360E+01	 6.10410E+01	 2.22100E+01	 4.19495E+01	 3.79758E+01	 4.64146E+01	 4.74457E+01	 4.10126E+01	 1.78027E+01	 5.00000E+01
 6.29437E+01	 5.36977E+01	 2.44973E+01	 6.12596E+01	 2.22100E+01	 4.10260E+01	 3.79752E+01	 4.64177E+01	 4.74457E+01	 4.11142E+01	 1.81092E+01	 5.00000E+01
 6.31104E+01	 5.35305E+01	 2.48561E+01	 6.11764E+01	 2.22100E+01	 3.98110E+01	 3.79710E+01	 4.64089E+01	 4.74457E+01	 4.11682E+01	 1.82436E+01	 5.00000E+01
 6.31449E+01	 5.35278E+01	 2.46398E+01	 6.12345E+01	 2.22100E+01	 3.84670E+01	 3.79368E+01	 4.64123E+01	 4.74457E+01	 4.12400E+01	 1.82651E+01	 5.00000E+01
 6.31339E+01	 5.35418E+01	 2.44809E+01	 6.11150E+01	 2.22100E+01	 3.75190E+01	 3.79786E+01	 4.64073E+01	 4.74457E+01	 4.12184E+01	 1.80726E+01	 5.00000E+01
 6.30314E+01	 5.36884E+01	 2.41648E+01	 6.11876E+01	 2.22100E+01	 3.67901E+01	 3.79716E+01	 4.64195E+01	 4.74457E+01	 4.11653E+01	 1.79340E+01	 5.00000E+01
 6.29345E+01	 5.37925E+01	 2.39524E+01	 6.12108E+01	 2.22100E+01	 3.71344E+01	 3.79574E+01	 4.64190E+01	 4.74457E+01	 4.11389E+01	 1.77163E+01	 5.00000E+01
 6.28726E+01	 5.38406E+01	 2.37601E+01	 6.11588E+01	 2.22100E+01	 3.82589E+01	 3.79812E+01	 4.64286E+01	 4.74457E+01	 4.10726E+01	 1.74288E+01	 5.00000E+01
 6.28899E+01	 5.37827E+01	 2.40137E+01	 6.10425E+01	 2.22100E+01	 4.00272E+01	 3.79686E+01	 4.64195E+01	 4.74457E+01	 4.10127E+01	 1.82232E+01	 5.00000E+01
 6.28905E+01	 5.37875E+01	 2.44807E+01	 6.10794E+01	 2.22100E+01	 4.04742E+01	 3.79524E+01	 4.64166E+01	 4.74457E+01	 4.10117E+01	 1.76958E+01	 5.00000E+01
 6.28834E+01	 5.38160E+01	 2.44960E+01	 6.12024E+01	 2.22100E+01	 4.07447E+01	 3.79731E+01	 4.64304E+01	 4.74457E+01	 4.10643E+01	 1.80129E+01	 5.00000E+01
 6.29354E+01	 5.37181E+01	 2.44229E+01	 6.09912E+01	 2.22100E+01	 4.14339E+01	 3.79497E+01	 4.64017E+01	 4.74457E+01	 4.10684E+01	 1.77215E+01	 5.00000E+01
 6.30458E+01	 5.35975E+01	 2.44793E+01	 6.11418E+01	 2.22100E+01	 4.09422E+01	 3.79325E+01	 4.64280E+01	 4.74457E+01	 4.10763E+01	 1.79163E+01	 5.00000E+01
 6.31261E+01	 5.35178E+01	 2.45622E+01	 6.10324E+01	 2.22100E+01	 4.00431E+01	 3.79525E+01	 4.64175E+01	 4.74457E+01	 4.10935E+01	 1.75456E+01	 5.00000E+01
 6.29749E+01	 5.37471E+01	 2.39759E+01	 6.11440E+01	 2.22100E+01	 3.87602E+01	 3.79666E+01	 4.64133E+01	 4.74457E+01	 4.10495E+01	 1.77921E+01	 5.00000E+01
 6.29141E+01	 5.38138E+01	 2.38044E+01	 6.12632E+01	 2.22100E+01	 3.86706E+01	 3.79652E+01	 4.64272E+01	 4.74457E+01	 4.10734E+01	 1.82460E+01	 5.00000E+01
 6.28700E+01	 5.38298E+01	 2.39743E+01	 6.11960E+01	 2.22100E+01	 3.98433E+01	 3.79558E+01	 4.64190E+01	 4.74457E+01	 4.10738E+01	 1.77418E+01	 5.00000E+01
 6.29641E+01	 5.37022E+01	 2.38573E+01	 6.11542E+01	 2.22100E+01	 4.12719E+01	 3.79550E+01	 4.64166E+01	 4.74457E+01	 4.10453E+01	 1.79986E+01	 5.00000E+01
 6.29371E+01	 5.37728E+01	 2.37337E+01	 6.11427E+01	 2.22100E+01	 4.18652E+01	 3.79664E+01	 4.64096E+01	 4.74457E+01	 4.10250E+01	 1.74836E+01	 5.00000E+01
 6.28716E+01	 5.38173E+01	 2.36630E+01	 6.11729E+01	 2.22100E+01	 4.17136E+01	 3.79673E+01	 4.64101E+01	 4.74457E+01	 4.10200E+01	 1.79637E+01	 5.00000E+01
 6.29118E+01	 5.37636E+01	 2.36528E+01	 6.11278E+01	 2.22100E+01	 4.18851E+01	 3.79640E+01	 4.63997E+01	 4.74457E+01	 4.09933E+01	 1.75621E+01	 5.00000E+01
 6.28732E+01	 5.38497E+01	 2.35093E+01	 6.12745E+01	 2.22100E+01	 4.21318E+01	 3.79606E+01	 4.64066E+01	 4.74457E+01	 4.10286E+01	 1.78972E+01	 5.00000E+01
 6.28036E+01	 5.39241E+01	 2.44491E+01	 6.10471E+01	 2.22100E+01	 4.24815E+01	 3.79339E+01	 4.64002E+01	 4.74457E+01	 4.09899E+01	 1.79862E+01	 5.00000E+01
 6.28464E+01	 5.38408E+01	 2.45739E+01	 6.11324E+01	 2.22100E+01	 4.23508E+01	 3.79442E+01	 4.64045E+01	 4.74457E+01	 4.09819E+01	 1.80740E+01	 5.00000E+01
 6.28428E+01	 5.38610E+01	 2.45799E+01	 6.11885E+01	 2.22100E+01	 4.23180E+01	 3.79514E+01	 4.64010E+01	 4.74457E+01	 4.10349E+01	 1.80750E+01	 5.00000E+01
 6.28206E+01	 5.38791E+01	 2.40281E+01	 6.11382E+01	 2.22100E+01	 4.23328E+01	 3.79391E+01	 4.63941E+01	 4.74457E+01	 4.09701E+01	 1.81234E+01	 5.00000E+01
 6.27917E+01	 5.39142E+01	 2.41536E+01	 6.11230E+01	 2.22100E+01	 4.19940E+01	 3.79529E+01	 4.64004E+01	 4.74457E+01	 4.09990E+01	 1.81044E+01	 5.00000E+01
 6.28216E+01	 5.38932E+01	 2.43572E+01	 6.11840E+01	 2.22100E+01	 4.15829E+01	 3.79516E+01	 4.63949E+01	 4.74457E+01	 4.10144E+01	 1.77279E+01	 5.00000E+01
 6.28480E+01	 5.38765E+01	 2.48094E+01	 6.09308E+01	 2.22100E+01	 4.13152E+01	 3.79246E+01	 4.63783E+01	 4.74457E+01	 4.10012E+01	 1.77755E+01	 5.00000E+01
 6.28332E+01	 5.39035E+01	 2.45964E+01	 6.10714E+01	 2.22100E+01	 4.07299E+01	 3.79670E+01	 4.63855E+01	 4.74457E+01	 4.10388E+01	 1.80372E+01	 5.00000E+01
 6.28464E+01	 5.38840E+01	 2.44811E+01	 6.12552E+01	 2.22100E+01	 4.04134E+01	 3.79730E+01	 4.63881E+01	 4.74457E+01	 4.10609E+01	 1.78820E+01	 5.00000E+01
 6.28636E+01	 5.38607E+01	 2.51889E+01	 6.09603E+01	 2.22100E+01	 4.07719E+01	 3.79759E+01	 4.63971E+01	 4.74457E+01	 4.10128E+01	 1.78957E+01	 5.00000E+01
 6.29671E+01	 5.37422E+01	 2.48190E+01	 6.10788E+01	 2.22100E+01	 4.02867E+01	 3.79587E+01	 4.63791E+01	 4.74457E+01	 4.10300E+01	 1.84576E+01	 5.00000E+01
 6.29296E+01	 5.38260E+01	 2.43939E+01	 6.10597E+01	 2.22100E+01	 3.95536E+01	 3.79688E+01	 4.63893E+01	 4.74457E+01	 4.10120E+01	 1.81442E+01	 5.00000E+01
 6.28806E+01	 5.38861E+01	 2.40654E+01	 6.13287E+01	 2.22100E+01	 3.85416E+01	 3.79967E+01	 4.63783E+01	 4.74457E+01	 4.10225E+01	 1.79679E+01	 5.00000E+01
 6.29300E+01	 5.38008E+01	 2.49203E+01	 6.09513E+01	 2.22100E+01	 3.88690E+01	 3.79861E+01	 4.63764E+01	 4.74457E+01	 4.10561E+01	 1.76322E+01	 5.00000E+01
 6.28662E+01	 5.39245E+01	 2.50300E+01	 6.11673E+01	 2.22100E+01	 3.85545E+01	 3.79967E+01	 4.63927E+01	 4.74457E+01	 4.11107E+01	 1.75777E+01	 5.00000E+01
 6.27791E+01	 5.40124E+01	 2.48727E+01	 6.11450E+01	 2.22100E+01	 3.93315E+01	 3.80009E+01	 4.63944E+01	 4.74457E+01	 4.10495E+01	 1.77765E+01	 5.00000E+01
 6.28457E+01	 5.38956E+01	 2.49575E+01	 6.11753E+01	 2.22100E+01	 4.01162E+01	 3.79892E+01	 4.63890E+01	 4.74457E+01	 4.10470E+01	 1.82104E+01	 5.00000E+01
 6.28910E+01	 5.38270E+01	 2.52345E+01	 6.11569E+01	 2.22100E+01	 4.03706E+01	 3.80096E+01	 4.63849E+01	 4.74457E+01	 4.10110E+01	 1.78909E+01	 5.00000E+01
 6.29267E+01	 5.37953E+01	 2.51680E+01	 6.09823E+01	 2.22100E+01	 4.01193E+01	 3.80240E+01	 4.63924E+01	 4.74457E+01	 4.10657E+01	 1.75167E+01	 5.00000E+01
 6.29628E+01	 5.37754E+01	 2.54381E+01	 6.11077E+01	 2.22100E+01	 3.91424E+01	 3.80054E+01	 4.63881E+01	 4.74457E+01	 4.10941E+01	 1.82518E+01	 5.00000E+01
 6.29140E+01	 5.38417E+01	 2.52538E+01	 6.10164E+01	 2.22100E+01	 3.82047E+01	 3.80135E+01	 4.63794E+01	 4.74457E+01	 4.10652E+01	 1.83508E+01	 5.00000E+01
 6.28698E+01	 5.38958E+01	 2.54038E+01	 6.11709E+01	 2.22100E+01	 3.73543E+01	 3.80080E+01	 4.63918E+01	 4.74457E+01	 4.10709E+01	 1.84815E+01	 5.00000E+01
 6.29165E+01	 5.38362E+01	 2.52583E+01	 6.11866E+01	 2.22100E+01	 3.77017E+01	 3.80121E+01	 4.63933E+01	 4.74457E+01	 4.11313E+01	 1.81209E+01	 5.00000E+01
 6.29005E+01	 5.38673E+01	 2.52668E+01	 6.10741E+01	 2.22100E+01	 3.82586E+01	 3.79844E+01	 4.63964E+01	 4.74457E+01	 4.10754E+01	 1.79967E+01	 5.00000E+01
 6.28756E+01	 5.39017E+01	 2.49243E+01	 6.10616E+01	 2.22100E+01	 3.82688E+01	 3.80320E+01	 4.64021E+01	 4.74457E+01	 4.10611E+01	 1.78653E+01	 5.00000E+01
 6.29331E+01	 5.37872E+01	 2.50969E+01	 6.11875E+01	 2.22100E+01	 3.81218E+01	 3.80057E+01	 4.63967E+01	 4.74457E+01	 4.11128E+01	 1.76523E+01	 5.00000E+01
 6.29004E+01	 5.38715E+01	 2.46672E+01	 6.11664E+01	 2.22100E+01	 3.83527E+01	 3.80065E+01	 4.64097E+01	 4.74457E+01	 4.11017E+01	 1.76762E+01	 5.00000E+01
 6.28463E+01	 5.39461E+01	 2.45416E+01	 6.11017E+01	 2.22100E+01	 3.86041E+01	 3.80107E+01	 4.64246E+01	 4.74457E+01	 4.10747E+01	 1.75600E+01	 5.00000E+01
 6.28109E+01	 5.39559E+01	 2.49871E+01	 6.12258E+01	 2.22100E+01	 3.88764E+01	 3.79994E+01	 4.64069E+01	 4.74457E+01	 4.11219E+01	 1.86137E+01	 5.00000E+01
 6.28946E+01	 5.38298E+01	 2.51041E+01	 6.11815E+01	 2.22100E+01	 3.99238E+01	 3.79945E+01	 4.64105E+01	 4.74457E+01	 4.11251E+01	 1.78503E+01	 5.00000E+01
 6.29721E+01	 5.37542E+01	 2.52647E+01	 6.10792E+01	 2.22100E+01	 4.04532E+01	 3.80001E+01	 4.63971E+01	 4.74457E+01	 4.11062E+01	 1.76683E+01	 5.00000E+01
 6.30911E+01	 5.36214E+01	 2.48856E+01	 6.10455E+01	 2.22100E+01	 3.95644E+01	 3.79910E+01	 4.64136E+01	 4.74457E+01	 4.11307E+01	 1.79473E+01	 5.00000E+01
 6.30466E+01	 5.37268E+01	 2.50846E+01	 6.11896E+01	 2.22100E+01	 3.76817E+01	 3.79708E+01	 4.64138E+01	 4.74457E+01	 4.11811E+01	 1.79193E+01	 5.00000E+01
 6.29482E+01	 5.38152E+01	 2.43587E+01	 6.12460E+01	 2.22100E+01	 3.70326E+01	 3.79978E+01	 4.64091E+01	 4.74457E+01	 4.11788E+01	 1.79666E+01	 5.00000E+01
 6.30086E+01	 5.37403E+01	 2.41197E+01	 6.10208E+01	 2.22100E+01	 3.73357E+01	 3.79984E+01	 4.64134E+01	 4.74457E+01	 4.11317E+01	 1.84562E+01	 5.00000E+01
 6.30103E+01	 5.37401E+01	 2.44311E+01	 6.11571E+01	 2.22100E+01	 3.69605E+01	 3.79894E+01	 4.64202E+01	 4.74457E+01	 4.11239E+01	 1.79689E+01	 5.00000E+01
 6.29953E+01	 5.37360E+01	 2.44949E+01	 6.10864E+01	 2.22100E+01	 3.71068E+01	 3.79816E+01	 4.64228E+01	 4.74457E+01	 4.11489E+01	 1.79147E+01	 5.00000E+01
 6.28540E+01	 5.39115E+01	 2.45190E+01	 6.11259E+01	 2.22100E+01	 3.74163E+01	 3.80086E+01	 4.64205E+01	 4.74457E+01	 4.11346E+01	 1.77892E+01	 5.00000E+01
 6.28196E+01	 5.39278E+01	 2.39180E+01	 6.12364E+01	 2.22100E+01	 3.87651E+01	 3.80118E+01	 4.64191E+01	 4.74457E+01	 4.10736E+01	 1.86896E+01	 5.00000E+01
 6.28228E+01	 5.39158E+01	 2.39270E+01	 6.12286E+01	 2.22100E+01	 4.07545E+01	 3.80046E+01	 4.64171E+01	 4.74457E+01	 4.10289E+01	 1.79576E+01	 5.00000E+01
 6.29097E+01	 5.37957E+01	 2.38470E+01	 6.11965E+01	 2.22100E+01	 4.21286E+01	 3.79835E+01	 4.64216E+01	 4.74457E+01	 4.10335E+01	 1.77981E+01	 5.00000E+01
 6.29428E+01	 5.37755E+01	 2.43305E+01	 6.11416E+01	 2.22100E+01	 4.23141E+01	 3.79869E+01	 4.64269E+01	 4.74457E+01	 4.10568E+01	 1.81452E+01	 5.00000E+01
 6.29427E+01	 5.37821E+01	 2.43222E+01	 6.10810E+01	 2.22100E+01	 4.15404E+01	 3.79897E+01	 4.64173E+01	 4.74457E+01	 4.10333E+01	 1.79600E+01	 5.00000E+01
 6.29326E+01	 5.38095E+01	 2.43667E+01	 6.10660E+01	 2.22100E+01	 4.06727E+01	 3.79736E+01	 4.64317E+01	 4.74457E+01	 4.10198E+01	 1.78281E+01	 5.00000E+01
 6.29438E+01	 5.37549E+01	 2.43834E+01	 6.10477E+01	 2.22100E+01	 3.99282E+01	 3.79814E+01	 4.64147E+01	 4.74457E+01	 4.10391E+01	 1.75064E+01	 5.00000E+01
 6.29745E+01	 5.37443E+01	 2.44420E+01	 6.11473E+01	 2.22100E+01	 3.88354E+01	 3.79655E+01	 4.64220E+01	 4.74457E+01	 4.10969E+01	 1.80787E+01	 5.00000E+01
 6.30119E+01	 5.37021E+01	 2.41971E+01	 6.11354E+01	 2.22100E+01	 3.83729E+01	 3.79756E+01	 4.64240E+01	 4.74457E+01	 4.11236E+01	 1.79139E+01	 5.00000E+01
 6.29646E+01	 5.37798E+01	 2.44088E+01	 6.12180E+01	 2.22100E+01	 3.81392E+01	 3.79848E+01	 4.64240E+01	 4.74457E+01	 4.10615E+01	 1.77620E+01	 5.00000E+01
 6.29002E+01	 5.38442E+01	 2.43474E+01	 6.11871E+01	 2.22100E+01	 3.90080E+01	 3.79574E+01	 4.64244E+01	 4.74457E+01	 4.10625E+01	 1.83301E+01	 5.00000E+01
 6.29795E+01	 5.37323E+01	 2.42647E+01	 6.11656E+01	 2.22100E+01	 3.99702E+01	 3.79843E+01	 4.64238E+01	 4.74457E+01	 4.10887E+01	 1.83133E+01	 5.00000E+01
 6.29722E+01	 5.37650E+01	 2.47324E+01	 6.11559E+01	 2.22100E+01	 4.02644E+01	 3.79924E+01	 4.64216E+01	 4.74457E+01	 4.10664E+01	 1.80361E+01	 5.00000E+01
 6.29444E+01	 5.37760E+01	 2.43945E+01	 6.10717E+01	 2.22100E+01	 4.04050E+01	 3.79887E+01	 4.64180E+01	 4.74457E+01	 4.10387E+01	 1.77333E+01	 5.00000E+01
 6.29004E+01	 5.38400E+01	 2.43451E+01	 6.12518E+01	 2.22100E+01	 4.01630E+01	 3.79936E+01	 4.64318E+01	 4.74457E+01	 4.10135E+01	 1.78710E+01	 5.00000E+01
 6.29119E+01	 5.38117E+01	 2.37533E+01	 6.12553E+01	 2.22100E+01	 4.06649E+01	 3.80051E+01	 4.64283E+01	 4.74457E+01	 4.10322E+01	 1.79350E+01	 5.00000E+01
 6.29197E+01	 5.37948E+01	 2.38636E+01	 6.11903E+01	 2.22100E+01	 4.12488E+01	 3.80015E+01	 4.64124E+01	 4.74457E+01	 4.10094E+01	 1.78165E+01	 5.00000E+01
 6.29682E+01	 5.37646E+01	 2.36021E+01	 6.13796E+01	 2.22100E+01	 4.18366E+01	 3.79874E+01	 4.64169E+01	 4.74457E+01	 4.10864E+01	 1.79966E+01	 5.00000E+01
 6.29743E+01	 5.37598E+01	 2.42055E+01	 6.10407E+01	 2.22100E+01	 4.24240E+01	 3.79889E+01	 4.64099E+01	 4.74457E+01	 4.10219E+01	 1.81996E+01	 5.00000E+01
 6.29686E+01	 5.37599E+01	 2.46329E+01	 6.09911E+01	 2.22100E+01	 4.13805E+01	 3.79833E+01	 4.64178E+01	 4.74457E+01	 4.10039E+01	 1.78314E+01	 5.00000E+01
 6.29715E+01	 5.37664E+01	 2.43655E+01	 6.12001E+01	 2.22100E+01	 4.02543E+01	 3.79885E+01	 4.64293E+01	 4.74457E+01	 4.10704E+01	 1.82679E+01	 5.00000E+01
 6.29948E+01	 5.37368E+01	 2.44500E+01	 6.10408E+01	 2.22100E+01	 3.96977E+01	 3.79803E+01	 4.64209E+01	 4.74457E+01	 4.10431E+01	 1.76740E+01	 5.00000E+01
 6.30057E+01	 5.37296E+01	 2.43714E+01	 6.12908E+01	 2.22100E+01	 3.89358E+01	 3.79885E+01	 4.64196E+01	 4.74457E+01	 4.11180E+01	 1.81989E+01	 5.00000E+01
 6.29233E+01	 5.38164E+01	 2.44383E+01	 6.11828E+01	 2.22100E+01	 3.94931E+01	 3.79865E+01	 4.64203E+01	 4.74457E+01	 4.10592E+01	 1.79040E+01	 5.00000E+01
 6.29773E+01	 5.37305E+01	 2.46883E+01	 6.10490E+01	 2.22100E+01	 4.00295E+01	 3.79884E+01	 4.64075E+01	 4.74457E+01	 4.10414E+01	 1.80362E+01	 5.00000E+01
 6.30452E+01	 5.36618E+01	 2.48435E+01	 6.11167E+01	 2.22100E+01	 3.98438E+01	 3.79894E+01	 4.64195E+01	 4.74457E+01	 4.10690E+01	 1.79065E+01	 5.00000E+01
 6.30338E+01	 5.37174E+01	 2.45504E+01	 6.11193E+01	 2.22100E+01	 3.91986E+01	 3.80137E+01	 4.64272E+01	 4.74457E+01	 4.10738E+01	 1.79365E+01	 5.00000E+01
 6.29990E+01	 5.37380E+01	 2.41213E+01	 6.11495E+01	 2.22100E+01	 3.90180E+01	 3.80075E+01	 4.64075E+01	 4.74457E+01	 4.11091E+01	 1.83841E+01	 5.00000E+01
 6.29859E+01	 5.37601E+01	 2.43553E+01	 6.11548E+01	 2.22100E+01	 3.92856E+01	 3.79804E+01	 4.64198E+01	 4.74457E+01	 4.10551E+01	 1.82190E+01	 5.00000E+01
 6.29333E+01	 5.38370E+01	 2.47032E+01	 6.10349E+01	 2.22100E+01	 3.98732E+01	 3.79973E+01	 4.64128E+01	 4.74457E+01	 4.10494E+01	 1.81559E+01	 5.00000E+01
 6.29807E+01	 5.37614E+01	 2.44897E+01	 6.12406E+01	 2.22100E+01	 4.02808E+01	 3.80266E+01	 4.64251E+01	 4.74457E+01	 4.10696E+01	 1.82360E+01	 5.00000E+01
 6.30311E+01	 5.36797E+01	 2.44728E+01	 6.11691E+01	 2.22100E+01	 4.07473E+01	 3.80270E+01	 4.64285E+01	 4.74457E+01	 4.10602E+01	 1.80445E+01	 5.00000E+01
 6.28916E+01	 5.38826E+01	 2.44452E+01	 6.12600E+01	 2.22100E+01	 4.07581E+01	 3.79958E+01	 4.64212E+01	 4.74457E+01	 4.10489E+01	 1.83608E+01	 5.00000E+01
 6.28819E+01	 5.38490E+01	 2.47614E+01	 6.11251E+01	 2.22100E+01	 4.12505E+01	 3.80017E+01	 4.64105E+01	 4.74457E+01	 4.10485E+01	 1.80202E+01	 5.00000E+01
 6.29213E+01	 5.38143E+01	 2.51970E+01	 6.10233E+01	 2.22100E+01	 4.12303E+01	 3.80072E+01	 4.64392E+01	 4.74457E+01	 4.10190E+01	 1.75259E+01	 5.00000E+01
 6.29608E+01	 5.37599E+01	 2.51993E+01	 6.10546E+01	 2.22100E+01	 4.05694E+01	 3.80120E+01	 4.64395E+01	 4.74457E+01	 4.10727E+01	 1.86457E+01	 5.00000E+01
 6.29550E+01	 5.37885E+01	 2.45273E+01	 6.11084E+01	 2.22100E+01	 3.93665E+01	 3.79954E+01	 4.64445E+01	 4.74457E+01	 4.10796E+01	 1.80946E+01	 5.00000E+01
 6.29376E+01	 5.38119E+01	 2.46514E+01	 6.11401E+01	 2.22100E+01	 3.85914E+01	 3.80119E+01	 4.64268E+01	 4.74457E+01	 4.11072E+01	 1.82085E+01	 5.00000E+01
 6.31171E+01	 5.35655E+01	 2.43538E+01	 6.10766E+01	 2.22100E+01	 3.80131E+01	 3.80062E+01	 4.64384E+01	 4.74457E+01	 4.11406E+01	 1.81468E+01	 5.00000E+01
 6.30892E+01	 5.36743E+01	 2.43235E+01	 6.11641E+01	 2.22100E+01	 3.69433E+01	 3.80139E+01	 4.64283E+01	 4.74457E+01	 4.11329E+01	 1.81782E+01	 5.00000E+01
 6.29971E+01	 5.37851E+01	 2.44405E+01	 6.12321E+01	 2.22100E+01	 3.66605E+01	 3.80092E+01	 4.64371E+01	 4.74457E+01	 4.11329E+01	 1.76114E+01	 5.00000E+01
 6.30179E+01	 5.37214E+01	 2.53474E+01	 6.11534E+01	 2.22100E+01	 3.77073E+01	 3.80173E+01	 4.64182E+01	 4.74457E+01	 4.11256E+01	 1.79409E+01	 5.00000E+01
 6.30619E+01	 5.36928E+01	 2.51976E+01	 6.11557E+01	 2.22100E+01	 3.87701E+01	 3.80199E+01	 4.64319E+01	 4.74457E+01	 4.10967E+01	 1.82490E+01	 5.00000E+01
 6.30826E+01	 5.36551E+01	 2.45559E+01	 6.11694E+01	 2.22100E+01	 3.95008E+01	 3.80214E+01	 4.64352E+01	 4.74457E+01	 4.11044E+01	 1.77622E+01	 5.00000E+01
 6.31066E+01	 5.36256E+01	 2.43739E+01	 6.11881E+01	 2.22100E+01	 4.01663E+01	 3.80156E+01	 4.64204E+01	 4.74457E+01	 4.10935E+01	 1.74276E+01	 5.00000E+01
 6.30627E+01	 5.37015E+01	 2.43668E+01	 6.12620E+01	 2.22100E+01	 4.01244E+01	 3.80451E+01	 4.64258E+01	 4.74457E+01	 4.11244E+01	 1.74821E+01	 5.00000E+01
 6.29996E+01	 5.37457E+01	 2.43639E+01	 6.12272E+01	 2.22100E+01	 4.03245E+01	 3.80217E+01	 4.64277E+01	 4.74457E+01	 4.10417E+01	 1.79312E+01	 5.00000E+01
 6.29513E+01	 5.38003E+01	 2.45672E+01	 6.10455E+01	 2.22100E+01	 4.07140E+01	 3.80228E+01	 4.64315E+01	 4.74457E+01	 4.10148E+01	 1.82749E+01	 5.00000E+01
 6.29486E+01	 5.37903E+01	 2.49942E+01	 6.10365E+01	 2.22100E+01	 4.04469E+01	 3.80179E+01	 4.64354E+01	 4.74457E+01	 4.10287E+01	 1.75731E+01	 5.00000E+01
 6.29584E+01	 5.37601E+01	 2.52303E+01	 6.11044E+01	 2.22100E+01	 3.99631E+01	 3.80023E+01	 4.64455E+01	 4.74457E+01	 4.10825E+01	 1.75628E+01	 5.00000E+01
 6.29949E+01	 5.37216E+01	 2.51372E+01	 6.11038E+01	 2.22100E+01	 3.96822E+01	 3.80022E+01	 4.64393E+01	 4.74457E+01	 4.10499E+01	 1.77721E+01	 5.00000E+01
 6.29580E+01	 5.37852E+01	 2.47183E+01	 6.11339E+01	 2.22100E+01	 3.96065E+01	 3.79984E+01	 4.64361E+01	 4.74457E+01	 4.10661E+01	 1.80493E+01	 5.00000E+01
 6.29115E+01	 5.38158E+01	 2.41300E+01	 6.12208E+01	 2.22100E+01	 3.96055E+01	 3.79866E+01	 4.64357E+01	 4.74457E+01	 4.10670E+01	 1.78829E+01	 5.00000E+01
 6.29436E+01	 5.37701E+01	 2.50740E+01	 6.10672E+01	 2.22100E+01	 3.95845E+01	 3.79971E+01	 4.64312E+01	 4.74457E+01	 4.10515E+01	 1.79470E+01	 5.00000E+01
 6.29046E+01	 5.38326E+01	 2.49677E+01	 6.12002E+01	 2.22100E+01	 3.98512E+01	 3.79938E+01	 4.64273E+01	 4.74457E+01	 4.10623E+01	 1.74201E+01	 5.00000E+01
 6.28603E+01	 5.38949E+01	 2.49209E+01	 6.11189E+01	 2.22100E+01	 4.03953E+01	 3.80008E+01	 4.64446E+01	 4.74457E+01	 4.10179E+01	 1.79826E+01	 5.00000E+01
 6.28674E+01	 5.38642E+01	 2.51641E+01	 6.12505E+01	 2.22100E+01	 4.12485E+01	 3.79898E+01	 4.64185E+01	 4.74457E+01	 4.10755E+01	 1.79623E+01	 5.00000E+01
 6.29504E+01	 5.37452E+01	 2.49859E+01	 6.12172E+01	 2.22100E+01	 4.21245E+01	 3.79935E+01	 4.64361E+01	 4.74457E+01	 4.10651E+01	 1.80647E+01	 5.00000E+01
 6.30209E+01	 5.36628E+01	 2.48932E+01	 6.11583E+01	 2.22100E+01	 4.23260E+01	 3.80043E+01	 4.64269E+01	 4.74457E+01	 4.10532E+01	 1.80025E+01	 5.00000E+01
 6.30213E+01	 5.36984E+01	 2.50118E+01	 6.10505E+01	 2.22100E+01	 4.15198E+01	 3.79820E+01	 4.64242E+01	 4.74457E+01	 4.11231E+01	 1.81949E+01	 5.00000E+01
 6.29403E+01	 5.38325E+01	 2.54138E+01	 6.10304E+01	 2.22100E+01	 3.99995E+01	 3.79697E+01	 4.64322E+01	 4.74457E+01	 4.10686E+01	 1.81547E+01	 5.00000E+01
 6.28553E+01	 5.39107E+01	 2.47990E+01	 6.12542E+01	 2.22100E+01	 3.87892E+01	 3.79837E+01	 4.64344E+01	 4.74457E+01	 4.10906E+01	 1.76060E+01	 5.00000E+01
 6.30271E+01	 5.36729E+01	 2.45151E+01	 6.11366E+01	 2.22100E+01	 3.91318E+01	 3.79770E+01	 4.64313E+01	 4.74457E+01	 4.11343E+01	 1.77145E+01	 5.00000E+01
 6.30631E+01	 5.36644E+01	 2.48328E+01	 6.10707E+01	 2.22100E+01	 3.90540E+01	 3.79688E+01	 4.64425E+01	 4.74457E+01	 4.11838E+01	 1.79798E+01	 5.00000E+01
 6.30611E+01	 5.36641E+01	 2.49890E+01	 6.10879E+01	 2.22100E+01	 3.82526E+01	 3.79773E+01	 4.64352E+01	 4.74457E+01	 4.11554E+01	 1.76021E+01	 5.00000E+01
 6.29654E+01	 5.38087E+01	 2.45092E+01	 6.11294E+01	 2.22100E+01	 3.80000E+01	 3.79794E+01	 4.64295E+01	 4.74457E+01	 4.10752E+01	 1.80844E+01	 5.00000E+01
 6.29602E+01	 5.37908E+01	 2.36227E+01	 6.12537E+01	 2.22100E+01	 3.85211E+01	 3.79930E+01	 4.64260E+01	 4.74457E+01	 4.10572E+01	 1.73824E+01	 5.00000E+01
 6.29902E+01	 5.37581E+01	 2.36289E+01	 6.12289E+01	 2.22100E+01	 3.95980E+01	 3.79854E+01	 4.64325E+01	 4.74457E+01	 4.10644E+01	 1.79336E+01	 5.00000E+01
 6.29482E+01	 5.38011E+01	 2.37458E+01	 6.11456E+01	 2.22100E+01	 4.02622E+01	 3.79713E+01	 4.64152E+01	 4.74457E+01	 4.10468E+01	 1.73899E+01	 5.00000E+01
 6.30350E+01	 5.36700E+01	 2.41804E+01	 6.12719E+01	 2.22100E+01	 4.06870E+01	 3.79815E+01	 4.64219E+01	 4.74457E+01	 4.10807E+01	 1.81920E+01	 5.00000E+01
 6.31104E+01	 5.35945E+01	 2.45946E+01	 6.11663E+01	 2.22100E+01	 4.11628E+01	 3.79913E+01	 4.64208E+01	 4.74457E+01	 4.11269E+01	 1.75477E+01	 5.00000E+01
 6.29687E+01	 5.37991E+01	 2.38068E+01	 6.11895E+01	 2.22100E+01	 4.11476E+01	 3.79892E+01	 4.64169E+01	 4.74457E+01	 4.10867E+01	 1.78754E+01	 5.00000E+01
 6.29438E+01	 5.38214E+01	 2.38348E+01	 6.11811E+01	 2.22100E+01	 4.08750E+01	 3.79799E+01	 4.64297E+01	 4.74457E+01	 4.09842E+01	 1.83458E+01	 5.00000E+01
 6.29574E+01	 5.37879E+01	 2.38198E+01	 6.11467E+01	 2.22100E+01	 4.07508E+01	 3.79687E+01	 4.64329E+01	 4.74457E+01	 4.10134E+01	 1.84420E+01	 5.00000E+01
 6.30166E+01	 5.36896E+01	 2.45332E+01	 6.10205E+01	 2.22100E+01	 4.03995E+01	 3.79564E+01	 4.64254E+01	 4.74457E+01	 4.10475E+01	 1.80919E+01	 5.00000E+01
 6.30019E+01	 5.37282E+01	 2.38659E+01	 6.12892E+01	 2.22100E+01	 3.98020E+01	 3.79749E+01	 4.64334E+01	 4.74457E+01	 4.10703E+01	 1.76838E+01	 5.00000E+01
 6.29640E+01	 5.37754E+01	 2.36969E+01	 6.12440E+01	 2.22100E+01	 3.99940E+01	 3.79765E+01	 4.64164E+01	 4.74457E+01	 4.10590E+01	 1.82836E+01	 5.00000E+01
