 6.30525E+01	 5.39795E+01	 2.46436E+01	 6.13019E+01	 2.22100E+01	 4.00637E+01	 3.81003E+01	 4.65342E+01	 4.74457E+01	 4.11058E+01	 1.81135E+01	 5.00000E+01
 6.28988E+01	 5.38180E+01	 2.47460E+01	 6.11748E+01	 2.22100E+01	 3.98723E+01	 3.80527E+01	 4.64725E+01	 4.74457E+01	 4.09918E+01	 1.76883E+01	 5.00000E+01
 6.28093E+01	 5.37835E+01	 2.49528E+01	 6.11873E+01	 2.22100E+01	 3.94096E+01	 3.80389E+01	 4.64554E+01	 4.74457E+01	 4.09929E+01	 1.78881E+01	 5.00000E+01
 6.27677E+01	 5.37941E+01	 2.51011E+01	 6.10800E+01	 2.22100E+01	 3.93265E+01	 3.80381E+01	 4.64358E+01	 4.74457E+01	 4.09560E+01	 1.73808E+01	 5.00000E+01
 6.29096E+01	 5.35631E+01	 2.47833E+01	 6.12402E+01	 2.22100E+01	 3.93749E+01	 3.80160E+01	 4.64337E+01	 4.74457E+01	 4.10695E+01	 1.76394E+01	 5.00000E+01
 6.29385E+01	 5.35593E+01	 2.52913E+01	 6.11315E+01	 2.22100E+01	 3.93487E+01	 3.79920E+01	 4.64453E+01	 4.74457E+01	 4.10564E+01	 1.76912E+01	 5.00000E+01
 6.29449E+01	 5.35630E+01	 2.47035E+01	 6.11540E+01	 2.22100E+01	 3.88524E+01	 3.79835E+01	 4.64297E+01	 4.74457E+01	 4.10509E+01	 1.76713E+01	 5.00000E+01
 6.29079E+01	 5.36170E+01	 2.48302E+01	 6.10481E+01	 2.22100E+01	 3.92328E+01	 3.79582E+01	 4.64287E+01	 4.74457E+01	 3.90850E+01	 1.79091E+01	 5.00000E+01
 6.29134E+01	 5.36092E+01	 2.52716E+01	 6.12213E+01	 2.22100E+01	 3.88343E+01	 3.79541E+01	 4.64429E+01	 4.74457E+01	 3.90338E+01	 1.73981E+01	 5.00000E+01
 6.29136E+01	 5.35721E+01	 2.47093E+01	 6.12787E+01	 2.22100E+01	 3.94260E+01	 3.79527E+01	 4.64392E+01	 4.74457E+01	 3.91006E+01	 1.72868E+01	 5.00000E+01
 6.28124E+01	 5.37066E+01	 2.43652E+01	 6.12721E+01	 2.22100E+01	 4.03464E+01	 3.79338E+01	 4.64366E+01	 4.74457E+01	 4.04748E+01	 1.74420E+01	 5.00000E+01
 6.28273E+01	 5.36647E+01	 2.43413E+01	 6.11126E+01	 2.22100E+01	 4.17364E+01	 3.79185E+01	 4.64310E+01	 4.74457E+01	 4.12392E+01	 1.73706E+01	 5.00000E+01
 6.28547E+01	 5.36163E+01	 2.49907E+01	 6.10366E+01	 2.22100E+01	 4.21177E+01	 3.79122E+01	 4.64261E+01	 4.74457E+01	 3.92436E+01	 1.71286E+01	 5.00000E+01
 6.27598E+01	 5.37310E+01	 2.48670E+01	 6.10922E+01	 2.22100E+01	 4.16629E+01	 3.78848E+01	 4.64182E+01	 4.74457E+01	 4.14834E+01	 1.78575E+01	 5.00000E+01
 6.27841E+01	 5.37038E+01	 2.49437E+01	 6.11991E+01	 2.22100E+01	 4.15451E+01	 3.78717E+01	 4.64243E+01	 4.74457E+01	 3.95560E+01	 1.75740E+01	 5.00000E+01
 6.28248E+01	 5.36672E+01	 2.46422E+01	 6.10744E+01	 2.22100E+01	 4.22583E+01	 3.78591E+01	 4.64246E+01	 4.74457E+01	 4.15683E+01	 1.79250E+01	 5.00000E+01
 6.28580E+01	 5.36442E+01	 2.45909E+01	 6.11356E+01	 2.22100E+01	 4.19440E+01	 3.78512E+01	 4.64195E+01	 4.74457E+01	 3.95503E+01	 1.70578E+01	 5.00000E+01
 6.28893E+01	 5.36058E+01	 2.43732E+01	 6.11031E+01	 2.22100E+01	 4.17510E+01	 3.78168E+01	 4.64031E+01	 4.74457E+01	 4.16653E+01	 1.76262E+01	 5.00000E+01
 6.29100E+01	 5.35947E+01	 2.48529E+01	 6.11111E+01	 2.22100E+01	 4.13570E+01	 3.78228E+01	 4.63961E+01	 4.74457E+01	 3.96784E+01	 1.72686E+01	 5.00000E+01
 6.29219E+01	 5.35984E+01	 2.48539E+01	 6.11735E+01	 2.22100E+01	 4.10402E+01	 3.78311E+01	 4.63934E+01	 4.74457E+01	 4.17417E+01	 1.77123E+01	 5.00000E+01
 6.29173E+01	 5.36149E+01	 2.48073E+01	 6.10893E+01	 2.22100E+01	 4.10417E+01	 3.78520E+01	 4.63903E+01	 4.74457E+01	 4.17455E+01	 1.76687E+01	 5.00000E+01
 6.29055E+01	 5.36420E+01	 2.43145E+01	 6.11185E+01	 2.22100E+01	 4.06888E+01	 3.78433E+01	 4.63897E+01	 4.74457E+01	 3.95520E+01	 1.70478E+01	 5.00000E+01
 6.30244E+01	 5.35012E+01	 2.46955E+01	 6.11551E+01	 2.22100E+01	 4.07739E+01	 3.78257E+01	 4.63967E+01	 4.74457E+01	 4.16231E+01	 1.77546E+01	 5.00000E+01
 6.29204E+01	 5.36541E+01	 2.44960E+01	 6.11653E+01	 2.22100E+01	 4.03941E+01	 3.78249E+01	 4.63764E+01	 4.74457E+01	 3.95176E+01	 1.72921E+01	 5.00000E+01
 6.28086E+01	 5.37789E+01	 2.44155E+01	 6.11511E+01	 2.22100E+01	 4.10184E+01	 3.78333E+01	 4.63758E+01	 4.74457E+01	 4.15990E+01	 1.73021E+01	 5.00000E+01
 6.27307E+01	 5.38574E+01	 2.46056E+01	 6.11448E+01	 2.22100E+01	 4.18745E+01	 3.78329E+01	 4.63650E+01	 4.74457E+01	 3.96339E+01	 1.76452E+01	 5.00000E+01
 6.27361E+01	 5.38281E+01	 2.40879E+01	 6.10823E+01	 2.22100E+01	 4.27847E+01	 3.78239E+01	 4.63639E+01	 4.74457E+01	 3.98387E+01	 1.71062E+01	 5.00000E+01
 6.27559E+01	 5.38071E+01	 2.45926E+01	 6.11349E+01	 2.22100E+01	 4.33055E+01	 3.78297E+01	 4.63665E+01	 4.74457E+01	 4.15639E+01	 1.79445E+01	 5.00000E+01
 6.28463E+01	 5.36902E+01	 2.44953E+01	 6.11137E+01	 2.22100E+01	 4.32898E+01	 3.78125E+01	 4.63569E+01	 4.74457E+01	 3.96277E+01	 1.72894E+01	 5.00000E+01
 6.28683E+01	 5.37059E+01	 2.41512E+01	 6.11237E+01	 2.22100E+01	 4.31172E+01	 3.78316E+01	 4.63500E+01	 4.74457E+01	 4.16179E+01	 1.74645E+01	 5.00000E+01
 6.28636E+01	 5.37190E+01	 2.47198E+01	 6.10285E+01	 2.22100E+01	 4.21701E+01	 3.78213E+01	 4.63445E+01	 4.74457E+01	 3.96026E+01	 1.77357E+01	 5.00000E+01
 6.29918E+01	 5.35505E+01	 2.44469E+01	 6.11829E+01	 2.22100E+01	 4.11903E+01	 3.78220E+01	 4.63408E+01	 4.74457E+01	 4.16025E+01	 1.76396E+01	 5.00000E+01
 6.30097E+01	 5.35798E+01	 2.48121E+01	 6.10435E+01	 2.22100E+01	 4.00474E+01	 3.78235E+01	 4.63299E+01	 4.74457E+01	 4.15839E+01	 1.70426E+01	 5.00000E+01
 6.30134E+01	 5.36087E+01	 2.53082E+01	 6.11042E+01	 2.22100E+01	 3.90682E+01	 3.78360E+01	 4.63467E+01	 4.74457E+01	 4.15076E+01	 1.84032E+01	 5.00000E+01
 6.29741E+01	 5.36552E+01	 2.52349E+01	 6.11102E+01	 2.22100E+01	 3.85309E+01	 3.78385E+01	 4.63527E+01	 4.74457E+01	 4.14568E+01	 1.83026E+01	 5.00000E+01
 6.29347E+01	 5.37014E+01	 2.52485E+01	 6.11393E+01	 2.22100E+01	 3.84540E+01	 3.78318E+01	 4.63437E+01	 4.74457E+01	 4.15029E+01	 1.78895E+01	 5.00000E+01
 6.28917E+01	 5.37351E+01	 2.49092E+01	 6.12090E+01	 2.22100E+01	 3.93256E+01	 3.78410E+01	 4.63292E+01	 4.74457E+01	 4.15151E+01	 1.73451E+01	 5.00000E+01
 6.30259E+01	 5.35766E+01	 2.50870E+01	 6.11130E+01	 2.22100E+01	 4.04096E+01	 3.78479E+01	 4.63311E+01	 4.74457E+01	 3.94028E+01	 1.69331E+01	 5.00000E+01
 6.29830E+01	 5.36618E+01	 2.52088E+01	 6.10501E+01	 2.22100E+01	 4.09298E+01	 3.78325E+01	 4.63336E+01	 4.74457E+01	 4.15408E+01	 1.79485E+01	 5.00000E+01
 6.29197E+01	 5.37426E+01	 2.45970E+01	 6.12549E+01	 2.22100E+01	 4.06462E+01	 3.78542E+01	 4.63293E+01	 4.74457E+01	 4.15120E+01	 1.80523E+01	 5.00000E+01
 6.28756E+01	 5.37804E+01	 2.47050E+01	 6.10216E+01	 2.22100E+01	 4.06675E+01	 3.78674E+01	 4.63322E+01	 4.74457E+01	 4.14417E+01	 1.69278E+01	 5.00000E+01
 6.29271E+01	 5.36845E+01	 2.44588E+01	 6.12274E+01	 2.22100E+01	 4.06656E+01	 3.78434E+01	 4.63141E+01	 4.74457E+01	 3.94002E+01	 1.68909E+01	 5.00000E+01
 6.29892E+01	 5.36295E+01	 2.42864E+01	 6.11593E+01	 2.22100E+01	 4.13594E+01	 3.78431E+01	 4.63197E+01	 4.74457E+01	 4.16154E+01	 1.79072E+01	 5.00000E+01
 6.29713E+01	 5.36729E+01	 2.38331E+01	 6.12827E+01	 2.22100E+01	 4.12204E+01	 3.78064E+01	 4.63110E+01	 4.74457E+01	 3.96692E+01	 1.69554E+01	 5.00000E+01
 6.30454E+01	 5.35846E+01	 2.42126E+01	 6.11833E+01	 2.22100E+01	 4.10351E+01	 3.78131E+01	 4.63128E+01	 4.74457E+01	 4.17352E+01	 1.80428E+01	 5.00000E+01
 6.31078E+01	 5.35160E+01	 2.36157E+01	 6.12892E+01	 2.22100E+01	 4.03587E+01	 3.78330E+01	 4.62992E+01	 4.74457E+01	 4.12833E+01	 1.79411E+01	 5.00000E+01
 6.29770E+01	 5.37085E+01	 2.39515E+01	 6.12773E+01	 2.22100E+01	 3.99167E+01	 3.78176E+01	 4.63051E+01	 4.74457E+01	 3.97834E+01	 1.70978E+01	 5.00000E+01
 6.29849E+01	 5.36590E+01	 2.42575E+01	 6.12489E+01	 2.22100E+01	 4.02339E+01	 3.78338E+01	 4.63080E+01	 4.74457E+01	 4.18355E+01	 1.78040E+01	 5.00000E+01
 6.30308E+01	 5.36135E+01	 2.36555E+01	 6.12220E+01	 2.22100E+01	 4.09973E+01	 3.78254E+01	 4.63090E+01	 4.74457E+01	 4.18373E+01	 1.79933E+01	 5.00000E+01
 6.30169E+01	 5.36485E+01	 2.33824E+01	 6.12765E+01	 2.22100E+01	 4.13602E+01	 3.78322E+01	 4.63156E+01	 4.74457E+01	 3.98264E+01	 1.73265E+01	 5.00000E+01
 6.30250E+01	 5.36356E+01	 2.38464E+01	 6.11826E+01	 2.22100E+01	 4.19954E+01	 3.78135E+01	 4.63168E+01	 4.74457E+01	 3.98358E+01	 1.72834E+01	 5.00000E+01
 6.30240E+01	 5.36137E+01	 2.42061E+01	 6.11851E+01	 2.22100E+01	 4.21548E+01	 3.77945E+01	 4.63101E+01	 4.74457E+01	 4.18394E+01	 1.80190E+01	 5.00000E+01
 6.30257E+01	 5.36408E+01	 2.38854E+01	 6.11148E+01	 2.22100E+01	 4.16169E+01	 3.78090E+01	 4.63128E+01	 4.74457E+01	 4.17658E+01	 1.78334E+01	 5.00000E+01
 6.30504E+01	 5.36025E+01	 2.41091E+01	 6.11036E+01	 2.22100E+01	 4.05753E+01	 3.78170E+01	 4.63199E+01	 4.74457E+01	 3.96462E+01	 1.75124E+01	 5.00000E+01
 6.30723E+01	 5.35856E+01	 2.38151E+01	 6.11574E+01	 2.22100E+01	 3.98126E+01	 3.78230E+01	 4.63165E+01	 4.74457E+01	 4.17618E+01	 1.79193E+01	 5.00000E+01
 6.29807E+01	 5.37024E+01	 2.39799E+01	 6.10928E+01	 2.22100E+01	 3.94136E+01	 3.78362E+01	 4.63082E+01	 4.74457E+01	 4.18960E+01	 1.77429E+01	 5.00000E+01
 6.30194E+01	 5.36526E+01	 2.42457E+01	 6.11090E+01	 2.22100E+01	 3.91800E+01	 3.78209E+01	 4.63337E+01	 4.74457E+01	 3.98642E+01	 1.72852E+01	 5.00000E+01
 6.30604E+01	 5.36048E+01	 2.48375E+01	 6.10287E+01	 2.22100E+01	 3.91842E+01	 3.78181E+01	 4.63131E+01	 4.74457E+01	 3.98185E+01	 1.78738E+01	 5.00000E+01
 6.31349E+01	 5.35332E+01	 2.45047E+01	 6.10265E+01	 2.22100E+01	 3.88144E+01	 3.78365E+01	 4.63114E+01	 4.74457E+01	 4.18090E+01	 1.72189E+01	 5.00000E+01
 6.30519E+01	 5.37074E+01	 2.41761E+01	 6.10741E+01	 2.22100E+01	 3.83183E+01	 3.78425E+01	 4.63279E+01	 4.74457E+01	 4.18205E+01	 1.77681E+01	 5.00000E+01
 6.29213E+01	 5.38157E+01	 2.44101E+01	 6.11444E+01	 2.22100E+01	 3.83214E+01	 3.78397E+01	 4.63275E+01	 4.74457E+01	 3.97758E+01	 1.75254E+01	 5.00000E+01
 6.29641E+01	 5.37498E+01	 2.53778E+01	 6.11072E+01	 2.22100E+01	 3.92342E+01	 3.78844E+01	 4.63179E+01	 4.74457E+01	 3.97627E+01	 1.73844E+01	 5.00000E+01
 6.29893E+01	 5.37088E+01	 2.52606E+01	 6.10597E+01	 2.22100E+01	 4.06061E+01	 3.78865E+01	 4.63182E+01	 4.74457E+01	 4.18512E+01	 1.78475E+01	 5.00000E+01
 6.30212E+01	 5.37049E+01	 2.55724E+01	 6.10994E+01	 2.22100E+01	 4.10092E+01	 3.78753E+01	 4.63281E+01	 4.74457E+01	 4.17493E+01	 1.80093E+01	 5.00000E+01
 6.29756E+01	 5.37784E+01	 2.52735E+01	 6.10357E+01	 2.22100E+01	 4.03767E+01	 3.78941E+01	 4.63349E+01	 4.74457E+01	 3.96894E+01	 1.72839E+01	 5.00000E+01
 6.30066E+01	 5.37150E+01	 2.53436E+01	 6.11228E+01	 2.22100E+01	 3.99585E+01	 3.78847E+01	 4.63357E+01	 4.74457E+01	 4.17097E+01	 1.78720E+01	 5.00000E+01
 6.30338E+01	 5.36697E+01	 2.54721E+01	 6.09150E+01	 2.22100E+01	 3.92781E+01	 3.78932E+01	 4.63201E+01	 4.74457E+01	 4.14432E+01	 1.75634E+01	 5.00000E+01
 6.30483E+01	 5.36697E+01	 2.50377E+01	 6.11453E+01	 2.22100E+01	 3.85580E+01	 3.78994E+01	 4.63378E+01	 4.74457E+01	 4.17643E+01	 1.77397E+01	 5.00000E+01
 6.30448E+01	 5.36806E+01	 2.50460E+01	 6.09474E+01	 2.22100E+01	 3.81069E+01	 3.78935E+01	 4.63355E+01	 4.74457E+01	 4.18239E+01	 1.82580E+01	 5.00000E+01
 6.30518E+01	 5.36778E+01	 2.50087E+01	 6.10711E+01	 2.22100E+01	 3.69532E+01	 3.78863E+01	 4.63414E+01	 4.74457E+01	 4.10026E+01	 1.77828E+01	 5.00000E+01
 6.30430E+01	 5.36897E+01	 2.55334E+01	 6.10681E+01	 2.22100E+01	 3.64172E+01	 3.79005E+01	 4.63507E+01	 4.74457E+01	 3.98209E+01	 1.75576E+01	 5.00000E+01
 6.30111E+01	 5.37387E+01	 2.54126E+01	 6.10608E+01	 2.22100E+01	 3.66848E+01	 3.79146E+01	 4.63476E+01	 4.74457E+01	 4.18250E+01	 1.77548E+01	 5.00000E+01
 6.29753E+01	 5.37595E+01	 2.53389E+01	 6.09851E+01	 2.22100E+01	 3.69713E+01	 3.79125E+01	 4.63531E+01	 4.74457E+01	 4.19757E+01	 1.83365E+01	 5.00000E+01
 6.30087E+01	 5.37215E+01	 2.56808E+01	 6.09940E+01	 2.22100E+01	 3.69539E+01	 3.79343E+01	 4.63546E+01	 4.74457E+01	 4.14003E+01	 1.76583E+01	 5.00000E+01
 6.30003E+01	 5.37289E+01	 2.56189E+01	 6.10930E+01	 2.22100E+01	 3.70410E+01	 3.79427E+01	 4.63475E+01	 4.74457E+01	 3.98698E+01	 1.78148E+01	 5.00000E+01
 6.29882E+01	 5.37531E+01	 2.50493E+01	 6.10484E+01	 2.22100E+01	 3.73508E+01	 3.79333E+01	 4.63618E+01	 4.74457E+01	 4.00404E+01	 1.79798E+01	 5.00000E+01
 6.30021E+01	 5.37118E+01	 2.45815E+01	 6.11815E+01	 2.22100E+01	 3.80736E+01	 3.79322E+01	 4.63525E+01	 4.74457E+01	 4.21680E+01	 1.80823E+01	 5.00000E+01
 6.29269E+01	 5.38241E+01	 2.46402E+01	 6.11060E+01	 2.22100E+01	 3.85854E+01	 3.79323E+01	 4.63523E+01	 4.74457E+01	 4.21388E+01	 1.76019E+01	 5.00000E+01
 6.28520E+01	 5.39085E+01	 2.52194E+01	 6.10033E+01	 2.22100E+01	 3.89531E+01	 3.79495E+01	 4.63763E+01	 4.74457E+01	 3.99700E+01	 1.80627E+01	 5.00000E+01
 6.29427E+01	 5.37683E+01	 2.48826E+01	 6.11630E+01	 2.22100E+01	 3.86396E+01	 3.79241E+01	 4.63751E+01	 4.74457E+01	 4.00194E+01	 1.73584E+01	 5.00000E+01
 6.29165E+01	 5.37925E+01	 2.50106E+01	 6.10677E+01	 2.22100E+01	 3.88543E+01	 3.79116E+01	 4.63760E+01	 4.74457E+01	 3.99656E+01	 1.74098E+01	 5.00000E+01
 6.28774E+01	 5.38494E+01	 2.51673E+01	 6.10060E+01	 2.22100E+01	 3.86669E+01	 3.79352E+01	 4.63623E+01	 4.74457E+01	 4.19674E+01	 1.83132E+01	 5.00000E+01
 6.28131E+01	 5.39407E+01	 2.50553E+01	 6.09861E+01	 2.22100E+01	 3.80934E+01	 3.79400E+01	 4.63860E+01	 4.74457E+01	 4.19738E+01	 1.82727E+01	 5.00000E+01
 6.27626E+01	 5.39810E+01	 2.42606E+01	 6.11331E+01	 2.22100E+01	 3.74919E+01	 3.79537E+01	 4.63846E+01	 4.74457E+01	 4.19035E+01	 1.78899E+01	 5.00000E+01
 6.27330E+01	 5.39969E+01	 2.41661E+01	 6.11649E+01	 2.22100E+01	 3.80767E+01	 3.79316E+01	 4.63926E+01	 4.74457E+01	 3.99027E+01	 1.74018E+01	 5.00000E+01
 6.28322E+01	 5.38303E+01	 2.44027E+01	 6.09985E+01	 2.22100E+01	 3.86469E+01	 3.79298E+01	 4.63763E+01	 4.74457E+01	 3.98952E+01	 1.76971E+01	 5.00000E+01
 6.28535E+01	 5.38299E+01	 2.48421E+01	 6.10354E+01	 2.22100E+01	 3.80577E+01	 3.79274E+01	 4.63851E+01	 4.74457E+01	 4.19482E+01	 1.76421E+01	 5.00000E+01
 6.28441E+01	 5.38528E+01	 2.48028E+01	 6.10238E+01	 2.22100E+01	 3.74585E+01	 3.79515E+01	 4.63824E+01	 4.74457E+01	 4.18722E+01	 1.82323E+01	 5.00000E+01
 6.29075E+01	 5.37806E+01	 2.42839E+01	 6.10357E+01	 2.22100E+01	 3.69917E+01	 3.79508E+01	 4.63835E+01	 4.74457E+01	 4.17247E+01	 1.77543E+01	 5.00000E+01
 6.29598E+01	 5.37338E+01	 2.43776E+01	 6.11643E+01	 2.22100E+01	 3.64235E+01	 3.79507E+01	 4.64011E+01	 4.74457E+01	 3.96853E+01	 1.68646E+01	 5.00000E+01
 6.29890E+01	 5.37021E+01	 2.51106E+01	 6.09827E+01	 2.22100E+01	 3.68720E+01	 3.79760E+01	 4.63843E+01	 4.74457E+01	 4.18753E+01	 1.79769E+01	 5.00000E+01
 6.30623E+01	 5.36139E+01	 2.42745E+01	 6.11130E+01	 2.22100E+01	 3.73033E+01	 3.79619E+01	 4.63912E+01	 4.74457E+01	 4.17700E+01	 1.74536E+01	 5.00000E+01
 6.30100E+01	 5.36965E+01	 2.42839E+01	 6.10638E+01	 2.22100E+01	 3.71068E+01	 3.79829E+01	 4.64061E+01	 4.74457E+01	 3.99000E+01	 1.76027E+01	 5.00000E+01
 6.29650E+01	 5.37585E+01	 2.42126E+01	 6.11159E+01	 2.22100E+01	 3.68918E+01	 3.79771E+01	 4.64079E+01	 4.74457E+01	 3.99101E+01	 1.75724E+01	 5.00000E+01
 6.28622E+01	 5.38740E+01	 2.41057E+01	 6.12324E+01	 2.22100E+01	 3.76579E+01	 3.79912E+01	 4.64201E+01	 4.74457E+01	 4.18802E+01	 1.81808E+01	 5.00000E+01
 6.28978E+01	 5.37663E+01	 2.38071E+01	 6.11794E+01	 2.22100E+01	 3.93756E+01	 3.79806E+01	 4.64091E+01	 4.74457E+01	 4.19336E+01	 1.82620E+01	 5.00000E+01
 6.29725E+01	 5.36843E+01	 2.38483E+01	 6.11636E+01	 2.22100E+01	 4.04986E+01	 3.79725E+01	 4.64189E+01	 4.74457E+01	 3.98870E+01	 1.80536E+01	 5.00000E+01
 6.29480E+01	 5.37355E+01	 2.32378E+01	 6.12139E+01	 2.22100E+01	 4.07381E+01	 3.79997E+01	 4.64215E+01	 4.74457E+01	 3.98484E+01	 1.74817E+01	 5.00000E+01
 6.29406E+01	 5.37215E+01	 2.41185E+01	 6.10086E+01	 2.22100E+01	 4.07696E+01	 3.79681E+01	 4.64096E+01	 4.74457E+01	 3.98121E+01	 1.77860E+01	 5.00000E+01
 6.29619E+01	 5.37063E+01	 2.34092E+01	 6.12299E+01	 2.22100E+01	 4.01074E+01	 3.79664E+01	 4.64344E+01	 4.74457E+01	 4.18967E+01	 1.80315E+01	 5.00000E+01
 6.28311E+01	 5.38783E+01	 2.38203E+01	 6.09890E+01	 2.22100E+01	 3.95966E+01	 3.79798E+01	 4.64332E+01	 4.74457E+01	 4.19246E+01	 1.80825E+01	 5.00000E+01
 6.28188E+01	 5.38661E+01	 2.37457E+01	 6.12449E+01	 2.22100E+01	 3.92163E+01	 3.80048E+01	 4.64344E+01	 4.74457E+01	 4.20359E+01	 1.79371E+01	 5.00000E+01
 6.28164E+01	 5.38480E+01	 2.36012E+01	 6.10948E+01	 2.22100E+01	 4.01867E+01	 3.79817E+01	 4.64319E+01	 4.74457E+01	 4.18003E+01	 1.77980E+01	 5.00000E+01
 6.28963E+01	 5.37465E+01	 2.37453E+01	 6.10905E+01	 2.22100E+01	 4.08636E+01	 3.79731E+01	 4.64247E+01	 4.74457E+01	 4.01202E+01	 1.77941E+01	 5.00000E+01
 6.29541E+01	 5.36904E+01	 2.42361E+01	 6.12409E+01	 2.22100E+01	 4.11092E+01	 3.79783E+01	 4.64284E+01	 4.74457E+01	 4.01676E+01	 1.72465E+01	 5.00000E+01
 6.29938E+01	 5.36582E+01	 2.38223E+01	 6.12144E+01	 2.22100E+01	 4.11872E+01	 3.79850E+01	 4.64082E+01	 4.74457E+01	 4.21264E+01	 1.78602E+01	 5.00000E+01
 6.30477E+01	 5.36300E+01	 2.35412E+01	 6.12480E+01	 2.22100E+01	 4.11279E+01	 3.79810E+01	 4.64078E+01	 4.74457E+01	 4.19621E+01	 1.82045E+01	 5.00000E+01
 6.30029E+01	 5.36885E+01	 2.41131E+01	 6.11443E+01	 2.22100E+01	 4.06950E+01	 3.79929E+01	 4.64130E+01	 4.74457E+01	 4.18241E+01	 1.84681E+01	 5.00000E+01
 6.29561E+01	 5.37241E+01	 2.41497E+01	 6.10358E+01	 2.22100E+01	 4.01349E+01	 3.79625E+01	 4.64182E+01	 4.74457E+01	 3.99424E+01	 1.76874E+01	 5.00000E+01
 6.28288E+01	 5.38725E+01	 2.39540E+01	 6.12300E+01	 2.22100E+01	 3.97518E+01	 3.79922E+01	 4.64308E+01	 4.74457E+01	 3.99055E+01	 1.82211E+01	 5.00000E+01
 6.27629E+01	 5.39328E+01	 2.40970E+01	 6.11793E+01	 2.22100E+01	 4.04365E+01	 3.79922E+01	 4.64227E+01	 4.74457E+01	 4.19637E+01	 1.79327E+01	 5.00000E+01
 6.27360E+01	 5.39526E+01	 2.41612E+01	 6.11797E+01	 2.22100E+01	 4.15081E+01	 3.80114E+01	 4.64242E+01	 4.74457E+01	 4.18130E+01	 1.82703E+01	 5.00000E+01
 6.28903E+01	 5.37665E+01	 2.43283E+01	 6.11219E+01	 2.22100E+01	 4.25541E+01	 3.79981E+01	 4.64366E+01	 4.74457E+01	 4.17149E+01	 1.84006E+01	 5.00000E+01
 6.28407E+01	 5.38439E+01	 2.48610E+01	 6.10306E+01	 2.22100E+01	 4.22374E+01	 3.79897E+01	 4.64332E+01	 4.74457E+01	 3.96515E+01	 1.75364E+01	 5.00000E+01
 6.27877E+01	 5.39245E+01	 2.41254E+01	 6.12362E+01	 2.22100E+01	 4.09807E+01	 3.79973E+01	 4.64326E+01	 4.74457E+01	 3.94705E+01	 1.73340E+01	 5.00000E+01
 6.28782E+01	 5.37730E+01	 2.47784E+01	 6.09810E+01	 2.22100E+01	 4.05672E+01	 3.80038E+01	 4.64285E+01	 4.74457E+01	 4.14955E+01	 1.84716E+01	 5.00000E+01
 6.28960E+01	 5.37522E+01	 2.45690E+01	 6.11049E+01	 2.22100E+01	 3.96173E+01	 3.80086E+01	 4.64082E+01	 4.74457E+01	 4.14756E+01	 1.76207E+01	 5.00000E+01
 6.29088E+01	 5.37624E+01	 2.44947E+01	 6.10826E+01	 2.22100E+01	 3.91039E+01	 3.80111E+01	 4.64206E+01	 4.74457E+01	 4.14830E+01	 1.85824E+01	 5.00000E+01
 6.29029E+01	 5.37698E+01	 2.40819E+01	 6.11986E+01	 2.22100E+01	 3.88167E+01	 3.79859E+01	 4.64107E+01	 4.74457E+01	 4.15420E+01	 1.84729E+01	 5.00000E+01
 6.28890E+01	 5.37931E+01	 2.39645E+01	 6.11127E+01	 2.22100E+01	 3.90542E+01	 3.79969E+01	 4.64094E+01	 4.74457E+01	 3.94230E+01	 1.75477E+01	 5.00000E+01
 6.28922E+01	 5.38075E+01	 2.43480E+01	 6.11113E+01	 2.22100E+01	 3.96973E+01	 3.79855E+01	 4.64180E+01	 4.74457E+01	 4.14588E+01	 1.83145E+01	 5.00000E+01
 6.29031E+01	 5.37868E+01	 2.42564E+01	 6.10481E+01	 2.22100E+01	 3.96711E+01	 3.80201E+01	 4.64198E+01	 4.74457E+01	 4.13502E+01	 1.79994E+01	 5.00000E+01
 6.28911E+01	 5.37935E+01	 2.41203E+01	 6.11356E+01	 2.22100E+01	 3.94394E+01	 3.80246E+01	 4.64186E+01	 4.74457E+01	 3.93648E+01	 1.71995E+01	 5.00000E+01
 6.28820E+01	 5.38325E+01	 2.41952E+01	 6.11611E+01	 2.22100E+01	 3.98376E+01	 3.80287E+01	 4.64263E+01	 4.74457E+01	 4.13329E+01	 1.76087E+01	 5.00000E+01
 6.28943E+01	 5.37847E+01	 2.42904E+01	 6.11182E+01	 2.22100E+01	 4.02025E+01	 3.80265E+01	 4.64098E+01	 4.74457E+01	 4.13491E+01	 1.89968E+01	 5.00000E+01
 6.28133E+01	 5.39086E+01	 2.47311E+01	 6.10724E+01	 2.22100E+01	 4.06047E+01	 3.80193E+01	 4.64229E+01	 4.74457E+01	 4.13493E+01	 1.90925E+01	 5.00000E+01
 6.27304E+01	 5.39809E+01	 2.46394E+01	 6.10815E+01	 2.22100E+01	 4.07901E+01	 3.80361E+01	 4.64314E+01	 4.74457E+01	 4.13324E+01	 1.79012E+01	 5.00000E+01
 6.27732E+01	 5.39065E+01	 2.51977E+01	 6.10660E+01	 2.22100E+01	 4.09087E+01	 3.80252E+01	 4.64314E+01	 4.74457E+01	 3.93217E+01	 1.80313E+01	 5.00000E+01
 6.27862E+01	 5.39086E+01	 2.49783E+01	 6.11292E+01	 2.22100E+01	 4.10902E+01	 3.80411E+01	 4.64247E+01	 4.74457E+01	 4.12920E+01	 1.84030E+01	 5.00000E+01
 6.27771E+01	 5.39169E+01	 2.47062E+01	 6.10947E+01	 2.22100E+01	 4.08096E+01	 3.80272E+01	 4.64339E+01	 4.74457E+01	 4.12489E+01	 1.80090E+01	 5.00000E+01
 6.27758E+01	 5.39124E+01	 2.48419E+01	 6.10170E+01	 2.22100E+01	 4.09103E+01	 3.80122E+01	 4.64307E+01	 4.74457E+01	 4.05227E+01	 1.83501E+01	 5.00000E+01
 6.28818E+01	 5.37476E+01	 2.46411E+01	 6.11643E+01	 2.22100E+01	 4.05771E+01	 3.80369E+01	 4.64260E+01	 4.74457E+01	 3.92640E+01	 1.78793E+01	 5.00000E+01
 6.29927E+01	 5.36586E+01	 2.44279E+01	 6.11508E+01	 2.22100E+01	 3.99271E+01	 3.80230E+01	 4.64200E+01	 4.74457E+01	 3.89889E+01	 1.80369E+01	 5.00000E+01
 6.28050E+01	 5.39279E+01	 2.44669E+01	 6.12012E+01	 2.22100E+01	 3.89413E+01	 3.80217E+01	 4.64263E+01	 4.74457E+01	 3.90080E+01	 1.79995E+01	 5.00000E+01
 6.26831E+01	 5.40337E+01	 2.50441E+01	 6.11108E+01	 2.22100E+01	 3.86998E+01	 3.80239E+01	 4.64157E+01	 4.74457E+01	 4.07927E+01	 1.81341E+01	 5.00000E+01
 6.26211E+01	 5.41017E+01	 2.56487E+01	 6.09819E+01	 2.22100E+01	 3.95159E+01	 3.80279E+01	 4.64087E+01	 4.74457E+01	 4.26882E+01	 1.86144E+01	 5.00000E+01
 6.27531E+01	 5.39248E+01	 2.49318E+01	 6.12191E+01	 2.22100E+01	 4.06549E+01	 3.80435E+01	 4.64202E+01	 4.74457E+01	 4.28886E+01	 1.83614E+01	 5.00000E+01
 6.28016E+01	 5.38811E+01	 2.49074E+01	 6.11681E+01	 2.22100E+01	 4.19087E+01	 3.80389E+01	 4.64069E+01	 4.74457E+01	 4.25592E+01	 1.85890E+01	 5.00000E+01
 6.28267E+01	 5.38718E+01	 2.50319E+01	 6.11856E+01	 2.22100E+01	 4.27134E+01	 3.79879E+01	 4.64244E+01	 4.74457E+01	 4.05604E+01	 1.83289E+01	 5.00000E+01
 6.29010E+01	 5.37739E+01	 2.49426E+01	 6.10388E+01	 2.22100E+01	 4.21062E+01	 3.80257E+01	 4.64111E+01	 4.74457E+01	 4.04559E+01	 1.72058E+01	 5.00000E+01
 6.28440E+01	 5.38797E+01	 2.44557E+01	 6.11470E+01	 2.22100E+01	 4.08690E+01	 3.80329E+01	 4.64205E+01	 4.74457E+01	 4.04816E+01	 1.81237E+01	 5.00000E+01
 6.27638E+01	 5.39557E+01	 2.45255E+01	 6.12526E+01	 2.22100E+01	 3.96646E+01	 3.80131E+01	 4.64222E+01	 4.74457E+01	 4.03509E+01	 1.78693E+01	 5.00000E+01
 6.26852E+01	 5.40361E+01	 2.45490E+01	 6.11416E+01	 2.22100E+01	 3.95278E+01	 3.80127E+01	 4.64306E+01	 4.74457E+01	 4.03348E+01	 1.79161E+01	 5.00000E+01
 6.27903E+01	 5.38310E+01	 2.50444E+01	 6.11002E+01	 2.22100E+01	 3.97969E+01	 3.80234E+01	 4.64251E+01	 4.74457E+01	 4.03470E+01	 1.77404E+01	 5.00000E+01
 6.29209E+01	 5.36936E+01	 2.41258E+01	 6.12016E+01	 2.22100E+01	 3.99875E+01	 3.80037E+01	 4.64235E+01	 4.74457E+01	 4.22578E+01	 1.82610E+01	 5.00000E+01
 6.28631E+01	 5.38336E+01	 2.42290E+01	 6.10719E+01	 2.22100E+01	 3.92241E+01	 3.80003E+01	 4.64232E+01	 4.74457E+01	 4.03009E+01	 1.75401E+01	 5.00000E+01
 6.28554E+01	 5.38195E+01	 2.46121E+01	 6.12089E+01	 2.22100E+01	 3.88949E+01	 3.79854E+01	 4.64332E+01	 4.74457E+01	 4.23752E+01	 1.81648E+01	 5.00000E+01
 6.28485E+01	 5.38163E+01	 2.49003E+01	 6.10643E+01	 2.22100E+01	 3.88912E+01	 3.79858E+01	 4.64223E+01	 4.74457E+01	 4.03083E+01	 1.77706E+01	 5.00000E+01
 6.28588E+01	 5.38166E+01	 2.44405E+01	 6.11196E+01	 2.22100E+01	 3.88074E+01	 3.80009E+01	 4.64166E+01	 4.74457E+01	 4.02483E+01	 1.75514E+01	 5.00000E+01
 6.28433E+01	 5.38323E+01	 2.41946E+01	 6.11459E+01	 2.22100E+01	 3.89520E+01	 3.79912E+01	 4.64198E+01	 4.74457E+01	 4.22925E+01	 1.87103E+01	 5.00000E+01
 6.28258E+01	 5.38641E+01	 2.44834E+01	 6.10300E+01	 2.22100E+01	 3.89914E+01	 3.79885E+01	 4.64318E+01	 4.74457E+01	 4.01580E+01	 1.80037E+01	 5.00000E+01
 6.29208E+01	 5.37403E+01	 2.47332E+01	 6.10933E+01	 2.22100E+01	 3.90731E+01	 3.80013E+01	 4.64260E+01	 4.74457E+01	 4.02051E+01	 1.76787E+01	 5.00000E+01
 6.28475E+01	 5.38586E+01	 2.48465E+01	 6.11381E+01	 2.22100E+01	 3.91016E+01	 3.79990E+01	 4.64253E+01	 4.74457E+01	 4.03866E+01	 1.77907E+01	 5.00000E+01
 6.27602E+01	 5.39602E+01	 2.46984E+01	 6.11426E+01	 2.22100E+01	 3.94724E+01	 3.80052E+01	 4.64238E+01	 4.74457E+01	 4.21654E+01	 1.88047E+01	 5.00000E+01
 6.29329E+01	 5.37127E+01	 2.47949E+01	 6.11545E+01	 2.22100E+01	 4.02349E+01	 3.80145E+01	 4.64291E+01	 4.74457E+01	 4.01672E+01	 1.77860E+01	 5.00000E+01
 6.29377E+01	 5.37485E+01	 2.54761E+01	 6.10754E+01	 2.22100E+01	 4.04668E+01	 3.79906E+01	 4.64185E+01	 4.74457E+01	 4.01175E+01	 1.72008E+01	 5.00000E+01
 6.29236E+01	 5.38044E+01	 2.60251E+01	 6.09165E+01	 2.22100E+01	 4.00020E+01	 3.80027E+01	 4.64316E+01	 4.74457E+01	 4.00965E+01	 1.77536E+01	 5.00000E+01
 6.29534E+01	 5.37340E+01	 2.52399E+01	 6.12636E+01	 2.22100E+01	 3.90309E+01	 3.79921E+01	 4.64425E+01	 4.74457E+01	 4.21426E+01	 1.78379E+01	 5.00000E+01
 6.28563E+01	 5.38541E+01	 2.50952E+01	 6.10638E+01	 2.22100E+01	 3.87706E+01	 3.80098E+01	 4.64246E+01	 4.74457E+01	 4.21668E+01	 1.78467E+01	 5.00000E+01
 6.27734E+01	 5.39670E+01	 2.53223E+01	 6.11221E+01	 2.22100E+01	 3.87554E+01	 3.79855E+01	 4.64262E+01	 4.74457E+01	 4.00370E+01	 1.82482E+01	 5.00000E+01
 6.27242E+01	 5.39959E+01	 2.54303E+01	 6.10333E+01	 2.22100E+01	 3.93956E+01	 3.79807E+01	 4.64348E+01	 4.74457E+01	 4.02120E+01	 1.76755E+01	 5.00000E+01
 6.27186E+01	 5.39823E+01	 2.50393E+01	 6.11343E+01	 2.22100E+01	 4.03345E+01	 3.79984E+01	 4.64205E+01	 4.74457E+01	 4.22978E+01	 1.77968E+01	 5.00000E+01
 6.27339E+01	 5.39611E+01	 2.52515E+01	 6.11424E+01	 2.22100E+01	 4.10236E+01	 3.80002E+01	 4.64179E+01	 4.74457E+01	 4.03414E+01	 1.74971E+01	 5.00000E+01
 6.27379E+01	 5.39527E+01	 2.46335E+01	 6.11620E+01	 2.22100E+01	 4.19940E+01	 3.79890E+01	 4.64219E+01	 4.74457E+01	 4.03784E+01	 1.81876E+01	 5.00000E+01
 6.28370E+01	 5.37964E+01	 2.43280E+01	 6.10413E+01	 2.22100E+01	 4.20701E+01	 3.79755E+01	 4.64145E+01	 4.74457E+01	 4.03077E+01	 1.77104E+01	 5.00000E+01
 6.29442E+01	 5.36975E+01	 2.44895E+01	 6.12602E+01	 2.22100E+01	 4.09465E+01	 3.79756E+01	 4.64176E+01	 4.74457E+01	 4.03114E+01	 1.79179E+01	 5.00000E+01
 6.31106E+01	 5.35306E+01	 2.48486E+01	 6.11775E+01	 2.22100E+01	 3.97508E+01	 3.79718E+01	 4.64091E+01	 4.74457E+01	 4.23586E+01	 1.85881E+01	 5.00000E+01
 6.31449E+01	 5.35279E+01	 2.46326E+01	 6.12354E+01	 2.22100E+01	 3.82864E+01	 3.79372E+01	 4.64124E+01	 4.74457E+01	 4.03917E+01	 1.80661E+01	 5.00000E+01
 6.31337E+01	 5.35420E+01	 2.44739E+01	 6.11159E+01	 2.22100E+01	 3.73413E+01	 3.79781E+01	 4.64074E+01	 4.74457E+01	 4.03724E+01	 1.78620E+01	 5.00000E+01
 6.30312E+01	 5.36886E+01	 2.41577E+01	 6.11886E+01	 2.22100E+01	 3.68911E+01	 3.79700E+01	 4.64196E+01	 4.74457E+01	 4.24199E+01	 1.83491E+01	 5.00000E+01
 6.29344E+01	 5.37926E+01	 2.39453E+01	 6.12117E+01	 2.22100E+01	 3.71832E+01	 3.79566E+01	 4.64187E+01	 4.74457E+01	 4.03254E+01	 1.74986E+01	 5.00000E+01
 6.28727E+01	 5.38408E+01	 2.37536E+01	 6.11598E+01	 2.22100E+01	 3.83378E+01	 3.79805E+01	 4.64284E+01	 4.74457E+01	 4.03373E+01	 1.74310E+01	 5.00000E+01
 6.28900E+01	 5.37830E+01	 2.40077E+01	 6.10437E+01	 2.22100E+01	 4.01619E+01	 3.79686E+01	 4.64194E+01	 4.74457E+01	 4.04155E+01	 1.83640E+01	 5.00000E+01
 6.28906E+01	 5.37878E+01	 2.44756E+01	 6.10802E+01	 2.22100E+01	 4.05683E+01	 3.79519E+01	 4.64163E+01	 4.74457E+01	 4.04063E+01	 1.75629E+01	 5.00000E+01
 6.28835E+01	 5.38164E+01	 2.44922E+01	 6.12028E+01	 2.22100E+01	 4.08683E+01	 3.79733E+01	 4.64301E+01	 4.74457E+01	 4.04115E+01	 1.78533E+01	 5.00000E+01
 6.29356E+01	 5.37186E+01	 2.44197E+01	 6.09911E+01	 2.22100E+01	 4.15817E+01	 3.79496E+01	 4.64015E+01	 4.74457E+01	 4.23727E+01	 1.79564E+01	 5.00000E+01
 6.30460E+01	 5.35981E+01	 2.44762E+01	 6.11424E+01	 2.22100E+01	 4.08429E+01	 3.79351E+01	 4.64279E+01	 4.74457E+01	 4.02047E+01	 1.80094E+01	 5.00000E+01
 6.31262E+01	 5.35183E+01	 2.45589E+01	 6.10329E+01	 2.22100E+01	 3.97332E+01	 3.79547E+01	 4.64176E+01	 4.74457E+01	 4.02469E+01	 1.72377E+01	 5.00000E+01
 6.29747E+01	 5.37476E+01	 2.39727E+01	 6.11444E+01	 2.22100E+01	 3.85940E+01	 3.79667E+01	 4.64136E+01	 4.74457E+01	 4.04436E+01	 1.78796E+01	 5.00000E+01
 6.29139E+01	 5.38141E+01	 2.38014E+01	 6.12635E+01	 2.22100E+01	 3.86789E+01	 3.79645E+01	 4.64274E+01	 4.74457E+01	 4.02972E+01	 1.83373E+01	 5.00000E+01
 6.28698E+01	 5.38300E+01	 2.39717E+01	 6.11963E+01	 2.22100E+01	 3.98145E+01	 3.79550E+01	 4.64189E+01	 4.74457E+01	 4.04652E+01	 1.74560E+01	 5.00000E+01
 6.29642E+01	 5.37024E+01	 2.38548E+01	 6.11550E+01	 2.22100E+01	 4.14931E+01	 3.79535E+01	 4.64166E+01	 4.74457E+01	 4.04959E+01	 1.81576E+01	 5.00000E+01
 6.29373E+01	 5.37731E+01	 2.37324E+01	 6.11434E+01	 2.22100E+01	 4.23932E+01	 3.79625E+01	 4.64092E+01	 4.74457E+01	 4.25467E+01	 1.79480E+01	 5.00000E+01
 6.28719E+01	 5.38176E+01	 2.36637E+01	 6.11724E+01	 2.22100E+01	 4.19197E+01	 3.79672E+01	 4.64092E+01	 4.74457E+01	 4.03876E+01	 1.75933E+01	 5.00000E+01
 6.29124E+01	 5.37643E+01	 2.36538E+01	 6.11286E+01	 2.22100E+01	 4.19604E+01	 3.79658E+01	 4.63993E+01	 4.74457E+01	 4.04887E+01	 1.75243E+01	 5.00000E+01
 6.28735E+01	 5.38505E+01	 2.35115E+01	 6.12749E+01	 2.22100E+01	 4.20290E+01	 3.79631E+01	 4.64062E+01	 4.74457E+01	 4.06222E+01	 1.78253E+01	 5.00000E+01
 6.28038E+01	 5.39251E+01	 2.44525E+01	 6.10468E+01	 2.22100E+01	 4.21274E+01	 3.79374E+01	 4.64002E+01	 4.74457E+01	 4.05937E+01	 1.80191E+01	 5.00000E+01
 6.28463E+01	 5.38417E+01	 2.45774E+01	 6.11330E+01	 2.22100E+01	 4.20338E+01	 3.79461E+01	 4.64049E+01	 4.74457E+01	 4.26165E+01	 1.83853E+01	 5.00000E+01
 6.28425E+01	 5.38616E+01	 2.45828E+01	 6.11889E+01	 2.22100E+01	 4.20050E+01	 3.79530E+01	 4.64015E+01	 4.74457E+01	 4.26442E+01	 1.83940E+01	 5.00000E+01
 6.28202E+01	 5.38794E+01	 2.40301E+01	 6.11376E+01	 2.22100E+01	 4.23250E+01	 3.79358E+01	 4.63942E+01	 4.74457E+01	 4.05038E+01	 1.76881E+01	 5.00000E+01
 6.27916E+01	 5.39143E+01	 2.41557E+01	 6.11231E+01	 2.22100E+01	 4.23068E+01	 3.79517E+01	 4.63998E+01	 4.74457E+01	 4.16675E+01	 1.81054E+01	 5.00000E+01
 6.28219E+01	 5.38934E+01	 2.43610E+01	 6.11843E+01	 2.22100E+01	 4.22530E+01	 3.79467E+01	 4.63944E+01	 4.74457E+01	 4.25074E+01	 1.82816E+01	 5.00000E+01
 6.28487E+01	 5.38768E+01	 2.48142E+01	 6.09301E+01	 2.22100E+01	 4.15211E+01	 3.79252E+01	 4.63774E+01	 4.74457E+01	 4.03831E+01	 1.74519E+01	 5.00000E+01
 6.28338E+01	 5.39042E+01	 2.46009E+01	 6.10722E+01	 2.22100E+01	 4.06619E+01	 3.79715E+01	 4.63852E+01	 4.74457E+01	 4.03430E+01	 1.81623E+01	 5.00000E+01
 6.28467E+01	 5.38848E+01	 2.44860E+01	 6.12556E+01	 2.22100E+01	 4.00462E+01	 3.79764E+01	 4.63882E+01	 4.74457E+01	 4.02808E+01	 1.76004E+01	 5.00000E+01
 6.28635E+01	 5.38614E+01	 2.51942E+01	 6.09604E+01	 2.22100E+01	 4.04009E+01	 3.79790E+01	 4.63977E+01	 4.74457E+01	 4.22641E+01	 1.82448E+01	 5.00000E+01
 6.29669E+01	 5.37426E+01	 2.48239E+01	 6.10787E+01	 2.22100E+01	 3.99027E+01	 3.79606E+01	 4.63799E+01	 4.74457E+01	 4.20296E+01	 1.86125E+01	 5.00000E+01
 6.29292E+01	 5.38259E+01	 2.43979E+01	 6.10597E+01	 2.22100E+01	 3.90971E+01	 3.79706E+01	 4.63902E+01	 4.74457E+01	 4.00070E+01	 1.79479E+01	 5.00000E+01
 6.28802E+01	 5.38857E+01	 2.40678E+01	 6.13287E+01	 2.22100E+01	 3.83410E+01	 3.79952E+01	 4.63791E+01	 4.74457E+01	 4.01702E+01	 1.76553E+01	 5.00000E+01
 6.29298E+01	 5.38000E+01	 2.49214E+01	 6.09513E+01	 2.22100E+01	 3.89372E+01	 3.79846E+01	 4.63770E+01	 4.74457E+01	 4.21478E+01	 1.77626E+01	 5.00000E+01
 6.28663E+01	 5.39235E+01	 2.50301E+01	 6.11673E+01	 2.22100E+01	 3.88365E+01	 3.79954E+01	 4.63932E+01	 4.74457E+01	 4.22507E+01	 1.79109E+01	 5.00000E+01
 6.27795E+01	 5.40114E+01	 2.48723E+01	 6.11447E+01	 2.22100E+01	 3.95201E+01	 3.80003E+01	 4.63949E+01	 4.74457E+01	 4.02432E+01	 1.75636E+01	 5.00000E+01
 6.28461E+01	 5.38945E+01	 2.49569E+01	 6.11748E+01	 2.22100E+01	 4.03279E+01	 3.79883E+01	 4.63894E+01	 4.74457E+01	 4.01273E+01	 1.80474E+01	 5.00000E+01
 6.28915E+01	 5.38261E+01	 2.52340E+01	 6.11565E+01	 2.22100E+01	 4.05575E+01	 3.80098E+01	 4.63854E+01	 4.74457E+01	 4.22693E+01	 1.81510E+01	 5.00000E+01
 6.29271E+01	 5.37944E+01	 2.51678E+01	 6.09819E+01	 2.22100E+01	 4.01869E+01	 3.80243E+01	 4.63930E+01	 4.74457E+01	 4.04963E+01	 1.75430E+01	 5.00000E+01
 6.29630E+01	 5.37746E+01	 2.54381E+01	 6.11070E+01	 2.22100E+01	 3.90463E+01	 3.80054E+01	 4.63887E+01	 4.74457E+01	 4.00718E+01	 1.79620E+01	 5.00000E+01
 6.29141E+01	 5.38410E+01	 2.52542E+01	 6.10158E+01	 2.22100E+01	 3.81451E+01	 3.80121E+01	 4.63800E+01	 4.74457E+01	 4.00779E+01	 1.81751E+01	 5.00000E+01
 6.28699E+01	 5.38951E+01	 2.54047E+01	 6.11705E+01	 2.22100E+01	 3.73152E+01	 3.80070E+01	 4.63923E+01	 4.74457E+01	 4.21279E+01	 1.85916E+01	 5.00000E+01
 6.29165E+01	 5.38356E+01	 2.52592E+01	 6.11868E+01	 2.22100E+01	 3.77473E+01	 3.80109E+01	 4.63938E+01	 4.74457E+01	 4.22096E+01	 1.84340E+01	 5.00000E+01
 6.29005E+01	 5.38668E+01	 2.52674E+01	 6.10744E+01	 2.22100E+01	 3.82834E+01	 3.79837E+01	 4.63967E+01	 4.74457E+01	 4.14691E+01	 1.79984E+01	 5.00000E+01
 6.28756E+01	 5.39012E+01	 2.49246E+01	 6.10619E+01	 2.22100E+01	 3.82567E+01	 3.80314E+01	 4.64023E+01	 4.74457E+01	 4.01905E+01	 1.76527E+01	 5.00000E+01
 6.29330E+01	 5.37869E+01	 2.50969E+01	 6.11873E+01	 2.22100E+01	 3.81014E+01	 3.80050E+01	 4.63968E+01	 4.74457E+01	 4.01315E+01	 1.73701E+01	 5.00000E+01
 6.29004E+01	 5.38712E+01	 2.46675E+01	 6.11660E+01	 2.22100E+01	 3.83898E+01	 3.80058E+01	 4.64099E+01	 4.74457E+01	 4.07722E+01	 1.77230E+01	 5.00000E+01
 6.28463E+01	 5.39460E+01	 2.45424E+01	 6.11014E+01	 2.22100E+01	 3.87254E+01	 3.80104E+01	 4.64248E+01	 4.74457E+01	 4.21644E+01	 1.78617E+01	 5.00000E+01
 6.28108E+01	 5.39559E+01	 2.49885E+01	 6.12256E+01	 2.22100E+01	 3.89263E+01	 3.79990E+01	 4.64070E+01	 4.74457E+01	 4.01872E+01	 1.84732E+01	 5.00000E+01
 6.28945E+01	 5.38298E+01	 2.51060E+01	 6.11813E+01	 2.22100E+01	 3.99917E+01	 3.79934E+01	 4.64105E+01	 4.74457E+01	 4.01816E+01	 1.75675E+01	 5.00000E+01
 6.29721E+01	 5.37543E+01	 2.52672E+01	 6.10792E+01	 2.22100E+01	 4.04963E+01	 3.80001E+01	 4.63970E+01	 4.74457E+01	 4.02141E+01	 1.76529E+01	 5.00000E+01
 6.30911E+01	 5.36216E+01	 2.48882E+01	 6.10461E+01	 2.22100E+01	 3.96525E+01	 3.79912E+01	 4.64136E+01	 4.74457E+01	 4.22298E+01	 1.82762E+01	 5.00000E+01
 6.30465E+01	 5.37271E+01	 2.50870E+01	 6.11902E+01	 2.22100E+01	 3.76769E+01	 3.79718E+01	 4.64138E+01	 4.74457E+01	 4.21270E+01	 1.81000E+01	 5.00000E+01
 6.29480E+01	 5.38156E+01	 2.43607E+01	 6.12463E+01	 2.22100E+01	 3.68782E+01	 3.79989E+01	 4.64091E+01	 4.74457E+01	 3.99606E+01	 1.77924E+01	 5.00000E+01
 6.30084E+01	 5.37406E+01	 2.41213E+01	 6.10206E+01	 2.22100E+01	 3.71203E+01	 3.79989E+01	 4.64136E+01	 4.74457E+01	 3.99961E+01	 1.81528E+01	 5.00000E+01
 6.30100E+01	 5.37403E+01	 2.44326E+01	 6.11567E+01	 2.22100E+01	 3.68492E+01	 3.79892E+01	 4.64204E+01	 4.74457E+01	 4.00258E+01	 1.78905E+01	 5.00000E+01
 6.29951E+01	 5.37362E+01	 2.44967E+01	 6.10861E+01	 2.22100E+01	 3.71646E+01	 3.79808E+01	 4.64230E+01	 4.74457E+01	 4.20699E+01	 1.81876E+01	 5.00000E+01
 6.28539E+01	 5.39115E+01	 2.45210E+01	 6.11261E+01	 2.22100E+01	 3.75517E+01	 3.80080E+01	 4.64207E+01	 4.74457E+01	 4.20613E+01	 1.80462E+01	 5.00000E+01
 6.28196E+01	 5.39278E+01	 2.39200E+01	 6.12367E+01	 2.22100E+01	 3.88729E+01	 3.80117E+01	 4.64190E+01	 4.74457E+01	 4.15972E+01	 1.86578E+01	 5.00000E+01
 6.28229E+01	 5.39158E+01	 2.39288E+01	 6.12289E+01	 2.22100E+01	 4.07218E+01	 3.80053E+01	 4.64170E+01	 4.74457E+01	 3.98689E+01	 1.76394E+01	 5.00000E+01
 6.29098E+01	 5.37957E+01	 2.38480E+01	 6.11966E+01	 2.22100E+01	 4.21109E+01	 3.79835E+01	 4.64216E+01	 4.74457E+01	 4.00176E+01	 1.75746E+01	 5.00000E+01
 6.29428E+01	 5.37755E+01	 2.43315E+01	 6.11413E+01	 2.22100E+01	 4.24277E+01	 3.79859E+01	 4.64269E+01	 4.74457E+01	 4.21614E+01	 1.82690E+01	 5.00000E+01
 6.29428E+01	 5.37822E+01	 2.43238E+01	 6.10807E+01	 2.22100E+01	 4.17648E+01	 3.79888E+01	 4.64172E+01	 4.74457E+01	 4.21184E+01	 1.82593E+01	 5.00000E+01
 6.29327E+01	 5.38096E+01	 2.43690E+01	 6.10657E+01	 2.22100E+01	 4.07388E+01	 3.79738E+01	 4.64314E+01	 4.74457E+01	 3.99937E+01	 1.77079E+01	 5.00000E+01
 6.29439E+01	 5.37551E+01	 2.43862E+01	 6.10477E+01	 2.22100E+01	 3.97656E+01	 3.79829E+01	 4.64145E+01	 4.74457E+01	 3.98834E+01	 1.71876E+01	 5.00000E+01
 6.29745E+01	 5.37445E+01	 2.44447E+01	 6.11475E+01	 2.22100E+01	 3.86775E+01	 3.79664E+01	 4.64221E+01	 4.74457E+01	 4.18603E+01	 1.81132E+01	 5.00000E+01
 6.30118E+01	 5.37024E+01	 2.41994E+01	 6.11359E+01	 2.22100E+01	 3.82219E+01	 3.79766E+01	 4.64242E+01	 4.74457E+01	 4.18591E+01	 1.82102E+01	 5.00000E+01
 6.29644E+01	 5.37799E+01	 2.44101E+01	 6.12185E+01	 2.22100E+01	 3.78694E+01	 3.79867E+01	 4.64243E+01	 4.74457E+01	 4.18319E+01	 1.77297E+01	 5.00000E+01
 6.28999E+01	 5.38441E+01	 2.43476E+01	 6.11874E+01	 2.22100E+01	 3.87671E+01	 3.79574E+01	 4.64247E+01	 4.74457E+01	 3.98372E+01	 1.79546E+01	 5.00000E+01
 6.29793E+01	 5.37320E+01	 2.42640E+01	 6.11658E+01	 2.22100E+01	 4.00221E+01	 3.79822E+01	 4.64240E+01	 4.74457E+01	 4.02777E+01	 1.82978E+01	 5.00000E+01
 6.29721E+01	 5.37646E+01	 2.47314E+01	 6.11558E+01	 2.22100E+01	 4.04299E+01	 3.79911E+01	 4.64216E+01	 4.74457E+01	 4.19589E+01	 1.81998E+01	 5.00000E+01
 6.29445E+01	 5.37756E+01	 2.43936E+01	 6.10715E+01	 2.22100E+01	 4.06963E+01	 3.79876E+01	 4.64180E+01	 4.74457E+01	 4.20039E+01	 1.80185E+01	 5.00000E+01
 6.29006E+01	 5.38397E+01	 2.43449E+01	 6.12517E+01	 2.22100E+01	 4.04078E+01	 3.79930E+01	 4.64316E+01	 4.74457E+01	 4.18047E+01	 1.78998E+01	 5.00000E+01
 6.29122E+01	 5.38115E+01	 2.37538E+01	 6.12555E+01	 2.22100E+01	 4.07007E+01	 3.80059E+01	 4.64280E+01	 4.74457E+01	 3.98344E+01	 1.76228E+01	 5.00000E+01
 6.29199E+01	 5.37947E+01	 2.38641E+01	 6.11907E+01	 2.22100E+01	 4.11898E+01	 3.80023E+01	 4.64123E+01	 4.74457E+01	 3.98400E+01	 1.76457E+01	 5.00000E+01
 6.29683E+01	 5.37646E+01	 2.36025E+01	 6.13803E+01	 2.22100E+01	 4.18254E+01	 3.79876E+01	 4.64170E+01	 4.74457E+01	 4.18919E+01	 1.82512E+01	 5.00000E+01
 6.29742E+01	 5.37598E+01	 2.42056E+01	 6.10412E+01	 2.22100E+01	 4.24268E+01	 3.79886E+01	 4.64100E+01	 4.74457E+01	 4.18792E+01	 1.84081E+01	 5.00000E+01
 6.29685E+01	 5.37599E+01	 2.46327E+01	 6.09913E+01	 2.22100E+01	 4.13568E+01	 3.79824E+01	 4.64178E+01	 4.74457E+01	 3.98950E+01	 1.77055E+01	 5.00000E+01
 6.29715E+01	 5.37664E+01	 2.43654E+01	 6.11999E+01	 2.22100E+01	 4.01823E+01	 3.79878E+01	 4.64291E+01	 4.74457E+01	 3.98949E+01	 1.79502E+01	 5.00000E+01
 6.29948E+01	 5.37368E+01	 2.44501E+01	 6.10405E+01	 2.22100E+01	 3.96450E+01	 3.79797E+01	 4.64207E+01	 4.74457E+01	 3.99177E+01	 1.74594E+01	 5.00000E+01
 6.30058E+01	 5.37296E+01	 2.43720E+01	 6.12908E+01	 2.22100E+01	 3.89500E+01	 3.79882E+01	 4.64195E+01	 4.74457E+01	 4.19246E+01	 1.82825E+01	 5.00000E+01
 6.29234E+01	 5.38165E+01	 2.44391E+01	 6.11832E+01	 2.22100E+01	 3.95227E+01	 3.79870E+01	 4.64202E+01	 4.74457E+01	 4.18019E+01	 1.82452E+01	 5.00000E+01
 6.29773E+01	 5.37307E+01	 2.46888E+01	 6.10497E+01	 2.22100E+01	 3.99424E+01	 3.79892E+01	 4.64074E+01	 4.74457E+01	 4.17524E+01	 1.80093E+01	 5.00000E+01
 6.30451E+01	 5.36618E+01	 2.48435E+01	 6.11172E+01	 2.22100E+01	 3.97860E+01	 3.79886E+01	 4.64195E+01	 4.74457E+01	 3.98566E+01	 1.76050E+01	 5.00000E+01
 6.30338E+01	 5.37175E+01	 2.45500E+01	 6.11194E+01	 2.22100E+01	 3.91981E+01	 3.80130E+01	 4.64270E+01	 4.74457E+01	 3.98399E+01	 1.77985E+01	 5.00000E+01
 6.29991E+01	 5.37380E+01	 2.41209E+01	 6.11494E+01	 2.22100E+01	 3.91516E+01	 3.80066E+01	 4.64074E+01	 4.74457E+01	 4.18593E+01	 1.86567E+01	 5.00000E+01
 6.29860E+01	 5.37601E+01	 2.43552E+01	 6.11545E+01	 2.22100E+01	 3.93760E+01	 3.79806E+01	 4.64197E+01	 4.74457E+01	 4.17800E+01	 1.84813E+01	 5.00000E+01
 6.29334E+01	 5.38370E+01	 2.47033E+01	 6.10346E+01	 2.22100E+01	 3.98272E+01	 3.79974E+01	 4.64127E+01	 4.74457E+01	 3.97070E+01	 1.79244E+01	 5.00000E+01
 6.29808E+01	 5.37614E+01	 2.44902E+01	 6.12404E+01	 2.22100E+01	 4.01978E+01	 3.80266E+01	 4.64250E+01	 4.74457E+01	 4.16910E+01	 1.81418E+01	 5.00000E+01
 6.30311E+01	 5.36797E+01	 2.44735E+01	 6.11691E+01	 2.22100E+01	 4.06566E+01	 3.80285E+01	 4.64286E+01	 4.74457E+01	 4.14899E+01	 1.83720E+01	 5.00000E+01
 6.28915E+01	 5.38824E+01	 2.44457E+01	 6.12596E+01	 2.22100E+01	 4.04378E+01	 3.79972E+01	 4.64216E+01	 4.74457E+01	 4.14605E+01	 1.84574E+01	 5.00000E+01
 6.28817E+01	 5.38486E+01	 2.47600E+01	 6.11248E+01	 2.22100E+01	 4.06779E+01	 3.80048E+01	 4.64111E+01	 4.74457E+01	 3.93035E+01	 1.74756E+01	 5.00000E+01
 6.29209E+01	 5.38138E+01	 2.51944E+01	 6.10241E+01	 2.22100E+01	 4.08086E+01	 3.80092E+01	 4.64402E+01	 4.74457E+01	 4.11032E+01	 1.73184E+01	 5.00000E+01
 6.29605E+01	 5.37589E+01	 2.51959E+01	 6.10538E+01	 2.22100E+01	 4.07233E+01	 3.80068E+01	 4.64402E+01	 4.74457E+01	 3.92000E+01	 1.83100E+01	 5.00000E+01
 6.29550E+01	 5.37873E+01	 2.45241E+01	 6.11077E+01	 2.22100E+01	 3.98207E+01	 3.79904E+01	 4.64443E+01	 4.74457E+01	 3.92017E+01	 1.77046E+01	 5.00000E+01
 6.29380E+01	 5.38108E+01	 2.46493E+01	 6.11400E+01	 2.22100E+01	 3.91057E+01	 3.80088E+01	 4.64261E+01	 4.74457E+01	 3.91576E+01	 1.78520E+01	 5.00000E+01
 6.31179E+01	 5.35648E+01	 2.43519E+01	 6.10769E+01	 2.22100E+01	 3.84570E+01	 3.80048E+01	 4.64377E+01	 4.74457E+01	 4.04133E+01	 1.79246E+01	 5.00000E+01
 6.30899E+01	 5.36741E+01	 2.43229E+01	 6.11641E+01	 2.22100E+01	 3.73108E+01	 3.80134E+01	 4.64277E+01	 4.74457E+01	 4.09650E+01	 1.82265E+01	 5.00000E+01
 6.29977E+01	 5.37852E+01	 2.44412E+01	 6.12327E+01	 2.22100E+01	 3.69319E+01	 3.80090E+01	 4.64365E+01	 4.74457E+01	 4.30639E+01	 1.78858E+01	 5.00000E+01
 6.30182E+01	 5.37220E+01	 2.53493E+01	 6.11533E+01	 2.22100E+01	 3.78262E+01	 3.80173E+01	 4.64176E+01	 4.74457E+01	 4.29861E+01	 1.82478E+01	 5.00000E+01
 6.30620E+01	 5.36937E+01	 2.52008E+01	 6.11561E+01	 2.22100E+01	 3.87676E+01	 3.80194E+01	 4.64313E+01	 4.74457E+01	 4.09611E+01	 1.84175E+01	 5.00000E+01
 6.30826E+01	 5.36561E+01	 2.45597E+01	 6.11692E+01	 2.22100E+01	 3.94204E+01	 3.80206E+01	 4.64345E+01	 4.74457E+01	 4.10273E+01	 1.77259E+01	 5.00000E+01
 6.31064E+01	 5.36268E+01	 2.43789E+01	 6.11885E+01	 2.22100E+01	 3.98969E+01	 3.80164E+01	 4.64196E+01	 4.74457E+01	 3.89555E+01	 1.71127E+01	 5.00000E+01
 6.30625E+01	 5.37028E+01	 2.43717E+01	 6.12619E+01	 2.22100E+01	 3.98709E+01	 3.80457E+01	 4.64251E+01	 4.74457E+01	 3.90418E+01	 1.71499E+01	 5.00000E+01
 6.29994E+01	 5.37471E+01	 2.43693E+01	 6.12274E+01	 2.22100E+01	 4.01351E+01	 3.80226E+01	 4.64270E+01	 4.74457E+01	 4.08785E+01	 1.78597E+01	 5.00000E+01
 6.29511E+01	 5.38017E+01	 2.45720E+01	 6.10454E+01	 2.22100E+01	 4.06431E+01	 3.80237E+01	 4.64309E+01	 4.74457E+01	 4.29011E+01	 1.84781E+01	 5.00000E+01
 6.29484E+01	 5.37916E+01	 2.49992E+01	 6.10367E+01	 2.22100E+01	 4.04548E+01	 3.80189E+01	 4.64348E+01	 4.74457E+01	 4.28763E+01	 1.79301E+01	 5.00000E+01
 6.29583E+01	 5.37614E+01	 2.52347E+01	 6.11045E+01	 2.22100E+01	 4.00133E+01	 3.80029E+01	 4.64449E+01	 4.74457E+01	 4.14093E+01	 1.77857E+01	 5.00000E+01
 6.29949E+01	 5.37227E+01	 2.51418E+01	 6.11039E+01	 2.22100E+01	 3.96469E+01	 3.80037E+01	 4.64388E+01	 4.74457E+01	 4.09106E+01	 1.77245E+01	 5.00000E+01
 6.29581E+01	 5.37862E+01	 2.47224E+01	 6.11339E+01	 2.22100E+01	 3.95192E+01	 3.79999E+01	 4.64356E+01	 4.74457E+01	 3.89336E+01	 1.77816E+01	 5.00000E+01
 6.29116E+01	 5.38167E+01	 2.41341E+01	 6.12204E+01	 2.22100E+01	 3.95326E+01	 3.79876E+01	 4.64354E+01	 4.74457E+01	 3.89218E+01	 1.75409E+01	 5.00000E+01
 6.29438E+01	 5.37709E+01	 2.50776E+01	 6.10673E+01	 2.22100E+01	 3.94985E+01	 3.79986E+01	 4.64309E+01	 4.74457E+01	 4.05135E+01	 1.77262E+01	 5.00000E+01
 6.29048E+01	 5.38333E+01	 2.49710E+01	 6.12000E+01	 2.22100E+01	 3.97904E+01	 3.79954E+01	 4.64272E+01	 4.74457E+01	 4.11404E+01	 1.75659E+01	 5.00000E+01
 6.28604E+01	 5.38954E+01	 2.49237E+01	 6.11191E+01	 2.22100E+01	 4.03456E+01	 3.80022E+01	 4.64446E+01	 4.74457E+01	 4.31032E+01	 1.83075E+01	 5.00000E+01
 6.28675E+01	 5.38645E+01	 2.51664E+01	 6.12502E+01	 2.22100E+01	 4.12094E+01	 3.79906E+01	 4.64186E+01	 4.74457E+01	 4.32340E+01	 1.82586E+01	 5.00000E+01
 6.29506E+01	 5.37453E+01	 2.49877E+01	 6.12173E+01	 2.22100E+01	 4.20128E+01	 3.79946E+01	 4.64362E+01	 4.74457E+01	 4.11072E+01	 1.82124E+01	 5.00000E+01
 6.30211E+01	 5.36628E+01	 2.48941E+01	 6.11577E+01	 2.22100E+01	 4.22550E+01	 3.80039E+01	 4.64271E+01	 4.74457E+01	 4.09659E+01	 1.78786E+01	 5.00000E+01
 6.30215E+01	 5.36982E+01	 2.50126E+01	 6.10506E+01	 2.22100E+01	 4.15327E+01	 3.79809E+01	 4.64243E+01	 4.74457E+01	 3.90310E+01	 1.78899E+01	 5.00000E+01
 6.29406E+01	 5.38323E+01	 2.54140E+01	 6.10300E+01	 2.22100E+01	 4.00091E+01	 3.79696E+01	 4.64321E+01	 4.74457E+01	 3.90392E+01	 1.78322E+01	 5.00000E+01
 6.28557E+01	 5.39105E+01	 2.47994E+01	 6.12542E+01	 2.22100E+01	 3.88364E+01	 3.79838E+01	 4.64344E+01	 4.74457E+01	 4.11073E+01	 1.74968E+01	 5.00000E+01
 6.30275E+01	 5.36728E+01	 2.45147E+01	 6.11364E+01	 2.22100E+01	 3.92299E+01	 3.79769E+01	 4.64314E+01	 4.74457E+01	 4.27604E+01	 1.78847E+01	 5.00000E+01
 6.30634E+01	 5.36642E+01	 2.48326E+01	 6.10708E+01	 2.22100E+01	 3.91837E+01	 3.79687E+01	 4.64425E+01	 4.74457E+01	 4.31394E+01	 1.82753E+01	 5.00000E+01
 6.30615E+01	 5.36640E+01	 2.49885E+01	 6.10881E+01	 2.22100E+01	 3.83056E+01	 3.79776E+01	 4.64353E+01	 4.74457E+01	 4.29604E+01	 1.79151E+01	 5.00000E+01
 6.29657E+01	 5.38086E+01	 2.45089E+01	 6.11293E+01	 2.22100E+01	 3.80439E+01	 3.79789E+01	 4.64296E+01	 4.74457E+01	 4.09353E+01	 1.82630E+01	 5.00000E+01
 6.29605E+01	 5.37907E+01	 2.36220E+01	 6.12538E+01	 2.22100E+01	 3.85131E+01	 3.79927E+01	 4.64260E+01	 4.74457E+01	 4.09363E+01	 1.73578E+01	 5.00000E+01
 6.29904E+01	 5.37581E+01	 2.36282E+01	 6.12285E+01	 2.22100E+01	 3.95243E+01	 3.79852E+01	 4.64324E+01	 4.74457E+01	 3.88772E+01	 1.76434E+01	 5.00000E+01
 6.29484E+01	 5.38012E+01	 2.37452E+01	 6.11459E+01	 2.22100E+01	 4.02170E+01	 3.79705E+01	 4.64152E+01	 4.74457E+01	 4.05832E+01	 1.70737E+01	 5.00000E+01
 6.30351E+01	 5.36701E+01	 2.41794E+01	 6.12714E+01	 2.22100E+01	 4.08004E+01	 3.79802E+01	 4.64216E+01	 4.74457E+01	 4.06179E+01	 1.80704E+01	 5.00000E+01
 6.31105E+01	 5.35946E+01	 2.45945E+01	 6.11658E+01	 2.22100E+01	 4.16370E+01	 3.79868E+01	 4.64199E+01	 4.74457E+01	 3.87708E+01	 1.70590E+01	 5.00000E+01
 6.29691E+01	 5.37997E+01	 2.38078E+01	 6.11896E+01	 2.22100E+01	 4.10859E+01	 3.79920E+01	 4.64159E+01	 4.74457E+01	 3.87593E+01	 1.74937E+01	 5.00000E+01
 6.29443E+01	 5.38223E+01	 2.38355E+01	 6.11811E+01	 2.22100E+01	 4.05098E+01	 3.79843E+01	 4.64295E+01	 4.74457E+01	 4.00520E+01	 1.80893E+01	 5.00000E+01
 6.29574E+01	 5.37887E+01	 2.38206E+01	 6.11470E+01	 2.22100E+01	 4.03526E+01	 3.79709E+01	 4.64333E+01	 4.74457E+01	 4.05001E+01	 1.82054E+01	 5.00000E+01
 6.30163E+01	 5.36904E+01	 2.45331E+01	 6.10202E+01	 2.22100E+01	 4.06956E+01	 3.79507E+01	 4.64256E+01	 4.74457E+01	 4.25732E+01	 1.85527E+01	 5.00000E+01
 6.30017E+01	 5.37288E+01	 2.38662E+01	 6.12889E+01	 2.22100E+01	 4.02208E+01	 3.79697E+01	 4.64326E+01	 4.74457E+01	 4.05536E+01	 1.74461E+01	 5.00000E+01
 6.29642E+01	 5.37762E+01	 2.36991E+01	 6.12444E+01	 2.22100E+01	 4.01802E+01	 3.79779E+01	 4.64152E+01	 4.74457E+01	 4.04626E+01	 1.79825E+01	 5.00000E+01
