 6.30525E+01	 5.39795E+01	 2.46436E+01	 6.13019E+01	 2.22100E+01	 4.00637E+01	 3.81003E+01	 4.65342E+01	 4.74457E+01	 4.11058E+01	 1.81135E+01	 5.00000E+01
 6.28988E+01	 5.38180E+01	 2.47460E+01	 6.11748E+01	 2.22100E+01	 3.98723E+01	 3.80527E+01	 4.64725E+01	 4.74457E+01	 4.09918E+01	 1.76883E+01	 5.00000E+01
 6.28093E+01	 5.37835E+01	 2.49528E+01	 6.11873E+01	 2.22100E+01	 3.94096E+01	 3.80389E+01	 4.64554E+01	 4.74457E+01	 4.09929E+01	 1.78881E+01	 5.00000E+01
 6.27677E+01	 5.37941E+01	 2.51011E+01	 6.10800E+01	 2.22100E+01	 3.93265E+01	 3.80381E+01	 4.64358E+01	 4.74457E+01	 4.09560E+01	 1.73808E+01	 5.00000E+01
 6.29096E+01	 5.35631E+01	 2.47833E+01	 6.12402E+01	 2.22100E+01	 3.93749E+01	 3.80160E+01	 4.64337E+01	 4.74457E+01	 4.10695E+01	 1.76394E+01	 5.00000E+01
 6.29385E+01	 5.35593E+01	 2.52913E+01	 6.11315E+01	 2.22100E+01	 3.93487E+01	 3.79920E+01	 4.64453E+01	 4.74457E+01	 4.10564E+01	 1.76912E+01	 5.00000E+01
 6.29449E+01	 5.35630E+01	 2.47035E+01	 6.11540E+01	 2.22100E+01	 3.88524E+01	 3.79835E+01	 4.64297E+01	 4.74457E+01	 4.10509E+01	 1.76713E+01	 5.00000E+01
 6.29075E+01	 5.36165E+01	 2.48300E+01	 6.10473E+01	 2.22100E+01	 3.93463E+01	 3.79493E+01	 4.64274E+01	 4.74457E+01	 4.10683E+01	 1.76718E+01	 5.00000E+01
 6.29125E+01	 5.36083E+01	 2.52703E+01	 6.12227E+01	 2.22100E+01	 3.95447E+01	 3.79294E+01	 4.64379E+01	 4.74457E+01	 4.09296E+01	 1.76870E+01	 5.00000E+01
 6.29146E+01	 5.35734E+01	 2.47085E+01	 6.12842E+01	 2.22100E+01	 3.93342E+01	 3.79595E+01	 4.64366E+01	 4.74457E+01	 4.10210E+01	 1.76870E+01	 5.00000E+01
 6.28144E+01	 5.37069E+01	 2.43668E+01	 6.12718E+01	 2.22100E+01	 4.06163E+01	 3.79347E+01	 4.64346E+01	 4.74457E+01	 4.10221E+01	 1.76870E+01	 5.00000E+01
 6.28291E+01	 5.36655E+01	 2.43443E+01	 6.11140E+01	 2.22100E+01	 4.18814E+01	 3.79220E+01	 4.64295E+01	 4.74457E+01	 4.09327E+01	 1.76870E+01	 5.00000E+01
 6.28565E+01	 5.36181E+01	 2.49945E+01	 6.10376E+01	 2.22100E+01	 4.19329E+01	 3.79268E+01	 4.64269E+01	 4.74457E+01	 4.09262E+01	 1.76870E+01	 5.00000E+01
 6.27609E+01	 5.37336E+01	 2.48724E+01	 6.10917E+01	 2.22100E+01	 4.13644E+01	 3.79062E+01	 4.64218E+01	 4.74457E+01	 4.09108E+01	 1.76870E+01	 5.00000E+01
 6.27845E+01	 5.37067E+01	 2.49507E+01	 6.11967E+01	 2.22100E+01	 4.09859E+01	 3.79041E+01	 4.64316E+01	 4.74457E+01	 4.09894E+01	 1.76017E+01	 5.00000E+01
 6.28228E+01	 5.36681E+01	 2.46474E+01	 6.10682E+01	 2.22100E+01	 4.21780E+01	 3.78631E+01	 4.64303E+01	 4.74457E+01	 4.09991E+01	 1.76717E+01	 5.00000E+01
 6.28541E+01	 5.36451E+01	 2.45932E+01	 6.11327E+01	 2.22100E+01	 4.23681E+01	 3.78378E+01	 4.64235E+01	 4.74457E+01	 4.10871E+01	 1.77609E+01	 5.00000E+01
 6.28856E+01	 5.36063E+01	 2.43735E+01	 6.11038E+01	 2.22100E+01	 4.14062E+01	 3.78182E+01	 4.64052E+01	 4.74457E+01	 4.10362E+01	 1.68412E+01	 5.00000E+01
 6.29060E+01	 5.35936E+01	 2.48529E+01	 6.11072E+01	 2.22100E+01	 4.18384E+01	 3.77970E+01	 4.63929E+01	 4.74457E+01	 4.09431E+01	 1.77512E+01	 5.00000E+01
 6.29214E+01	 5.35973E+01	 2.48537E+01	 6.11759E+01	 2.22100E+01	 4.07617E+01	 3.78257E+01	 4.63915E+01	 4.74457E+01	 4.10786E+01	 1.76303E+01	 5.00000E+01
 6.29179E+01	 5.36125E+01	 2.48067E+01	 6.10899E+01	 2.22100E+01	 4.09397E+01	 3.78400E+01	 4.63863E+01	 4.74457E+01	 4.09670E+01	 1.76303E+01	 5.00000E+01
 6.29082E+01	 5.36406E+01	 2.43145E+01	 6.11219E+01	 2.22100E+01	 4.02984E+01	 3.78528E+01	 4.63884E+01	 4.74457E+01	 4.09400E+01	 1.76303E+01	 5.00000E+01
 6.30272E+01	 5.35003E+01	 2.46966E+01	 6.11535E+01	 2.22100E+01	 4.06638E+01	 3.78304E+01	 4.63983E+01	 4.74457E+01	 4.11749E+01	 1.78164E+01	 5.00000E+01
 6.29217E+01	 5.36532E+01	 2.44968E+01	 6.11659E+01	 2.22100E+01	 4.06437E+01	 3.78263E+01	 4.63765E+01	 4.74457E+01	 4.10306E+01	 1.60033E+01	 5.00000E+01
 6.28090E+01	 5.37781E+01	 2.44150E+01	 6.11497E+01	 2.22100E+01	 4.12754E+01	 3.78280E+01	 4.63740E+01	 4.74457E+01	 4.08578E+01	 1.78153E+01	 5.00000E+01
 6.27307E+01	 5.38573E+01	 2.46038E+01	 6.11436E+01	 2.22100E+01	 4.24877E+01	 3.78175E+01	 4.63629E+01	 4.74457E+01	 4.09611E+01	 1.79531E+01	 5.00000E+01
 6.27368E+01	 5.38283E+01	 2.40853E+01	 6.10844E+01	 2.22100E+01	 4.29681E+01	 3.78177E+01	 4.63618E+01	 4.74457E+01	 4.09255E+01	 1.79313E+01	 5.00000E+01
 6.27574E+01	 5.38077E+01	 2.45898E+01	 6.11370E+01	 2.22100E+01	 4.30442E+01	 3.78350E+01	 4.63661E+01	 4.74457E+01	 4.10059E+01	 1.80002E+01	 5.00000E+01
 6.28480E+01	 5.36905E+01	 2.44936E+01	 6.11150E+01	 2.22100E+01	 4.34992E+01	 3.78126E+01	 4.63580E+01	 4.74457E+01	 4.11087E+01	 1.79901E+01	 5.00000E+01
 6.28692E+01	 5.37064E+01	 2.41502E+01	 6.11264E+01	 2.22100E+01	 4.28913E+01	 3.78421E+01	 4.63501E+01	 4.74457E+01	 4.10089E+01	 1.59772E+01	 5.00000E+01
 6.28638E+01	 5.37195E+01	 2.47199E+01	 6.10274E+01	 2.22100E+01	 4.22315E+01	 3.78244E+01	 4.63434E+01	 4.74457E+01	 4.09368E+01	 1.79390E+01	 5.00000E+01
 6.29927E+01	 5.35517E+01	 2.44469E+01	 6.11837E+01	 2.22100E+01	 4.06092E+01	 3.78386E+01	 4.63414E+01	 4.74457E+01	 4.10476E+01	 1.59168E+01	 5.00000E+01
 6.30100E+01	 5.35802E+01	 2.48118E+01	 6.10431E+01	 2.22100E+01	 4.00847E+01	 3.78259E+01	 4.63298E+01	 4.74457E+01	 4.09073E+01	 1.59178E+01	 5.00000E+01
 6.30135E+01	 5.36089E+01	 2.53076E+01	 6.11043E+01	 2.22100E+01	 3.90410E+01	 3.78367E+01	 4.63457E+01	 4.74457E+01	 4.09853E+01	 1.79342E+01	 5.00000E+01
 6.29742E+01	 5.36559E+01	 2.52344E+01	 6.11089E+01	 2.22100E+01	 3.88821E+01	 3.78311E+01	 4.63529E+01	 4.74457E+01	 4.10880E+01	 1.79629E+01	 5.00000E+01
 6.29350E+01	 5.37023E+01	 2.52492E+01	 6.11410E+01	 2.22100E+01	 3.85290E+01	 3.78366E+01	 4.63435E+01	 4.74457E+01	 4.11456E+01	 1.81612E+01	 5.00000E+01
 6.28923E+01	 5.37359E+01	 2.49095E+01	 6.12078E+01	 2.22100E+01	 3.96788E+01	 3.78381E+01	 4.63287E+01	 4.74457E+01	 4.12121E+01	 1.81264E+01	 5.00000E+01
 6.30265E+01	 5.35777E+01	 2.50889E+01	 6.11156E+01	 2.22100E+01	 4.02667E+01	 3.78550E+01	 4.63297E+01	 4.74457E+01	 4.11245E+01	 1.64643E+01	 5.00000E+01
 6.29835E+01	 5.36630E+01	 2.52105E+01	 6.10514E+01	 2.22100E+01	 4.04557E+01	 3.78401E+01	 4.63316E+01	 4.74457E+01	 4.09379E+01	 1.60944E+01	 5.00000E+01
 6.29204E+01	 5.37444E+01	 2.46004E+01	 6.12567E+01	 2.22100E+01	 3.98504E+01	 3.78706E+01	 4.63290E+01	 4.74457E+01	 4.09953E+01	 1.61857E+01	 5.00000E+01
 6.28763E+01	 5.37819E+01	 2.47075E+01	 6.10205E+01	 2.22100E+01	 4.03255E+01	 3.78769E+01	 4.63328E+01	 4.74457E+01	 4.10218E+01	 1.61297E+01	 5.00000E+01
 6.29272E+01	 5.36856E+01	 2.44609E+01	 6.12290E+01	 2.22100E+01	 4.06691E+01	 3.78452E+01	 4.63137E+01	 4.74457E+01	 4.10173E+01	 1.81612E+01	 5.00000E+01
 6.29897E+01	 5.36315E+01	 2.42895E+01	 6.11599E+01	 2.22100E+01	 4.04746E+01	 3.78653E+01	 4.63212E+01	 4.74457E+01	 4.11560E+01	 1.82102E+01	 5.00000E+01
 6.29715E+01	 5.36738E+01	 2.38336E+01	 6.12803E+01	 2.22100E+01	 4.11186E+01	 3.78075E+01	 4.63135E+01	 4.74457E+01	 4.11355E+01	 1.82549E+01	 5.00000E+01
 6.30449E+01	 5.35851E+01	 2.42117E+01	 6.11840E+01	 2.22100E+01	 4.06186E+01	 3.78167E+01	 4.63152E+01	 4.74457E+01	 4.11149E+01	 1.79165E+01	 5.00000E+01
 6.31069E+01	 5.35165E+01	 2.36123E+01	 6.12893E+01	 2.22100E+01	 4.00427E+01	 3.78371E+01	 4.63020E+01	 4.74457E+01	 4.12033E+01	 1.81797E+01	 5.00000E+01
 6.29762E+01	 5.37076E+01	 2.39466E+01	 6.12774E+01	 2.22100E+01	 3.98874E+01	 3.78153E+01	 4.63070E+01	 4.74457E+01	 4.10625E+01	 1.82910E+01	 5.00000E+01
 6.29842E+01	 5.36573E+01	 2.42515E+01	 6.12477E+01	 2.22100E+01	 4.01703E+01	 3.78312E+01	 4.63091E+01	 4.74457E+01	 4.09532E+01	 1.70235E+01	 5.00000E+01
 6.30303E+01	 5.36116E+01	 2.36484E+01	 6.12227E+01	 2.22100E+01	 4.08419E+01	 3.78263E+01	 4.63100E+01	 4.74457E+01	 4.09258E+01	 1.62061E+01	 5.00000E+01
 6.30170E+01	 5.36461E+01	 2.33736E+01	 6.12752E+01	 2.22100E+01	 4.14200E+01	 3.78328E+01	 4.63167E+01	 4.74457E+01	 4.10263E+01	 1.60615E+01	 5.00000E+01
 6.30255E+01	 5.36332E+01	 2.38366E+01	 6.11843E+01	 2.22100E+01	 4.18457E+01	 3.78213E+01	 4.63181E+01	 4.74457E+01	 4.10140E+01	 1.60769E+01	 5.00000E+01
 6.30247E+01	 5.36112E+01	 2.41959E+01	 6.11842E+01	 2.22100E+01	 4.21149E+01	 3.77973E+01	 4.63117E+01	 4.74457E+01	 4.11466E+01	 1.82006E+01	 5.00000E+01
 6.30262E+01	 5.36378E+01	 2.38743E+01	 6.11145E+01	 2.22100E+01	 4.17642E+01	 3.78047E+01	 4.63129E+01	 4.74457E+01	 4.09144E+01	 1.83706E+01	 5.00000E+01
 6.30508E+01	 5.35997E+01	 2.40990E+01	 6.11016E+01	 2.22100E+01	 4.10073E+01	 3.78084E+01	 4.63196E+01	 4.74457E+01	 4.08919E+01	 1.82576E+01	 5.00000E+01
 6.30729E+01	 5.35834E+01	 2.38061E+01	 6.11589E+01	 2.22100E+01	 3.97491E+01	 3.78270E+01	 4.63164E+01	 4.74457E+01	 4.09348E+01	 1.63155E+01	 5.00000E+01
 6.29814E+01	 5.37008E+01	 2.39711E+01	 6.10909E+01	 2.22100E+01	 3.93899E+01	 3.78378E+01	 4.63088E+01	 4.74457E+01	 4.10982E+01	 1.81380E+01	 5.00000E+01
 6.30204E+01	 5.36516E+01	 2.42381E+01	 6.11106E+01	 2.22100E+01	 3.88838E+01	 3.78311E+01	 4.63360E+01	 4.74457E+01	 4.11443E+01	 1.79630E+01	 5.00000E+01
 6.30602E+01	 5.36028E+01	 2.48297E+01	 6.10257E+01	 2.22100E+01	 3.93090E+01	 3.78118E+01	 4.63128E+01	 4.74457E+01	 4.08884E+01	 1.79631E+01	 5.00000E+01
 6.31344E+01	 5.35319E+01	 2.44978E+01	 6.10260E+01	 2.22100E+01	 3.89022E+01	 3.78285E+01	 4.63101E+01	 4.74457E+01	 4.09261E+01	 1.80823E+01	 5.00000E+01
 6.30521E+01	 5.37065E+01	 2.41703E+01	 6.10739E+01	 2.22100E+01	 3.82892E+01	 3.78405E+01	 4.63274E+01	 4.74457E+01	 4.10073E+01	 1.80689E+01	 5.00000E+01
 6.29219E+01	 5.38148E+01	 2.44059E+01	 6.11442E+01	 2.22100E+01	 3.86990E+01	 3.78322E+01	 4.63282E+01	 4.74457E+01	 4.10780E+01	 1.78663E+01	 5.00000E+01
 6.29642E+01	 5.37490E+01	 2.53744E+01	 6.11093E+01	 2.22100E+01	 3.94428E+01	 3.78813E+01	 4.63170E+01	 4.74457E+01	 4.09685E+01	 1.78663E+01	 5.00000E+01
 6.29899E+01	 5.37096E+01	 2.52581E+01	 6.10613E+01	 2.22100E+01	 4.01072E+01	 3.79034E+01	 4.63198E+01	 4.74457E+01	 4.10216E+01	 1.78663E+01	 5.00000E+01
 6.30218E+01	 5.37061E+01	 2.55706E+01	 6.10987E+01	 2.22100E+01	 4.05907E+01	 3.78948E+01	 4.63335E+01	 4.74457E+01	 4.12333E+01	 1.80202E+01	 5.00000E+01
 6.29741E+01	 5.37771E+01	 2.52710E+01	 6.10335E+01	 2.22100E+01	 4.09536E+01	 3.78833E+01	 4.63362E+01	 4.74457E+01	 4.08988E+01	 1.61477E+01	 5.00000E+01
 6.30039E+01	 5.37143E+01	 2.53404E+01	 6.11226E+01	 2.22100E+01	 4.05979E+01	 3.78637E+01	 4.63335E+01	 4.74457E+01	 4.09593E+01	 1.80022E+01	 5.00000E+01
 6.30319E+01	 5.36716E+01	 2.54699E+01	 6.09193E+01	 2.22100E+01	 3.91571E+01	 3.78973E+01	 4.63191E+01	 4.74457E+01	 4.10670E+01	 1.82578E+01	 5.00000E+01
 6.30481E+01	 5.36697E+01	 2.50372E+01	 6.11446E+01	 2.22100E+01	 3.90103E+01	 3.78883E+01	 4.63373E+01	 4.74457E+01	 4.12446E+01	 1.82009E+01	 5.00000E+01
 6.30447E+01	 5.36803E+01	 2.50470E+01	 6.09513E+01	 2.22100E+01	 3.78873E+01	 3.78958E+01	 4.63324E+01	 4.74457E+01	 4.10130E+01	 1.60597E+01	 5.00000E+01
 6.30523E+01	 5.36780E+01	 2.50114E+01	 6.10716E+01	 2.22100E+01	 3.68751E+01	 3.78864E+01	 4.63380E+01	 4.74457E+01	 4.09337E+01	 1.82366E+01	 5.00000E+01
 6.30443E+01	 5.36900E+01	 2.55382E+01	 6.10677E+01	 2.22100E+01	 3.66362E+01	 3.78955E+01	 4.63492E+01	 4.74457E+01	 4.11220E+01	 1.80213E+01	 5.00000E+01
 6.30126E+01	 5.37398E+01	 2.54184E+01	 6.10641E+01	 2.22100E+01	 3.61070E+01	 3.79309E+01	 4.63472E+01	 4.74457E+01	 4.10698E+01	 1.80482E+01	 5.00000E+01
 6.29769E+01	 5.37608E+01	 2.53455E+01	 6.09848E+01	 2.22100E+01	 3.64956E+01	 3.79288E+01	 4.63557E+01	 4.74457E+01	 4.12114E+01	 1.78521E+01	 5.00000E+01
 6.30086E+01	 5.37220E+01	 2.56865E+01	 6.09939E+01	 2.22100E+01	 3.69197E+01	 3.79354E+01	 4.63549E+01	 4.74457E+01	 4.11537E+01	 1.79613E+01	 5.00000E+01
 6.29988E+01	 5.37294E+01	 2.56240E+01	 6.10934E+01	 2.22100E+01	 3.74971E+01	 3.79277E+01	 4.63450E+01	 4.74457E+01	 4.10419E+01	 1.79613E+01	 5.00000E+01
 6.29873E+01	 5.37556E+01	 2.50541E+01	 6.10520E+01	 2.22100E+01	 3.69295E+01	 3.79444E+01	 4.63606E+01	 4.74457E+01	 4.10282E+01	 1.79613E+01	 5.00000E+01
 6.30031E+01	 5.37136E+01	 2.45876E+01	 6.11811E+01	 2.22100E+01	 3.70587E+01	 3.79604E+01	 4.63553E+01	 4.74457E+01	 4.11459E+01	 1.79272E+01	 5.00000E+01
 6.29269E+01	 5.38238E+01	 2.46467E+01	 6.11030E+01	 2.22100E+01	 3.84345E+01	 3.79338E+01	 4.63547E+01	 4.74457E+01	 4.10436E+01	 1.79286E+01	 5.00000E+01
 6.28515E+01	 5.39077E+01	 2.52251E+01	 6.10027E+01	 2.22100E+01	 3.90389E+01	 3.79459E+01	 4.63787E+01	 4.74457E+01	 4.10044E+01	 1.78227E+01	 5.00000E+01
 6.29409E+01	 5.37683E+01	 2.48864E+01	 6.11629E+01	 2.22100E+01	 3.88967E+01	 3.79177E+01	 4.63756E+01	 4.74457E+01	 4.10294E+01	 1.78227E+01	 5.00000E+01
 6.29156E+01	 5.37925E+01	 2.50136E+01	 6.10681E+01	 2.22100E+01	 3.88023E+01	 3.79161E+01	 4.63770E+01	 4.74457E+01	 4.10463E+01	 1.78227E+01	 5.00000E+01
 6.28772E+01	 5.38490E+01	 2.51697E+01	 6.10051E+01	 2.22100E+01	 3.84531E+01	 3.79441E+01	 4.63642E+01	 4.74457E+01	 4.10009E+01	 1.78227E+01	 5.00000E+01
 6.28135E+01	 5.39397E+01	 2.50575E+01	 6.09845E+01	 2.22100E+01	 3.76791E+01	 3.79534E+01	 4.63896E+01	 4.74457E+01	 4.09493E+01	 1.78227E+01	 5.00000E+01
 6.27624E+01	 5.39797E+01	 2.42626E+01	 6.11299E+01	 2.22100E+01	 3.74154E+01	 3.79584E+01	 4.63895E+01	 4.74457E+01	 4.10814E+01	 1.78050E+01	 5.00000E+01
 6.27314E+01	 5.39945E+01	 2.41669E+01	 6.11613E+01	 2.22100E+01	 3.85031E+01	 3.79200E+01	 4.63945E+01	 4.74457E+01	 4.09924E+01	 1.78050E+01	 5.00000E+01
 6.28304E+01	 5.38287E+01	 2.44026E+01	 6.09984E+01	 2.22100E+01	 3.87363E+01	 3.79254E+01	 4.63770E+01	 4.74457E+01	 4.09480E+01	 1.75588E+01	 5.00000E+01
 6.28517E+01	 5.38269E+01	 2.48409E+01	 6.10339E+01	 2.22100E+01	 3.89361E+01	 3.78960E+01	 4.63819E+01	 4.74457E+01	 4.10246E+01	 1.76882E+01	 5.00000E+01
 6.28431E+01	 5.38497E+01	 2.48009E+01	 6.10263E+01	 2.22100E+01	 3.82343E+01	 3.79179E+01	 4.63739E+01	 4.74457E+01	 4.07762E+01	 1.76842E+01	 5.00000E+01
 6.29097E+01	 5.37801E+01	 2.42835E+01	 6.10401E+01	 2.22100E+01	 3.69550E+01	 3.79486E+01	 4.63779E+01	 4.74457E+01	 4.10374E+01	 1.76842E+01	 5.00000E+01
 6.29632E+01	 5.37328E+01	 2.43792E+01	 6.11666E+01	 2.22100E+01	 3.65984E+01	 3.79510E+01	 4.63950E+01	 4.74457E+01	 4.08546E+01	 1.77081E+01	 5.00000E+01
 6.29945E+01	 5.37020E+01	 2.51162E+01	 6.09852E+01	 2.22100E+01	 3.66081E+01	 3.79931E+01	 4.63837E+01	 4.74457E+01	 4.11593E+01	 1.77081E+01	 5.00000E+01
 6.30646E+01	 5.36141E+01	 2.42809E+01	 6.11116E+01	 2.22100E+01	 3.79191E+01	 3.79496E+01	 4.63885E+01	 4.74457E+01	 4.09969E+01	 1.76154E+01	 5.00000E+01
 6.30112E+01	 5.36998E+01	 2.42907E+01	 6.10656E+01	 2.22100E+01	 3.69482E+01	 3.79913E+01	 4.64061E+01	 4.74457E+01	 4.10764E+01	 1.76143E+01	 5.00000E+01
 6.29637E+01	 5.37614E+01	 2.42185E+01	 6.11140E+01	 2.22100E+01	 3.72506E+01	 3.79647E+01	 4.64050E+01	 4.74457E+01	 4.09314E+01	 1.77802E+01	 5.00000E+01
 6.28617E+01	 5.38771E+01	 2.41127E+01	 6.12343E+01	 2.22100E+01	 3.74290E+01	 3.79928E+01	 4.64180E+01	 4.74457E+01	 4.10304E+01	 1.77802E+01	 5.00000E+01
 6.28975E+01	 5.37685E+01	 2.38144E+01	 6.11798E+01	 2.22100E+01	 3.92387E+01	 3.79788E+01	 4.64058E+01	 4.74457E+01	 4.08390E+01	 1.77275E+01	 5.00000E+01
 6.29736E+01	 5.36871E+01	 2.38568E+01	 6.11662E+01	 2.22100E+01	 3.99995E+01	 3.79851E+01	 4.64187E+01	 4.74457E+01	 4.10467E+01	 1.77275E+01	 5.00000E+01
 6.29491E+01	 5.37382E+01	 2.32460E+01	 6.12150E+01	 2.22100E+01	 4.02118E+01	 3.80179E+01	 4.64234E+01	 4.74457E+01	 4.09997E+01	 1.76536E+01	 5.00000E+01
 6.29404E+01	 5.37235E+01	 2.41256E+01	 6.10079E+01	 2.22100E+01	 4.05002E+01	 3.79797E+01	 4.64111E+01	 4.74457E+01	 4.08148E+01	 1.74654E+01	 5.00000E+01
 6.29610E+01	 5.37081E+01	 2.34155E+01	 6.12288E+01	 2.22100E+01	 3.98491E+01	 3.79744E+01	 4.64366E+01	 4.74457E+01	 4.07962E+01	 1.75378E+01	 5.00000E+01
 6.28300E+01	 5.38800E+01	 2.38245E+01	 6.09862E+01	 2.22100E+01	 3.94529E+01	 3.79851E+01	 4.64376E+01	 4.74457E+01	 4.10125E+01	 1.75378E+01	 5.00000E+01
 6.28169E+01	 5.38662E+01	 2.37478E+01	 6.12439E+01	 2.22100E+01	 3.92060E+01	 3.80016E+01	 4.64366E+01	 4.74457E+01	 4.09766E+01	 1.75756E+01	 5.00000E+01
 6.28143E+01	 5.38475E+01	 2.36011E+01	 6.10935E+01	 2.22100E+01	 4.02522E+01	 3.79733E+01	 4.64316E+01	 4.74457E+01	 4.09359E+01	 1.75634E+01	 5.00000E+01
 6.28957E+01	 5.37461E+01	 2.37435E+01	 6.10920E+01	 2.22100E+01	 4.06221E+01	 3.79763E+01	 4.64246E+01	 4.74457E+01	 4.10123E+01	 1.73780E+01	 5.00000E+01
 6.29549E+01	 5.36895E+01	 2.42335E+01	 6.12425E+01	 2.22100E+01	 4.06214E+01	 3.79886E+01	 4.64295E+01	 4.74457E+01	 4.10229E+01	 1.73924E+01	 5.00000E+01
 6.29951E+01	 5.36562E+01	 2.38180E+01	 6.12130E+01	 2.22100E+01	 4.08752E+01	 3.79899E+01	 4.64095E+01	 4.74457E+01	 4.10112E+01	 1.76221E+01	 5.00000E+01
 6.30486E+01	 5.36281E+01	 2.35364E+01	 6.12479E+01	 2.22100E+01	 4.07974E+01	 3.79903E+01	 4.64089E+01	 4.74457E+01	 4.09073E+01	 1.74549E+01	 5.00000E+01
 6.30037E+01	 5.36869E+01	 2.41082E+01	 6.11425E+01	 2.22100E+01	 4.05705E+01	 3.80011E+01	 4.64152E+01	 4.74457E+01	 4.09021E+01	 1.73410E+01	 5.00000E+01
 6.29563E+01	 5.37224E+01	 2.41451E+01	 6.10342E+01	 2.22100E+01	 4.01937E+01	 3.79674E+01	 4.64202E+01	 4.74457E+01	 4.08745E+01	 1.73629E+01	 5.00000E+01
 6.28282E+01	 5.38707E+01	 2.39480E+01	 6.12277E+01	 2.22100E+01	 3.99980E+01	 3.79882E+01	 4.64316E+01	 4.74457E+01	 4.09398E+01	 1.71976E+01	 5.00000E+01
 6.27624E+01	 5.39314E+01	 2.40902E+01	 6.11808E+01	 2.22100E+01	 4.04051E+01	 3.79910E+01	 4.64230E+01	 4.74457E+01	 4.09556E+01	 1.88747E+01	 5.00000E+01
 6.27359E+01	 5.39515E+01	 2.41533E+01	 6.11792E+01	 2.22100E+01	 4.14700E+01	 3.80088E+01	 4.64249E+01	 4.74457E+01	 4.09291E+01	 1.90983E+01	 5.00000E+01
 6.28904E+01	 5.37646E+01	 2.43210E+01	 6.11217E+01	 2.22100E+01	 4.27305E+01	 3.79894E+01	 4.64368E+01	 4.74457E+01	 4.09506E+01	 1.90827E+01	 5.00000E+01
 6.28409E+01	 5.38422E+01	 2.48534E+01	 6.10297E+01	 2.22100E+01	 4.24305E+01	 3.79864E+01	 4.64331E+01	 4.74457E+01	 4.08291E+01	 1.69991E+01	 5.00000E+01
 6.27880E+01	 5.39233E+01	 2.41191E+01	 6.12364E+01	 2.22100E+01	 4.13751E+01	 3.79905E+01	 4.64318E+01	 4.74457E+01	 4.09141E+01	 1.91202E+01	 5.00000E+01
 6.28785E+01	 5.37721E+01	 2.47729E+01	 6.09811E+01	 2.22100E+01	 4.08850E+01	 3.79965E+01	 4.64269E+01	 4.74457E+01	 4.07555E+01	 1.69677E+01	 5.00000E+01
 6.28969E+01	 5.37523E+01	 2.45642E+01	 6.11044E+01	 2.22100E+01	 3.95384E+01	 3.80189E+01	 4.64084E+01	 4.74457E+01	 4.09165E+01	 1.68920E+01	 5.00000E+01
 6.29095E+01	 5.37622E+01	 2.44912E+01	 6.10812E+01	 2.22100E+01	 3.92015E+01	 3.80115E+01	 4.64211E+01	 4.74457E+01	 4.09241E+01	 1.88055E+01	 5.00000E+01
 6.29029E+01	 5.37703E+01	 2.40788E+01	 6.11998E+01	 2.22100E+01	 3.85512E+01	 3.79949E+01	 4.64118E+01	 4.74457E+01	 4.09284E+01	 1.66409E+01	 5.00000E+01
 6.28884E+01	 5.37939E+01	 2.39621E+01	 6.11138E+01	 2.22100E+01	 3.90461E+01	 3.80015E+01	 4.64099E+01	 4.74457E+01	 4.09149E+01	 1.66897E+01	 5.00000E+01
 6.28912E+01	 5.38084E+01	 2.43462E+01	 6.11099E+01	 2.22100E+01	 3.95220E+01	 3.79863E+01	 4.64176E+01	 4.74457E+01	 4.10590E+01	 1.86821E+01	 5.00000E+01
 6.29027E+01	 5.37880E+01	 2.42538E+01	 6.10498E+01	 2.22100E+01	 3.95173E+01	 3.80258E+01	 4.64195E+01	 4.74457E+01	 4.10164E+01	 1.87460E+01	 5.00000E+01
 6.28909E+01	 5.37945E+01	 2.41190E+01	 6.11369E+01	 2.22100E+01	 3.96001E+01	 3.80261E+01	 4.64180E+01	 4.74457E+01	 4.08166E+01	 1.66433E+01	 5.00000E+01
 6.28822E+01	 5.38336E+01	 2.41956E+01	 6.11610E+01	 2.22100E+01	 3.96338E+01	 3.80364E+01	 4.64257E+01	 4.74457E+01	 4.10188E+01	 1.67160E+01	 5.00000E+01
 6.28942E+01	 5.37856E+01	 2.42901E+01	 6.11185E+01	 2.22100E+01	 4.03168E+01	 3.80238E+01	 4.64080E+01	 4.74457E+01	 4.10311E+01	 1.87889E+01	 5.00000E+01
 6.28134E+01	 5.39103E+01	 2.47329E+01	 6.10739E+01	 2.22100E+01	 4.04879E+01	 3.80212E+01	 4.64211E+01	 4.74457E+01	 4.10067E+01	 1.87210E+01	 5.00000E+01
 6.27307E+01	 5.39830E+01	 2.46402E+01	 6.10821E+01	 2.22100E+01	 4.07063E+01	 3.80386E+01	 4.64304E+01	 4.74457E+01	 4.08756E+01	 1.87333E+01	 5.00000E+01
 6.27739E+01	 5.39083E+01	 2.52012E+01	 6.10669E+01	 2.22100E+01	 4.04568E+01	 3.80364E+01	 4.64318E+01	 4.74457E+01	 4.08176E+01	 1.66911E+01	 5.00000E+01
 6.27861E+01	 5.39100E+01	 2.49800E+01	 6.11295E+01	 2.22100E+01	 4.04495E+01	 3.80496E+01	 4.64249E+01	 4.74457E+01	 4.09433E+01	 1.85163E+01	 5.00000E+01
 6.27768E+01	 5.39186E+01	 2.47079E+01	 6.10954E+01	 2.22100E+01	 4.04836E+01	 3.80356E+01	 4.64352E+01	 4.74457E+01	 4.10872E+01	 1.87341E+01	 5.00000E+01
 6.27754E+01	 5.39138E+01	 2.48430E+01	 6.10174E+01	 2.22100E+01	 4.02196E+01	 3.80245E+01	 4.64321E+01	 4.74457E+01	 4.09860E+01	 1.87797E+01	 5.00000E+01
 6.28808E+01	 5.37481E+01	 2.46408E+01	 6.11649E+01	 2.22100E+01	 4.03365E+01	 3.80336E+01	 4.64265E+01	 4.74457E+01	 4.10301E+01	 1.87986E+01	 5.00000E+01
 6.29917E+01	 5.36589E+01	 2.44249E+01	 6.11506E+01	 2.22100E+01	 3.98867E+01	 3.80155E+01	 4.64202E+01	 4.74457E+01	 4.10354E+01	 1.88503E+01	 5.00000E+01
 6.28046E+01	 5.39271E+01	 2.44632E+01	 6.12023E+01	 2.22100E+01	 3.89781E+01	 3.80146E+01	 4.64259E+01	 4.74457E+01	 4.09621E+01	 1.84868E+01	 5.00000E+01
 6.26836E+01	 5.40328E+01	 2.50390E+01	 6.11114E+01	 2.22100E+01	 3.87777E+01	 3.80210E+01	 4.64160E+01	 4.74457E+01	 4.09640E+01	 1.86999E+01	 5.00000E+01
 6.26217E+01	 5.41001E+01	 2.56423E+01	 6.09806E+01	 2.22100E+01	 3.97173E+01	 3.80217E+01	 4.64083E+01	 4.74457E+01	 4.08206E+01	 1.88571E+01	 5.00000E+01
 6.27540E+01	 5.39228E+01	 2.49261E+01	 6.12199E+01	 2.22100E+01	 4.08032E+01	 3.80399E+01	 4.64193E+01	 4.74457E+01	 4.08542E+01	 1.68525E+01	 5.00000E+01
 6.28029E+01	 5.38797E+01	 2.49007E+01	 6.11681E+01	 2.22100E+01	 4.20720E+01	 3.80366E+01	 4.64074E+01	 4.74457E+01	 4.10452E+01	 1.88079E+01	 5.00000E+01
 6.28276E+01	 5.38702E+01	 2.50251E+01	 6.11850E+01	 2.22100E+01	 4.24734E+01	 3.79868E+01	 4.64246E+01	 4.74457E+01	 4.09447E+01	 1.86577E+01	 5.00000E+01
 6.29019E+01	 5.37727E+01	 2.49353E+01	 6.10408E+01	 2.22100E+01	 4.15264E+01	 3.80362E+01	 4.64134E+01	 4.74457E+01	 4.08554E+01	 1.66188E+01	 5.00000E+01
 6.28444E+01	 5.38779E+01	 2.44464E+01	 6.11460E+01	 2.22100E+01	 4.05606E+01	 3.80368E+01	 4.64238E+01	 4.74457E+01	 4.10473E+01	 1.85135E+01	 5.00000E+01
 6.27634E+01	 5.39532E+01	 2.45167E+01	 6.12515E+01	 2.22100E+01	 3.97958E+01	 3.80099E+01	 4.64241E+01	 4.74457E+01	 4.10508E+01	 1.85359E+01	 5.00000E+01
 6.26852E+01	 5.40344E+01	 2.45395E+01	 6.11419E+01	 2.22100E+01	 3.95851E+01	 3.80191E+01	 4.64330E+01	 4.74457E+01	 4.10309E+01	 1.85606E+01	 5.00000E+01
 6.27904E+01	 5.38287E+01	 2.50349E+01	 6.11007E+01	 2.22100E+01	 4.00829E+01	 3.80268E+01	 4.64271E+01	 4.74457E+01	 4.10065E+01	 1.72621E+01	 5.00000E+01
 6.29211E+01	 5.36910E+01	 2.41165E+01	 6.12005E+01	 2.22100E+01	 4.01979E+01	 3.80047E+01	 4.64242E+01	 4.74457E+01	 4.10951E+01	 1.85671E+01	 5.00000E+01
 6.28635E+01	 5.38320E+01	 2.42203E+01	 6.10724E+01	 2.22100E+01	 3.96396E+01	 3.79994E+01	 4.64245E+01	 4.74457E+01	 4.11288E+01	 1.89334E+01	 5.00000E+01
 6.28553E+01	 5.38176E+01	 2.46051E+01	 6.12097E+01	 2.22100E+01	 3.92130E+01	 3.79777E+01	 4.64329E+01	 4.74457E+01	 4.09493E+01	 1.88199E+01	 5.00000E+01
 6.28484E+01	 5.38146E+01	 2.48939E+01	 6.10654E+01	 2.22100E+01	 3.89507E+01	 3.79837E+01	 4.64214E+01	 4.74457E+01	 4.08157E+01	 1.67365E+01	 5.00000E+01
 6.28591E+01	 5.38159E+01	 2.44363E+01	 6.11194E+01	 2.22100E+01	 3.88473E+01	 3.80032E+01	 4.64172E+01	 4.74457E+01	 4.10922E+01	 1.69191E+01	 5.00000E+01
 6.28436E+01	 5.38317E+01	 2.41929E+01	 6.11488E+01	 2.22100E+01	 3.87205E+01	 3.79977E+01	 4.64200E+01	 4.74457E+01	 4.10465E+01	 1.88661E+01	 5.00000E+01
 6.28262E+01	 5.38637E+01	 2.44828E+01	 6.10289E+01	 2.22100E+01	 3.91190E+01	 3.79870E+01	 4.64328E+01	 4.74457E+01	 4.10727E+01	 1.88617E+01	 5.00000E+01
 6.29207E+01	 5.37402E+01	 2.47340E+01	 6.10955E+01	 2.22100E+01	 3.92568E+01	 3.79991E+01	 4.64265E+01	 4.74457E+01	 4.10620E+01	 1.91458E+01	 5.00000E+01
 6.28468E+01	 5.38588E+01	 2.48482E+01	 6.11376E+01	 2.22100E+01	 3.95167E+01	 3.79880E+01	 4.64252E+01	 4.74457E+01	 4.10335E+01	 1.90551E+01	 5.00000E+01
 6.27589E+01	 5.39605E+01	 2.47003E+01	 6.11433E+01	 2.22100E+01	 3.98155E+01	 3.79926E+01	 4.64223E+01	 4.74457E+01	 4.09085E+01	 1.91729E+01	 5.00000E+01
 6.29319E+01	 5.37131E+01	 2.47981E+01	 6.11548E+01	 2.22100E+01	 4.05178E+01	 3.80036E+01	 4.64271E+01	 4.74457E+01	 4.08936E+01	 1.71936E+01	 5.00000E+01
 6.29372E+01	 5.37491E+01	 2.54794E+01	 6.10756E+01	 2.22100E+01	 4.05099E+01	 3.79897E+01	 4.64165E+01	 4.74457E+01	 4.09380E+01	 1.72233E+01	 5.00000E+01
 6.29234E+01	 5.38049E+01	 2.60303E+01	 6.09166E+01	 2.22100E+01	 4.01978E+01	 3.79962E+01	 4.64292E+01	 4.74457E+01	 4.08193E+01	 1.72689E+01	 5.00000E+01
 6.29542E+01	 5.37356E+01	 2.52471E+01	 6.12650E+01	 2.22100E+01	 3.86159E+01	 3.80049E+01	 4.64422E+01	 4.74457E+01	 4.10786E+01	 1.72523E+01	 5.00000E+01
 6.28569E+01	 5.38555E+01	 2.51038E+01	 6.10641E+01	 2.22100E+01	 3.85984E+01	 3.80168E+01	 4.64252E+01	 4.74457E+01	 4.10471E+01	 1.91226E+01	 5.00000E+01
 6.27734E+01	 5.39677E+01	 2.53310E+01	 6.11201E+01	 2.22100E+01	 3.87171E+01	 3.79877E+01	 4.64261E+01	 4.74457E+01	 4.08716E+01	 1.67853E+01	 5.00000E+01
 6.27234E+01	 5.39970E+01	 2.54395E+01	 6.10314E+01	 2.22100E+01	 3.98406E+01	 3.79692E+01	 4.64343E+01	 4.74457E+01	 4.09968E+01	 1.88640E+01	 5.00000E+01
 6.27178E+01	 5.39834E+01	 2.50480E+01	 6.11341E+01	 2.22100E+01	 4.02820E+01	 3.79935E+01	 4.64195E+01	 4.74457E+01	 4.08887E+01	 1.85098E+01	 5.00000E+01
 6.27335E+01	 5.39625E+01	 2.52598E+01	 6.11447E+01	 2.22100E+01	 4.05879E+01	 3.80077E+01	 4.64177E+01	 4.74457E+01	 4.10231E+01	 1.86988E+01	 5.00000E+01
 6.27382E+01	 5.39537E+01	 2.46408E+01	 6.11620E+01	 2.22100E+01	 4.15614E+01	 3.79981E+01	 4.64237E+01	 4.74457E+01	 4.10691E+01	 1.85784E+01	 5.00000E+01
 6.28369E+01	 5.37967E+01	 2.43354E+01	 6.10415E+01	 2.22100E+01	 4.19099E+01	 3.79783E+01	 4.64165E+01	 4.74457E+01	 4.10951E+01	 1.90356E+01	 5.00000E+01
 6.29435E+01	 5.36971E+01	 2.44956E+01	 6.12575E+01	 2.22100E+01	 4.13995E+01	 3.79643E+01	 4.64182E+01	 4.74457E+01	 4.11749E+01	 1.89974E+01	 5.00000E+01
 6.31101E+01	 5.35303E+01	 2.48544E+01	 6.11786E+01	 2.22100E+01	 3.98035E+01	 3.79692E+01	 4.64084E+01	 4.74457E+01	 4.09917E+01	 1.70566E+01	 5.00000E+01
 6.31449E+01	 5.35274E+01	 2.46372E+01	 6.12331E+01	 2.22100E+01	 3.86194E+01	 3.79318E+01	 4.64120E+01	 4.74457E+01	 4.12926E+01	 1.87926E+01	 5.00000E+01
 6.31341E+01	 5.35413E+01	 2.44786E+01	 6.11150E+01	 2.22100E+01	 3.76516E+01	 3.79731E+01	 4.64061E+01	 4.74457E+01	 4.11205E+01	 1.88083E+01	 5.00000E+01
 6.30319E+01	 5.36882E+01	 2.41632E+01	 6.11884E+01	 2.22100E+01	 3.68061E+01	 3.79696E+01	 4.64183E+01	 4.74457E+01	 4.10195E+01	 1.87735E+01	 5.00000E+01
 6.29351E+01	 5.37920E+01	 2.39509E+01	 6.12087E+01	 2.22100E+01	 3.74096E+01	 3.79487E+01	 4.64181E+01	 4.74457E+01	 4.10052E+01	 1.72263E+01	 5.00000E+01
 6.28732E+01	 5.38400E+01	 2.37587E+01	 6.11610E+01	 2.22100E+01	 3.82712E+01	 3.79798E+01	 4.64268E+01	 4.74457E+01	 4.09291E+01	 1.69092E+01	 5.00000E+01
 6.28904E+01	 5.37833E+01	 2.40115E+01	 6.10429E+01	 2.22100E+01	 3.96589E+01	 3.79790E+01	 4.64186E+01	 4.74457E+01	 4.08149E+01	 1.70470E+01	 5.00000E+01
 6.28913E+01	 5.37880E+01	 2.44789E+01	 6.10788E+01	 2.22100E+01	 4.02955E+01	 3.79592E+01	 4.64170E+01	 4.74457E+01	 4.09595E+01	 1.70043E+01	 5.00000E+01
 6.28842E+01	 5.38162E+01	 2.44950E+01	 6.12029E+01	 2.22100E+01	 4.05062E+01	 3.79817E+01	 4.64312E+01	 4.74457E+01	 4.10353E+01	 1.70092E+01	 5.00000E+01
 6.29353E+01	 5.37186E+01	 2.44211E+01	 6.09903E+01	 2.22100E+01	 4.16443E+01	 3.79445E+01	 4.64021E+01	 4.74457E+01	 4.10384E+01	 1.89837E+01	 5.00000E+01
 6.30455E+01	 5.35980E+01	 2.44776E+01	 6.11412E+01	 2.22100E+01	 4.11105E+01	 3.79283E+01	 4.64282E+01	 4.74457E+01	 4.11028E+01	 1.88759E+01	 5.00000E+01
 6.31259E+01	 5.35184E+01	 2.45607E+01	 6.10326E+01	 2.22100E+01	 4.01749E+01	 3.79486E+01	 4.64177E+01	 4.74457E+01	 4.10331E+01	 1.89302E+01	 5.00000E+01
 6.29748E+01	 5.37474E+01	 2.39748E+01	 6.11449E+01	 2.22100E+01	 3.85824E+01	 3.79712E+01	 4.64138E+01	 4.74457E+01	 4.08556E+01	 1.68292E+01	 5.00000E+01
 6.29139E+01	 5.38138E+01	 2.38020E+01	 6.12626E+01	 2.22100E+01	 3.84579E+01	 3.79710E+01	 4.64274E+01	 4.74457E+01	 4.09267E+01	 1.71448E+01	 5.00000E+01
 6.28697E+01	 5.38296E+01	 2.39727E+01	 6.11958E+01	 2.22100E+01	 3.96894E+01	 3.79595E+01	 4.64188E+01	 4.74457E+01	 4.09363E+01	 1.72080E+01	 5.00000E+01
 6.29641E+01	 5.37026E+01	 2.38547E+01	 6.11540E+01	 2.22100E+01	 4.08552E+01	 3.79667E+01	 4.64170E+01	 4.74457E+01	 4.09159E+01	 1.74176E+01	 5.00000E+01
 6.29368E+01	 5.37723E+01	 2.37316E+01	 6.11408E+01	 2.22100E+01	 4.20306E+01	 3.79608E+01	 4.64096E+01	 4.74457E+01	 4.08999E+01	 1.75037E+01	 5.00000E+01
 6.28709E+01	 5.38160E+01	 2.36609E+01	 6.11730E+01	 2.22100E+01	 4.22716E+01	 3.79483E+01	 4.64075E+01	 4.74457E+01	 4.08111E+01	 1.74938E+01	 5.00000E+01
 6.29116E+01	 5.37639E+01	 2.36506E+01	 6.11293E+01	 2.22100E+01	 4.19320E+01	 3.79600E+01	 4.63971E+01	 4.74457E+01	 4.07719E+01	 1.74272E+01	 5.00000E+01
 6.28739E+01	 5.38497E+01	 2.35073E+01	 6.12735E+01	 2.22100E+01	 4.22398E+01	 3.79567E+01	 4.64050E+01	 4.74457E+01	 4.08656E+01	 1.94504E+01	 5.00000E+01
 6.28054E+01	 5.39242E+01	 2.44480E+01	 6.10489E+01	 2.22100E+01	 4.23660E+01	 3.79393E+01	 4.64015E+01	 4.74457E+01	 4.10038E+01	 1.73149E+01	 5.00000E+01
 6.28474E+01	 5.38413E+01	 2.45730E+01	 6.11337E+01	 2.22100E+01	 4.21077E+01	 3.79537E+01	 4.64061E+01	 4.74457E+01	 4.09938E+01	 1.90907E+01	 5.00000E+01
 6.28425E+01	 5.38613E+01	 2.45790E+01	 6.11874E+01	 2.22100E+01	 4.25066E+01	 3.79465E+01	 4.64016E+01	 4.74457E+01	 4.08963E+01	 1.71804E+01	 5.00000E+01
 6.28198E+01	 5.38799E+01	 2.40267E+01	 6.11398E+01	 2.22100E+01	 4.23288E+01	 3.79395E+01	 4.63942E+01	 4.74457E+01	 4.09234E+01	 1.72274E+01	 5.00000E+01
 6.27915E+01	 5.39154E+01	 2.41520E+01	 6.11243E+01	 2.22100E+01	 4.16489E+01	 3.79642E+01	 4.64015E+01	 4.74457E+01	 4.09879E+01	 1.72960E+01	 5.00000E+01
 6.28214E+01	 5.38936E+01	 2.43558E+01	 6.11844E+01	 2.22100E+01	 4.15516E+01	 3.79539E+01	 4.63960E+01	 4.74457E+01	 4.10524E+01	 1.94824E+01	 5.00000E+01
 6.28481E+01	 5.38766E+01	 2.48075E+01	 6.09299E+01	 2.22100E+01	 4.13328E+01	 3.79254E+01	 4.63798E+01	 4.74457E+01	 4.10558E+01	 1.93382E+01	 5.00000E+01
 6.28331E+01	 5.39038E+01	 2.45947E+01	 6.10727E+01	 2.22100E+01	 4.05511E+01	 3.79732E+01	 4.63874E+01	 4.74457E+01	 4.10645E+01	 1.74006E+01	 5.00000E+01
 6.28458E+01	 5.38837E+01	 2.44791E+01	 6.12546E+01	 2.22100E+01	 4.07342E+01	 3.79639E+01	 4.63889E+01	 4.74457E+01	 4.11326E+01	 1.94161E+01	 5.00000E+01
 6.28631E+01	 5.38608E+01	 2.51864E+01	 6.09610E+01	 2.22100E+01	 4.07908E+01	 3.79751E+01	 4.63975E+01	 4.74457E+01	 4.10646E+01	 1.93544E+01	 5.00000E+01
 6.29671E+01	 5.37424E+01	 2.48168E+01	 6.10800E+01	 2.22100E+01	 4.02410E+01	 3.79602E+01	 4.63799E+01	 4.74457E+01	 4.10956E+01	 1.93946E+01	 5.00000E+01
 6.29295E+01	 5.38256E+01	 2.43920E+01	 6.10596E+01	 2.22100E+01	 3.97029E+01	 3.79639E+01	 4.63896E+01	 4.74457E+01	 4.09394E+01	 1.93042E+01	 5.00000E+01
 6.28803E+01	 5.38851E+01	 2.40630E+01	 6.13279E+01	 2.22100E+01	 3.88705E+01	 3.79856E+01	 4.63773E+01	 4.74457E+01	 4.08575E+01	 1.70042E+01	 5.00000E+01
 6.29301E+01	 5.38006E+01	 2.49187E+01	 6.09525E+01	 2.22100E+01	 3.87150E+01	 3.79898E+01	 4.63760E+01	 4.74457E+01	 4.09189E+01	 1.70292E+01	 5.00000E+01
 6.28667E+01	 5.39245E+01	 2.50287E+01	 6.11680E+01	 2.22100E+01	 3.83506E+01	 3.80033E+01	 4.63929E+01	 4.74457E+01	 4.11002E+01	 1.69507E+01	 5.00000E+01
 6.27795E+01	 5.40119E+01	 2.48715E+01	 6.11436E+01	 2.22100E+01	 3.94940E+01	 3.79962E+01	 4.63939E+01	 4.74457E+01	 4.09589E+01	 1.91167E+01	 5.00000E+01
 6.28459E+01	 5.38955E+01	 2.49572E+01	 6.11765E+01	 2.22100E+01	 3.99217E+01	 3.79944E+01	 4.63883E+01	 4.74457E+01	 4.08495E+01	 1.70760E+01	 5.00000E+01
 6.28913E+01	 5.38271E+01	 2.52340E+01	 6.11566E+01	 2.22100E+01	 4.02923E+01	 3.80127E+01	 4.63847E+01	 4.74457E+01	 4.09438E+01	 1.70870E+01	 5.00000E+01
 6.29271E+01	 5.37956E+01	 2.51683E+01	 6.09829E+01	 2.22100E+01	 4.00311E+01	 3.80278E+01	 4.63924E+01	 4.74457E+01	 4.10611E+01	 1.91318E+01	 5.00000E+01
 6.29628E+01	 5.37757E+01	 2.54383E+01	 6.11070E+01	 2.22100E+01	 3.94571E+01	 3.79974E+01	 4.63885E+01	 4.74457E+01	 4.10501E+01	 1.90788E+01	 5.00000E+01
 6.29136E+01	 5.38417E+01	 2.52540E+01	 6.10151E+01	 2.22100E+01	 3.85834E+01	 3.80027E+01	 4.63789E+01	 4.74457E+01	 4.09569E+01	 1.89552E+01	 5.00000E+01
 6.28695E+01	 5.38960E+01	 2.54044E+01	 6.11727E+01	 2.22100E+01	 3.73371E+01	 3.80075E+01	 4.63906E+01	 4.74457E+01	 4.08279E+01	 1.69664E+01	 5.00000E+01
 6.29165E+01	 5.38367E+01	 2.52594E+01	 6.11855E+01	 2.22100E+01	 3.76044E+01	 3.80153E+01	 4.63930E+01	 4.74457E+01	 4.10346E+01	 1.70415E+01	 5.00000E+01
 6.29006E+01	 5.38676E+01	 2.52681E+01	 6.10749E+01	 2.22100E+01	 3.83988E+01	 3.79811E+01	 4.63962E+01	 4.74457E+01	 4.10735E+01	 1.89886E+01	 5.00000E+01
 6.28762E+01	 5.39021E+01	 2.49252E+01	 6.10622E+01	 2.22100E+01	 3.78361E+01	 3.80451E+01	 4.64026E+01	 4.74457E+01	 4.09051E+01	 1.67625E+01	 5.00000E+01
 6.29333E+01	 5.37876E+01	 2.50985E+01	 6.11857E+01	 2.22100E+01	 3.78506E+01	 3.80145E+01	 4.63973E+01	 4.74457E+01	 4.10172E+01	 1.69566E+01	 5.00000E+01
 6.29002E+01	 5.38717E+01	 2.46691E+01	 6.11666E+01	 2.22100E+01	 3.83685E+01	 3.80064E+01	 4.64099E+01	 4.74457E+01	 4.10980E+01	 1.88770E+01	 5.00000E+01
 6.28459E+01	 5.39465E+01	 2.45432E+01	 6.11008E+01	 2.22100E+01	 3.88591E+01	 3.80031E+01	 4.64244E+01	 4.74457E+01	 4.10729E+01	 1.89149E+01	 5.00000E+01
 6.28111E+01	 5.39569E+01	 2.49893E+01	 6.12281E+01	 2.22100E+01	 3.87838E+01	 3.80030E+01	 4.64078E+01	 4.74457E+01	 4.11957E+01	 1.89956E+01	 5.00000E+01
 6.28944E+01	 5.38299E+01	 2.51060E+01	 6.11811E+01	 2.22100E+01	 4.02164E+01	 3.79859E+01	 4.64101E+01	 4.74457E+01	 4.10837E+01	 1.90960E+01	 5.00000E+01
 6.29720E+01	 5.37540E+01	 2.52660E+01	 6.10793E+01	 2.22100E+01	 4.06869E+01	 3.79923E+01	 4.63961E+01	 4.74457E+01	 4.09546E+01	 1.89885E+01	 5.00000E+01
 6.30913E+01	 5.36216E+01	 2.48879E+01	 6.10455E+01	 2.22100E+01	 3.96978E+01	 3.79869E+01	 4.64136E+01	 4.74457E+01	 4.09970E+01	 1.91023E+01	 5.00000E+01
 6.30468E+01	 5.37270E+01	 2.50864E+01	 6.11886E+01	 2.22100E+01	 3.76043E+01	 3.79736E+01	 4.64140E+01	 4.74457E+01	 4.11120E+01	 1.68686E+01	 5.00000E+01
 6.29485E+01	 5.38153E+01	 2.43614E+01	 6.12460E+01	 2.22100E+01	 3.71278E+01	 3.79959E+01	 4.64095E+01	 4.74457E+01	 4.12100E+01	 1.91994E+01	 5.00000E+01
 6.30086E+01	 5.37406E+01	 2.41219E+01	 6.10215E+01	 2.22100E+01	 3.75249E+01	 3.79934E+01	 4.64138E+01	 4.74457E+01	 4.11324E+01	 1.92390E+01	 5.00000E+01
 6.30101E+01	 5.37402E+01	 2.44329E+01	 6.11569E+01	 2.22100E+01	 3.69265E+01	 3.79895E+01	 4.64195E+01	 4.74457E+01	 4.09349E+01	 1.71647E+01	 5.00000E+01
 6.29953E+01	 5.37363E+01	 2.44973E+01	 6.10874E+01	 2.22100E+01	 3.69159E+01	 3.79866E+01	 4.64222E+01	 4.74457E+01	 4.10026E+01	 1.72445E+01	 5.00000E+01
 6.28545E+01	 5.39119E+01	 2.45207E+01	 6.11255E+01	 2.22100E+01	 3.69946E+01	 3.80214E+01	 4.64210E+01	 4.74457E+01	 4.10236E+01	 1.72557E+01	 5.00000E+01
 6.28200E+01	 5.39280E+01	 2.39202E+01	 6.12364E+01	 2.22100E+01	 3.85864E+01	 3.80181E+01	 4.64200E+01	 4.74457E+01	 4.10270E+01	 1.72933E+01	 5.00000E+01
 6.28229E+01	 5.39157E+01	 2.39287E+01	 6.12274E+01	 2.22100E+01	 4.09063E+01	 3.80010E+01	 4.64175E+01	 4.74457E+01	 4.10607E+01	 1.94877E+01	 5.00000E+01
 6.29096E+01	 5.37961E+01	 2.38484E+01	 6.11977E+01	 2.22100E+01	 4.22531E+01	 3.79804E+01	 4.64221E+01	 4.74457E+01	 4.10876E+01	 1.74391E+01	 5.00000E+01
 6.29428E+01	 5.37759E+01	 2.43315E+01	 6.11437E+01	 2.22100E+01	 4.21169E+01	 3.79929E+01	 4.64271E+01	 4.74457E+01	 4.10276E+01	 1.74254E+01	 5.00000E+01
 6.29428E+01	 5.37823E+01	 2.43228E+01	 6.10802E+01	 2.22100E+01	 4.13566E+01	 3.79948E+01	 4.64167E+01	 4.74457E+01	 4.09244E+01	 1.76909E+01	 5.00000E+01
 6.29326E+01	 5.38087E+01	 2.43675E+01	 6.10641E+01	 2.22100E+01	 4.10459E+01	 3.79615E+01	 4.64299E+01	 4.74457E+01	 4.08326E+01	 1.75315E+01	 5.00000E+01
 6.29444E+01	 5.37549E+01	 2.43844E+01	 6.10479E+01	 2.22100E+01	 3.99645E+01	 3.79798E+01	 4.64138E+01	 4.74457E+01	 4.08897E+01	 1.75830E+01	 5.00000E+01
 6.29753E+01	 5.37446E+01	 2.44431E+01	 6.11480E+01	 2.22100E+01	 3.87482E+01	 3.79689E+01	 4.64227E+01	 4.74457E+01	 4.09836E+01	 1.74028E+01	 5.00000E+01
 6.30122E+01	 5.37019E+01	 2.41986E+01	 6.11348E+01	 2.22100E+01	 3.83574E+01	 3.79763E+01	 4.64242E+01	 4.74457E+01	 4.09302E+01	 1.75975E+01	 5.00000E+01
 6.29644E+01	 5.37797E+01	 2.44095E+01	 6.12159E+01	 2.22100E+01	 3.85650E+01	 3.79729E+01	 4.64244E+01	 4.74457E+01	 4.09987E+01	 1.75743E+01	 5.00000E+01
 6.28994E+01	 5.38442E+01	 2.43474E+01	 6.11882E+01	 2.22100E+01	 3.92537E+01	 3.79488E+01	 4.64232E+01	 4.74457E+01	 4.08685E+01	 1.77039E+01	 5.00000E+01
 6.29791E+01	 5.37329E+01	 2.42650E+01	 6.11658E+01	 2.22100E+01	 4.01305E+01	 3.79794E+01	 4.64231E+01	 4.74457E+01	 4.10848E+01	 1.77039E+01	 5.00000E+01
 6.29726E+01	 5.37655E+01	 2.47328E+01	 6.11583E+01	 2.22100E+01	 4.00630E+01	 3.79984E+01	 4.64212E+01	 4.74457E+01	 4.10264E+01	 1.76028E+01	 5.00000E+01
 6.29452E+01	 5.37761E+01	 2.43949E+01	 6.10716E+01	 2.22100E+01	 4.01807E+01	 3.79958E+01	 4.64176E+01	 4.74457E+01	 4.09888E+01	 1.74826E+01	 5.00000E+01
 6.29012E+01	 5.38400E+01	 2.43457E+01	 6.12514E+01	 2.22100E+01	 4.00897E+01	 3.79959E+01	 4.64316E+01	 4.74457E+01	 4.08179E+01	 1.74851E+01	 5.00000E+01
 6.29126E+01	 5.38120E+01	 2.37541E+01	 6.12538E+01	 2.22100E+01	 4.04778E+01	 3.80116E+01	 4.64297E+01	 4.74457E+01	 4.08481E+01	 1.74409E+01	 5.00000E+01
 6.29196E+01	 5.37946E+01	 2.38643E+01	 6.11896E+01	 2.22100E+01	 4.13290E+01	 3.79999E+01	 4.64140E+01	 4.74457E+01	 4.08304E+01	 1.74696E+01	 5.00000E+01
 6.29673E+01	 5.37645E+01	 2.36022E+01	 6.13779E+01	 2.22100E+01	 4.22437E+01	 3.79761E+01	 4.64186E+01	 4.74457E+01	 4.10595E+01	 1.94708E+01	 5.00000E+01
 6.29730E+01	 5.37593E+01	 2.42045E+01	 6.10396E+01	 2.22100E+01	 4.28754E+01	 3.79746E+01	 4.64100E+01	 4.74457E+01	 4.09641E+01	 1.94803E+01	 5.00000E+01
 6.29680E+01	 5.37600E+01	 2.46310E+01	 6.09921E+01	 2.22100E+01	 4.15449E+01	 3.79778E+01	 4.64185E+01	 4.74457E+01	 4.10107E+01	 1.93413E+01	 5.00000E+01
 6.29713E+01	 5.37656E+01	 2.43638E+01	 6.12007E+01	 2.22100E+01	 4.04792E+01	 3.79807E+01	 4.64295E+01	 4.74457E+01	 4.09572E+01	 1.94088E+01	 5.00000E+01
 6.29949E+01	 5.37362E+01	 2.44480E+01	 6.10391E+01	 2.22100E+01	 3.97551E+01	 3.79780E+01	 4.64220E+01	 4.74457E+01	 4.09151E+01	 1.84932E+01	 5.00000E+01
 6.30053E+01	 5.37283E+01	 2.43690E+01	 6.12899E+01	 2.22100E+01	 3.93329E+01	 3.79757E+01	 4.64201E+01	 4.74457E+01	 4.09660E+01	 1.73226E+01	 5.00000E+01
 6.29227E+01	 5.38153E+01	 2.44359E+01	 6.11831E+01	 2.22100E+01	 3.96723E+01	 3.79790E+01	 4.64198E+01	 4.74457E+01	 4.08380E+01	 1.74322E+01	 5.00000E+01
 6.29771E+01	 5.37297E+01	 2.46852E+01	 6.10471E+01	 2.22100E+01	 4.03429E+01	 3.79781E+01	 4.64074E+01	 4.74457E+01	 4.09352E+01	 1.74702E+01	 5.00000E+01
 6.30450E+01	 5.36607E+01	 2.48402E+01	 6.11182E+01	 2.22100E+01	 3.99315E+01	 3.79852E+01	 4.64183E+01	 4.74457E+01	 4.09123E+01	 1.73992E+01	 5.00000E+01
 6.30341E+01	 5.37170E+01	 2.45474E+01	 6.11196E+01	 2.22100E+01	 3.90112E+01	 3.80184E+01	 4.64262E+01	 4.74457E+01	 4.09616E+01	 1.75522E+01	 5.00000E+01
 6.30000E+01	 5.37380E+01	 2.41192E+01	 6.11510E+01	 2.22100E+01	 3.85310E+01	 3.80225E+01	 4.64082E+01	 4.74457E+01	 4.09976E+01	 1.75507E+01	 5.00000E+01
 6.29867E+01	 5.37594E+01	 2.43535E+01	 6.11528E+01	 2.22100E+01	 3.92321E+01	 3.79839E+01	 4.64212E+01	 4.74457E+01	 4.10206E+01	 1.75607E+01	 5.00000E+01
 6.29334E+01	 5.38365E+01	 2.47007E+01	 6.10353E+01	 2.22100E+01	 3.97872E+01	 3.80007E+01	 4.64133E+01	 4.74457E+01	 4.09887E+01	 1.73471E+01	 5.00000E+01
 6.29804E+01	 5.37613E+01	 2.44877E+01	 6.12409E+01	 2.22100E+01	 4.05428E+01	 3.80199E+01	 4.64254E+01	 4.74457E+01	 4.11145E+01	 1.94308E+01	 5.00000E+01
 6.30305E+01	 5.36798E+01	 2.44700E+01	 6.11698E+01	 2.22100E+01	 4.06115E+01	 3.80305E+01	 4.64277E+01	 4.74457E+01	 4.09146E+01	 1.72905E+01	 5.00000E+01
 6.28914E+01	 5.38824E+01	 2.44431E+01	 6.12593E+01	 2.22100E+01	 4.05733E+01	 3.80006E+01	 4.64201E+01	 4.74457E+01	 4.08902E+01	 1.71524E+01	 5.00000E+01
 6.28825E+01	 5.38492E+01	 2.47601E+01	 6.11257E+01	 2.22100E+01	 4.10593E+01	 3.80085E+01	 4.64113E+01	 4.74457E+01	 4.10502E+01	 1.90677E+01	 5.00000E+01
 6.29218E+01	 5.38142E+01	 2.51959E+01	 6.10229E+01	 2.22100E+01	 4.09345E+01	 3.80171E+01	 4.64403E+01	 4.74457E+01	 4.09518E+01	 1.70217E+01	 5.00000E+01
 6.29606E+01	 5.37597E+01	 2.51978E+01	 6.10527E+01	 2.22100E+01	 4.07225E+01	 3.80082E+01	 4.64403E+01	 4.74457E+01	 4.09683E+01	 1.90370E+01	 5.00000E+01
 6.29545E+01	 5.37885E+01	 2.45259E+01	 6.11076E+01	 2.22100E+01	 3.93203E+01	 3.79967E+01	 4.64449E+01	 4.74457E+01	 4.09596E+01	 1.68173E+01	 5.00000E+01
 6.29373E+01	 5.38124E+01	 2.46507E+01	 6.11411E+01	 2.22100E+01	 3.83900E+01	 3.80186E+01	 4.64280E+01	 4.74457E+01	 4.11522E+01	 1.88789E+01	 5.00000E+01
 6.31167E+01	 5.35654E+01	 2.43524E+01	 6.10765E+01	 2.22100E+01	 3.78731E+01	 3.80099E+01	 4.64391E+01	 4.74457E+01	 4.09738E+01	 1.67833E+01	 5.00000E+01
 6.30887E+01	 5.36739E+01	 2.43220E+01	 6.11623E+01	 2.22100E+01	 3.73521E+01	 3.80020E+01	 4.64287E+01	 4.74457E+01	 4.11384E+01	 1.88723E+01	 5.00000E+01
 6.29964E+01	 5.37847E+01	 2.44382E+01	 6.12327E+01	 2.22100E+01	 3.69086E+01	 3.80005E+01	 4.64362E+01	 4.74457E+01	 4.09985E+01	 1.88936E+01	 5.00000E+01
 6.30173E+01	 5.37210E+01	 2.53463E+01	 6.11533E+01	 2.22100E+01	 3.79651E+01	 3.80080E+01	 4.64167E+01	 4.74457E+01	 4.09621E+01	 1.88845E+01	 5.00000E+01
 6.30623E+01	 5.36930E+01	 2.51968E+01	 6.11559E+01	 2.22100E+01	 3.84016E+01	 3.80304E+01	 4.64320E+01	 4.74457E+01	 4.09264E+01	 1.65899E+01	 5.00000E+01
 6.30832E+01	 5.36548E+01	 2.45563E+01	 6.11692E+01	 2.22100E+01	 3.92970E+01	 3.80283E+01	 4.64359E+01	 4.74457E+01	 4.10512E+01	 1.85149E+01	 5.00000E+01
 6.31069E+01	 5.36255E+01	 2.43737E+01	 6.11870E+01	 2.22100E+01	 4.02422E+01	 3.80153E+01	 4.64223E+01	 4.74457E+01	 4.11182E+01	 1.85716E+01	 5.00000E+01
 6.30622E+01	 5.37011E+01	 2.43667E+01	 6.12612E+01	 2.22100E+01	 4.05063E+01	 3.80348E+01	 4.64266E+01	 4.74457E+01	 4.11228E+01	 1.85055E+01	 5.00000E+01
 6.29990E+01	 5.37456E+01	 2.43627E+01	 6.12277E+01	 2.22100E+01	 4.05848E+01	 3.80140E+01	 4.64276E+01	 4.74457E+01	 4.10271E+01	 1.87340E+01	 5.00000E+01
 6.29508E+01	 5.38000E+01	 2.45666E+01	 6.10463E+01	 2.22100E+01	 4.10403E+01	 3.80125E+01	 4.64306E+01	 4.74457E+01	 4.09413E+01	 1.87356E+01	 5.00000E+01
 6.29486E+01	 5.37902E+01	 2.49936E+01	 6.10368E+01	 2.22100E+01	 4.05428E+01	 3.80151E+01	 4.64344E+01	 4.74457E+01	 4.10786E+01	 1.90953E+01	 5.00000E+01
 6.29587E+01	 5.37598E+01	 2.52305E+01	 6.11038E+01	 2.22100E+01	 4.02166E+01	 3.79943E+01	 4.64439E+01	 4.74457E+01	 4.10146E+01	 1.91131E+01	 5.00000E+01
 6.29955E+01	 5.37214E+01	 2.51387E+01	 6.11047E+01	 2.22100E+01	 3.99212E+01	 3.79947E+01	 4.64381E+01	 4.74457E+01	 4.09339E+01	 1.90494E+01	 5.00000E+01
 6.29587E+01	 5.37852E+01	 2.47196E+01	 6.11336E+01	 2.22100E+01	 3.96708E+01	 3.79970E+01	 4.64350E+01	 4.74457E+01	 4.10398E+01	 1.71714E+01	 5.00000E+01
 6.29124E+01	 5.38163E+01	 2.41324E+01	 6.12218E+01	 2.22100E+01	 3.96140E+01	 3.79876E+01	 4.64351E+01	 4.74457E+01	 4.11017E+01	 1.94042E+01	 5.00000E+01
 6.29443E+01	 5.37709E+01	 2.50768E+01	 6.10680E+01	 2.22100E+01	 3.97459E+01	 3.79939E+01	 4.64309E+01	 4.74457E+01	 4.10592E+01	 1.93326E+01	 5.00000E+01
 6.29049E+01	 5.38334E+01	 2.49706E+01	 6.11998E+01	 2.22100E+01	 4.00295E+01	 3.79899E+01	 4.64272E+01	 4.74457E+01	 4.09925E+01	 1.79490E+01	 5.00000E+01
 6.28603E+01	 5.38956E+01	 2.49236E+01	 6.11200E+01	 2.22100E+01	 4.03182E+01	 3.80041E+01	 4.64439E+01	 4.74457E+01	 4.09727E+01	 1.69635E+01	 5.00000E+01
 6.28677E+01	 5.38655E+01	 2.51665E+01	 6.12511E+01	 2.22100E+01	 4.10854E+01	 3.79963E+01	 4.64188E+01	 4.74457E+01	 4.10959E+01	 1.91807E+01	 5.00000E+01
 6.29504E+01	 5.37459E+01	 2.49891E+01	 6.12163E+01	 2.22100E+01	 4.22476E+01	 3.79907E+01	 4.64362E+01	 4.74457E+01	 4.09308E+01	 1.90362E+01	 5.00000E+01
 6.30209E+01	 5.36632E+01	 2.48963E+01	 6.11587E+01	 2.22100E+01	 4.23441E+01	 3.80039E+01	 4.64272E+01	 4.74457E+01	 4.08691E+01	 1.68818E+01	 5.00000E+01
 6.30207E+01	 5.36988E+01	 2.50148E+01	 6.10496E+01	 2.22100E+01	 4.14542E+01	 3.79832E+01	 4.64238E+01	 4.74457E+01	 4.09231E+01	 1.69547E+01	 5.00000E+01
 6.29400E+01	 5.38331E+01	 2.54165E+01	 6.10304E+01	 2.22100E+01	 3.97233E+01	 3.79772E+01	 4.64321E+01	 4.74457E+01	 4.09165E+01	 1.70649E+01	 5.00000E+01
 6.28551E+01	 5.39112E+01	 2.48023E+01	 6.12536E+01	 2.22100E+01	 3.87857E+01	 3.79842E+01	 4.64348E+01	 4.74457E+01	 4.11241E+01	 1.88968E+01	 5.00000E+01
 6.30273E+01	 5.36735E+01	 2.45172E+01	 6.11375E+01	 2.22100E+01	 3.90233E+01	 3.79809E+01	 4.64325E+01	 4.74457E+01	 4.11675E+01	 1.88544E+01	 5.00000E+01
 6.30629E+01	 5.36642E+01	 2.48349E+01	 6.10693E+01	 2.22100E+01	 3.92470E+01	 3.79628E+01	 4.64431E+01	 4.74457E+01	 4.10824E+01	 1.86945E+01	 5.00000E+01
 6.30607E+01	 5.36639E+01	 2.49905E+01	 6.10882E+01	 2.22100E+01	 3.83350E+01	 3.79738E+01	 4.64357E+01	 4.74457E+01	 4.09991E+01	 1.74202E+01	 5.00000E+01
 6.29645E+01	 5.38080E+01	 2.45104E+01	 6.11280E+01	 2.22100E+01	 3.82625E+01	 3.79693E+01	 4.64281E+01	 4.74457E+01	 4.08680E+01	 1.64844E+01	 5.00000E+01
 6.29600E+01	 5.37906E+01	 2.36232E+01	 6.12542E+01	 2.22100E+01	 3.83559E+01	 3.79955E+01	 4.64247E+01	 4.74457E+01	 4.08536E+01	 1.62753E+01	 5.00000E+01
 6.29903E+01	 5.37578E+01	 2.36297E+01	 6.12284E+01	 2.22100E+01	 3.97136E+01	 3.79807E+01	 4.64314E+01	 4.74457E+01	 4.09293E+01	 1.82891E+01	 5.00000E+01
 6.29491E+01	 5.38008E+01	 2.37467E+01	 6.11460E+01	 2.22100E+01	 4.01794E+01	 3.79735E+01	 4.64153E+01	 4.74457E+01	 4.09430E+01	 1.81851E+01	 5.00000E+01
 6.30363E+01	 5.36703E+01	 2.41815E+01	 6.12717E+01	 2.22100E+01	 4.01751E+01	 3.79982E+01	 4.64248E+01	 4.74457E+01	 4.09779E+01	 1.80720E+01	 5.00000E+01
 6.31104E+01	 5.35935E+01	 2.45952E+01	 6.11622E+01	 2.22100E+01	 4.17889E+01	 3.79757E+01	 4.64240E+01	 4.74457E+01	 4.12437E+01	 1.81119E+01	 5.00000E+01
 6.29674E+01	 5.37982E+01	 2.38061E+01	 6.11924E+01	 2.22100E+01	 4.13734E+01	 3.79811E+01	 4.64169E+01	 4.74457E+01	 4.09577E+01	 1.82032E+01	 5.00000E+01
 6.29427E+01	 5.38210E+01	 2.38326E+01	 6.11795E+01	 2.22100E+01	 4.13572E+01	 3.79646E+01	 4.64294E+01	 4.74457E+01	 4.10217E+01	 2.00210E+01	 5.00000E+01
 6.29565E+01	 5.37880E+01	 2.38171E+01	 6.11483E+01	 2.22100E+01	 4.09783E+01	 3.79607E+01	 4.64315E+01	 4.74457E+01	 4.10506E+01	 1.82595E+01	 5.00000E+01
 6.30168E+01	 5.36890E+01	 2.45311E+01	 6.10233E+01	 2.22100E+01	 4.01769E+01	 3.79600E+01	 4.64224E+01	 4.74457E+01	 4.08176E+01	 1.82595E+01	 5.00000E+01
 6.30028E+01	 5.37275E+01	 2.38647E+01	 6.12867E+01	 2.22100E+01	 4.02322E+01	 3.79617E+01	 4.64314E+01	 4.74457E+01	 4.10270E+01	 1.82105E+01	 5.00000E+01
 6.29658E+01	 5.37757E+01	 2.36967E+01	 6.12486E+01	 2.22100E+01	 3.92927E+01	 3.79972E+01	 4.64161E+01	 4.74457E+01	 4.08538E+01	 1.61553E+01	 5.00000E+01
