 6.30525E+01	 5.39795E+01	 2.46436E+01	 6.13019E+01	 2.22100E+01	 4.00637E+01	 3.81003E+01	 4.65342E+01	 4.74457E+01	 4.11058E+01	 1.81135E+01	 5.00000E+01
 6.28988E+01	 5.38180E+01	 2.47460E+01	 6.11748E+01	 2.22100E+01	 3.98723E+01	 3.80527E+01	 4.64725E+01	 4.74457E+01	 4.09918E+01	 1.76883E+01	 5.00000E+01
 6.28093E+01	 5.37835E+01	 2.49528E+01	 6.11873E+01	 2.22100E+01	 3.94096E+01	 3.80389E+01	 4.64554E+01	 4.74457E+01	 4.09929E+01	 1.78881E+01	 5.00000E+01
 6.27677E+01	 5.37941E+01	 2.51011E+01	 6.10800E+01	 2.22100E+01	 3.93265E+01	 3.80381E+01	 4.64358E+01	 4.74457E+01	 4.09560E+01	 1.73808E+01	 5.00000E+01
 6.29096E+01	 5.35631E+01	 2.47833E+01	 6.12402E+01	 2.22100E+01	 3.93749E+01	 3.80160E+01	 4.64337E+01	 4.74457E+01	 4.10695E+01	 1.76394E+01	 5.00000E+01
 6.29385E+01	 5.35593E+01	 2.52913E+01	 6.11315E+01	 2.22100E+01	 3.93487E+01	 3.79920E+01	 4.64453E+01	 4.74457E+01	 4.10564E+01	 1.76912E+01	 5.00000E+01
 6.29449E+01	 5.35630E+01	 2.47035E+01	 6.11540E+01	 2.22100E+01	 3.88524E+01	 3.79835E+01	 4.64297E+01	 4.74457E+01	 4.10509E+01	 1.76713E+01	 5.00000E+01
 6.28740E+01	 5.35781E+01	 2.48159E+01	 6.09852E+01	 2.22100E+01	 4.15718E+01	 3.78840E+01	 4.62942E+01	 4.74457E+01	 4.04918E+01	 1.82609E+01	 5.00000E+01
 6.28635E+01	 5.35612E+01	 2.67014E+01	 6.09621E+01	 2.22100E+01	 5.09806E+01	 3.77697E+01	 4.61800E+01	 4.74457E+01	 4.02548E+01	 1.79523E+01	 5.00000E+01
 6.28669E+01	 5.35324E+01	 2.84171E+01	 6.08758E+01	 2.22100E+01	 6.57950E+01	 3.76781E+01	 4.61110E+01	 4.74457E+01	 3.98968E+01	 1.79083E+01	 5.00000E+01
 6.27762E+01	 5.36760E+01	 3.10184E+01	 6.06402E+01	 2.22100E+01	 8.28186E+01	 3.75936E+01	 4.60760E+01	 4.74457E+01	 3.95335E+01	 1.81430E+01	 5.00000E+01
 6.27990E+01	 5.36522E+01	 3.40925E+01	 6.02645E+01	 2.22100E+01	 9.99759E+01	 3.75325E+01	 4.60514E+01	 4.74457E+01	 3.91625E+01	 1.80483E+01	 5.00000E+01
 6.28372E+01	 5.36226E+01	 3.78339E+01	 6.00215E+01	 2.22100E+01	 1.00000E+02	 3.74923E+01	 4.60315E+01	 4.74457E+01	 3.90478E+01	 1.82409E+01	 5.00000E+01
 6.27405E+01	 5.37810E+01	 4.12400E+01	 5.98318E+01	 2.22100E+01	 1.00000E+02	 3.74443E+01	 4.60073E+01	 4.74457E+01	 3.89793E+01	 1.84909E+01	 5.00000E+01
 6.27622E+01	 5.38093E+01	 4.48312E+01	 5.97085E+01	 2.22100E+01	 1.00000E+02	 3.74369E+01	 4.59957E+01	 4.74457E+01	 3.89750E+01	 1.92071E+01	 5.00000E+01
 6.28105E+01	 5.38196E+01	 4.78467E+01	 5.94337E+01	 2.22100E+01	 1.00000E+02	 3.74477E+01	 4.59772E+01	 4.74457E+01	 3.90445E+01	 1.92050E+01	 5.00000E+01
 6.28292E+01	 5.38845E+01	 5.14186E+01	 5.92512E+01	 2.22100E+01	 1.00000E+02	 3.74816E+01	 4.59530E+01	 4.74457E+01	 3.90492E+01	 1.93830E+01	 5.00000E+01
 6.28511E+01	 5.39338E+01	 5.46917E+01	 5.90091E+01	 2.22100E+01	 1.00000E+02	 3.75058E+01	 4.59173E+01	 4.74457E+01	 3.90244E+01	 1.97051E+01	 5.00000E+01
 6.28771E+01	 5.39901E+01	 5.84636E+01	 5.88656E+01	 2.22100E+01	 1.00000E+02	 3.75902E+01	 4.58931E+01	 4.74457E+01	 3.90494E+01	 2.02876E+01	 5.00000E+01
 6.28701E+01	 5.41003E+01	 6.19533E+01	 5.87005E+01	 2.22100E+01	 1.00000E+02	 3.76848E+01	 4.58751E+01	 4.74457E+01	 3.90652E+01	 2.08887E+01	 5.00000E+01
 6.28568E+01	 5.42104E+01	 6.52173E+01	 5.84251E+01	 2.22100E+01	 1.00000E+02	 3.77958E+01	 4.58589E+01	 4.74457E+01	 3.91031E+01	 2.08349E+01	 5.00000E+01
 6.28504E+01	 5.43056E+01	 6.76629E+01	 5.83246E+01	 2.22100E+01	 1.00000E+02	 3.78778E+01	 4.58477E+01	 4.74457E+01	 3.91256E+01	 2.13506E+01	 5.00000E+01
 6.29566E+01	 5.42588E+01	 7.12736E+01	 5.81427E+01	 2.22100E+01	 1.00000E+02	 3.79522E+01	 4.58450E+01	 4.74457E+01	 3.92060E+01	 2.15716E+01	 5.00000E+01
 6.28502E+01	 5.44891E+01	 7.40511E+01	 5.79791E+01	 2.22100E+01	 1.00000E+02	 3.80332E+01	 4.58173E+01	 4.74457E+01	 3.92773E+01	 2.21765E+01	 5.00000E+01
 6.27461E+01	 5.46691E+01	 7.66375E+01	 5.78436E+01	 2.22100E+01	 1.00000E+02	 3.81177E+01	 4.58111E+01	 4.74457E+01	 3.92526E+01	 2.15923E+01	 5.00000E+01
 6.26654E+01	 5.48152E+01	 7.95255E+01	 5.76609E+01	 2.22100E+01	 1.00000E+02	 3.81808E+01	 4.57964E+01	 4.74457E+01	 3.93401E+01	 2.27344E+01	 5.00000E+01
 6.26769E+01	 5.48354E+01	 8.13760E+01	 5.74619E+01	 2.22100E+01	 1.00000E+02	 3.82209E+01	 4.57916E+01	 4.74457E+01	 3.94121E+01	 2.22062E+01	 5.00000E+01
 6.27082E+01	 5.48497E+01	 8.41038E+01	 5.74033E+01	 2.22100E+01	 1.00000E+02	 3.82591E+01	 4.57909E+01	 4.74457E+01	 3.95658E+01	 2.25994E+01	 5.00000E+01
 6.28079E+01	 5.47675E+01	 8.62309E+01	 5.72421E+01	 2.22100E+01	 1.00000E+02	 3.82598E+01	 4.57778E+01	 4.74457E+01	 3.96776E+01	 2.25930E+01	 5.00000E+01
 6.28436E+01	 5.48071E+01	 8.77875E+01	 5.71407E+01	 2.22100E+01	 1.00000E+02	 3.82837E+01	 4.57670E+01	 4.74457E+01	 3.98026E+01	 2.20727E+01	 5.00000E+01
 6.28533E+01	 5.48385E+01	 8.99604E+01	 5.69719E+01	 2.22100E+01	 1.00000E+02	 3.82653E+01	 4.57580E+01	 4.74457E+01	 3.98524E+01	 2.27808E+01	 5.00000E+01
 6.29986E+01	 5.46793E+01	 9.13209E+01	 5.70183E+01	 2.22100E+01	 9.99974E+01	 3.82378E+01	 4.57486E+01	 4.74457E+01	 4.00522E+01	 2.18503E+01	 5.00000E+01
 6.30335E+01	 5.47142E+01	 9.29517E+01	 5.68116E+01	 2.22100E+01	 8.25102E+01	 3.81957E+01	 4.57304E+01	 4.74457E+01	 4.02756E+01	 2.17416E+01	 5.00000E+01
 6.30520E+01	 5.47495E+01	 9.45795E+01	 5.68243E+01	 2.22100E+01	 4.65394E+01	 3.81602E+01	 4.57368E+01	 4.74457E+01	 4.09955E+01	 2.27766E+01	 5.00000E+01
 6.30342E+01	 5.47962E+01	 9.54680E+01	 5.67828E+01	 2.22100E+01	 2.10199E+01	 3.81428E+01	 4.57319E+01	 4.74457E+01	 4.14982E+01	 2.24396E+01	 5.00000E+01
 6.30185E+01	 5.48460E+01	 9.62659E+01	 5.67718E+01	 2.22100E+01	 9.42971E+00	 3.81587E+01	 4.57172E+01	 4.74457E+01	 4.18312E+01	 2.23777E+01	 5.00000E+01
 6.29985E+01	 5.48887E+01	 9.65265E+01	 5.68202E+01	 2.22100E+01	 4.19735E+00	 3.82286E+01	 4.57073E+01	 4.74457E+01	 4.20284E+01	 2.24373E+01	 5.00000E+01
 6.31620E+01	 5.47269E+01	 9.70979E+01	 5.66958E+01	 2.22100E+01	 1.85775E+00	 3.83227E+01	 4.57263E+01	 4.74457E+01	 4.21249E+01	 2.20972E+01	 5.00000E+01
 6.31443E+01	 5.48052E+01	 9.73952E+01	 5.66169E+01	 2.22100E+01	 8.12410E-01	 3.84099E+01	 4.57593E+01	 4.74457E+01	 4.21032E+01	 2.23245E+01	 5.00000E+01
 6.30968E+01	 5.48798E+01	 9.68123E+01	 5.68093E+01	 2.22100E+01	 3.49139E-01	 3.85313E+01	 4.57975E+01	 4.74457E+01	 4.20826E+01	 2.24732E+01	 5.00000E+01
 6.30773E+01	 5.48820E+01	 9.67035E+01	 5.65714E+01	 2.22100E+01	 1.59269E-01	 3.86242E+01	 4.58520E+01	 4.74457E+01	 4.20502E+01	 2.17420E+01	 5.00000E+01
 6.31481E+01	 5.47400E+01	 9.60659E+01	 5.67807E+01	 2.22100E+01	 6.37673E-02	 3.86603E+01	 4.58920E+01	 4.74457E+01	 4.20937E+01	 2.15658E+01	 5.00000E+01
 6.32152E+01	 5.46463E+01	 9.53464E+01	 5.67145E+01	 2.22100E+01	 2.89424E-02	 3.86995E+01	 4.59592E+01	 4.74457E+01	 4.22183E+01	 2.13637E+01	 5.00000E+01
 6.32164E+01	 5.46151E+01	 9.40950E+01	 5.68634E+01	 2.22100E+01	 1.66658E-02	 3.86732E+01	 4.60150E+01	 4.74457E+01	 4.21923E+01	 2.08094E+01	 5.00000E+01
 6.33010E+01	 5.44499E+01	 9.35398E+01	 5.67948E+01	 2.22100E+01	 9.50891E-03	 3.86657E+01	 4.60804E+01	 4.74457E+01	 4.22977E+01	 2.07615E+01	 5.00000E+01
 6.33581E+01	 5.43207E+01	 9.19052E+01	 5.69232E+01	 2.22100E+01	 0.00000E+00	 3.86468E+01	 4.61284E+01	 4.74457E+01	 4.23367E+01	 2.06412E+01	 5.00000E+01
 6.32393E+01	 5.44183E+01	 9.09698E+01	 5.69701E+01	 2.22100E+01	 4.46846E-03	 3.85796E+01	 4.61926E+01	 4.74457E+01	 4.23408E+01	 1.94955E+01	 5.00000E+01
 6.32505E+01	 5.42798E+01	 8.99156E+01	 5.70039E+01	 2.22100E+01	 6.75029E-05	 3.85296E+01	 4.62500E+01	 4.74457E+01	 4.24019E+01	 1.92945E+01	 5.00000E+01
 6.32856E+01	 5.41668E+01	 8.79301E+01	 5.70145E+01	 2.22100E+01	 1.92398E-03	 3.84466E+01	 4.63011E+01	 4.74457E+01	 4.24520E+01	 1.89419E+01	 5.00000E+01
 6.32796E+01	 5.41048E+01	 8.60524E+01	 5.71585E+01	 2.22100E+01	 7.58117E-03	 3.83761E+01	 4.63541E+01	 4.74457E+01	 4.25023E+01	 1.84361E+01	 5.00000E+01
 6.32860E+01	 5.40082E+01	 8.49050E+01	 5.71493E+01	 2.22100E+01	 4.35341E-03	 3.82813E+01	 4.63980E+01	 4.74457E+01	 4.25058E+01	 1.81058E+01	 5.00000E+01
 6.32717E+01	 5.39240E+01	 8.36714E+01	 5.72084E+01	 2.22100E+01	 6.32529E-03	 3.81906E+01	 4.64302E+01	 4.74457E+01	 4.24916E+01	 1.80500E+01	 5.00000E+01
 6.32750E+01	 5.38680E+01	 8.16402E+01	 5.72370E+01	 2.22100E+01	 1.44890E-03	 3.81387E+01	 4.64694E+01	 4.74457E+01	 4.24324E+01	 1.75181E+01	 5.00000E+01
 6.32929E+01	 5.37607E+01	 8.01662E+01	 5.73244E+01	 2.22100E+01	 1.28534E-03	 3.80889E+01	 4.65109E+01	 4.74457E+01	 4.24274E+01	 1.76025E+01	 5.00000E+01
 6.32992E+01	 5.36922E+01	 7.82090E+01	 5.74446E+01	 2.22100E+01	 4.88981E-03	 3.80451E+01	 4.65398E+01	 4.74457E+01	 4.24441E+01	 1.72492E+01	 5.00000E+01
 6.32018E+01	 5.37445E+01	 7.66173E+01	 5.74885E+01	 2.22100E+01	 2.31791E-03	 3.80157E+01	 4.65624E+01	 4.74457E+01	 4.23801E+01	 1.69272E+01	 5.00000E+01
 6.32280E+01	 5.36413E+01	 7.52153E+01	 5.76019E+01	 2.22100E+01	 1.56101E-03	 3.79658E+01	 4.66176E+01	 4.74457E+01	 4.22812E+01	 1.67397E+01	 5.00000E+01
 6.32506E+01	 5.35524E+01	 7.42245E+01	 5.75870E+01	 2.22100E+01	 6.78733E-04	 3.79355E+01	 4.66258E+01	 4.74457E+01	 4.22187E+01	 1.72764E+01	 5.00000E+01
 6.33124E+01	 5.34328E+01	 7.22890E+01	 5.76834E+01	 2.22100E+01	 3.23570E-03	 3.79326E+01	 4.66522E+01	 4.74457E+01	 4.21975E+01	 1.61550E+01	 5.00000E+01
 6.32122E+01	 5.35674E+01	 7.04254E+01	 5.78200E+01	 2.22100E+01	 4.46045E-03	 3.79237E+01	 4.66962E+01	 4.74457E+01	 4.21807E+01	 1.64835E+01	 5.00000E+01
 6.30611E+01	 5.36438E+01	 6.92697E+01	 5.79492E+01	 2.22100E+01	 3.00458E-03	 3.79160E+01	 4.67228E+01	 4.74457E+01	 4.20569E+01	 1.67724E+01	 5.00000E+01
 6.30860E+01	 5.35434E+01	 6.87926E+01	 5.80018E+01	 2.22100E+01	 2.14237E-03	 3.79620E+01	 4.67400E+01	 4.74457E+01	 4.20230E+01	 1.66094E+01	 5.00000E+01
 6.30908E+01	 5.34732E+01	 6.74100E+01	 5.80179E+01	 2.22100E+01	 5.47016E-04	 3.79715E+01	 4.67671E+01	 4.74457E+01	 4.20182E+01	 1.65823E+01	 5.00000E+01
 6.31010E+01	 5.34441E+01	 6.66453E+01	 5.81005E+01	 2.22100E+01	 6.89494E-01	 3.79737E+01	 4.68044E+01	 4.74457E+01	 4.19335E+01	 1.68669E+01	 5.00000E+01
 6.30348E+01	 5.34924E+01	 6.52899E+01	 5.80967E+01	 2.22100E+01	 5.57085E+00	 3.80152E+01	 4.68397E+01	 4.74457E+01	 4.17269E+01	 1.66462E+01	 5.00000E+01
 6.30435E+01	 5.34065E+01	 6.43755E+01	 5.82349E+01	 2.22100E+01	 1.35351E+01	 3.80273E+01	 4.68700E+01	 4.74457E+01	 4.15767E+01	 1.65974E+01	 5.00000E+01
 6.30472E+01	 5.33394E+01	 6.37374E+01	 5.80430E+01	 2.22100E+01	 2.21088E+01	 3.80499E+01	 4.68830E+01	 4.74457E+01	 4.13431E+01	 1.67119E+01	 5.00000E+01
 6.30380E+01	 5.33169E+01	 6.25577E+01	 5.83128E+01	 2.22100E+01	 2.95614E+01	 3.80616E+01	 4.69272E+01	 4.74457E+01	 4.11816E+01	 1.68365E+01	 5.00000E+01
 6.30101E+01	 5.33052E+01	 6.20404E+01	 5.81301E+01	 2.22100E+01	 3.56392E+01	 3.80457E+01	 4.69474E+01	 4.74457E+01	 4.09977E+01	 1.69169E+01	 5.00000E+01
 6.29930E+01	 5.32809E+01	 6.16130E+01	 5.82604E+01	 2.22100E+01	 3.94731E+01	 3.80167E+01	 4.69711E+01	 4.74457E+01	 4.08667E+01	 1.68708E+01	 5.00000E+01
 6.29614E+01	 5.32727E+01	 6.18508E+01	 5.82677E+01	 2.22100E+01	 4.24396E+01	 3.79998E+01	 4.69924E+01	 4.74457E+01	 4.07816E+01	 1.67175E+01	 5.00000E+01
 6.29075E+01	 5.33051E+01	 6.16215E+01	 5.82563E+01	 2.22100E+01	 4.50825E+01	 3.79773E+01	 4.69946E+01	 4.74457E+01	 4.07478E+01	 1.64668E+01	 5.00000E+01
 6.28527E+01	 5.33120E+01	 6.15772E+01	 5.81719E+01	 2.22100E+01	 4.71855E+01	 3.79387E+01	 4.69996E+01	 4.74457E+01	 4.06135E+01	 1.70683E+01	 5.00000E+01
 6.28666E+01	 5.32691E+01	 6.20891E+01	 5.81687E+01	 2.22100E+01	 4.86233E+01	 3.79298E+01	 4.69958E+01	 4.74457E+01	 4.05873E+01	 1.66791E+01	 5.00000E+01
 6.28404E+01	 5.32776E+01	 6.22874E+01	 5.82511E+01	 2.22100E+01	 5.02100E+01	 3.79128E+01	 4.69797E+01	 4.74457E+01	 4.05392E+01	 1.71384E+01	 5.00000E+01
 6.28154E+01	 5.33026E+01	 6.20822E+01	 5.81884E+01	 2.22100E+01	 5.20320E+01	 3.78859E+01	 4.69812E+01	 4.74457E+01	 4.04945E+01	 1.72136E+01	 5.00000E+01
 6.28111E+01	 5.32776E+01	 6.21138E+01	 5.82924E+01	 2.22100E+01	 5.40979E+01	 3.78784E+01	 4.69566E+01	 4.74457E+01	 4.04642E+01	 1.70160E+01	 5.00000E+01
 6.27211E+01	 5.34085E+01	 6.27582E+01	 5.81840E+01	 2.22100E+01	 5.61516E+01	 3.78783E+01	 4.69394E+01	 4.74457E+01	 4.03557E+01	 1.66717E+01	 5.00000E+01
 6.26379E+01	 5.35067E+01	 6.39743E+01	 5.80565E+01	 2.22100E+01	 5.81436E+01	 3.79014E+01	 4.69451E+01	 4.74457E+01	 4.02050E+01	 1.76253E+01	 5.00000E+01
 6.27111E+01	 5.33992E+01	 6.43943E+01	 5.81747E+01	 2.22100E+01	 5.92681E+01	 3.78885E+01	 4.69245E+01	 4.74457E+01	 4.02371E+01	 1.72678E+01	 5.00000E+01
 6.26723E+01	 5.34538E+01	 6.53186E+01	 5.80371E+01	 2.22100E+01	 6.05392E+01	 3.78938E+01	 4.69052E+01	 4.74457E+01	 4.01959E+01	 1.74646E+01	 5.00000E+01
 6.26277E+01	 5.35326E+01	 6.62701E+01	 5.79458E+01	 2.22100E+01	 6.09906E+01	 3.79376E+01	 4.68705E+01	 4.74457E+01	 4.01325E+01	 1.81821E+01	 5.00000E+01
 6.25493E+01	 5.36627E+01	 6.70589E+01	 5.78754E+01	 2.22100E+01	 6.06432E+01	 3.79650E+01	 4.68727E+01	 4.74457E+01	 4.00617E+01	 1.80468E+01	 5.00000E+01
 6.24896E+01	 5.37376E+01	 6.71753E+01	 5.79738E+01	 2.22100E+01	 5.99711E+01	 3.80029E+01	 4.68492E+01	 4.74457E+01	 4.00501E+01	 1.80512E+01	 5.00000E+01
 6.24579E+01	 5.37785E+01	 6.79897E+01	 5.79706E+01	 2.22100E+01	 6.02100E+01	 3.80056E+01	 4.68344E+01	 4.74457E+01	 4.00896E+01	 1.80698E+01	 5.00000E+01
 6.25467E+01	 5.36518E+01	 6.91804E+01	 5.77543E+01	 2.22100E+01	 6.00337E+01	 3.80299E+01	 4.67950E+01	 4.74457E+01	 4.00465E+01	 1.84277E+01	 5.00000E+01
 6.25635E+01	 5.36850E+01	 7.05620E+01	 5.77404E+01	 2.22100E+01	 5.84075E+01	 3.80529E+01	 4.67808E+01	 4.74457E+01	 4.00905E+01	 1.82051E+01	 5.00000E+01
 6.25559E+01	 5.37326E+01	 7.14373E+01	 5.76957E+01	 2.22100E+01	 5.64896E+01	 3.81024E+01	 4.67549E+01	 4.74457E+01	 4.01003E+01	 1.87093E+01	 5.00000E+01
 6.26152E+01	 5.36956E+01	 7.18698E+01	 5.76567E+01	 2.22100E+01	 5.46071E+01	 3.81270E+01	 4.67329E+01	 4.74457E+01	 4.01736E+01	 1.86387E+01	 5.00000E+01
 6.26686E+01	 5.36781E+01	 7.28966E+01	 5.77329E+01	 2.22100E+01	 5.25755E+01	 3.81521E+01	 4.67279E+01	 4.74457E+01	 4.02282E+01	 1.82344E+01	 5.00000E+01
 6.27033E+01	 5.36684E+01	 7.44825E+01	 5.75217E+01	 2.22100E+01	 5.10285E+01	 3.82042E+01	 4.66888E+01	 4.74457E+01	 4.03396E+01	 1.88514E+01	 5.00000E+01
 6.27790E+01	 5.36081E+01	 7.45366E+01	 5.76037E+01	 2.22100E+01	 4.92465E+01	 3.82190E+01	 4.66751E+01	 4.74457E+01	 4.04014E+01	 1.87684E+01	 5.00000E+01
 6.27328E+01	 5.37130E+01	 7.53278E+01	 5.75125E+01	 2.22100E+01	 4.68112E+01	 3.82660E+01	 4.66713E+01	 4.74457E+01	 4.03598E+01	 1.92882E+01	 5.00000E+01
 6.26962E+01	 5.37919E+01	 7.60138E+01	 5.75364E+01	 2.22100E+01	 4.43755E+01	 3.82827E+01	 4.66552E+01	 4.74457E+01	 4.04405E+01	 1.91528E+01	 5.00000E+01
 6.26007E+01	 5.39251E+01	 7.66784E+01	 5.76070E+01	 2.22100E+01	 4.28619E+01	 3.83187E+01	 4.66506E+01	 4.74457E+01	 4.04915E+01	 1.93974E+01	 5.00000E+01
 6.26459E+01	 5.38309E+01	 7.70421E+01	 5.75206E+01	 2.22100E+01	 4.24512E+01	 3.83288E+01	 4.66240E+01	 4.74457E+01	 4.05080E+01	 1.96260E+01	 5.00000E+01
 6.27307E+01	 5.37599E+01	 7.76762E+01	 5.74827E+01	 2.22100E+01	 4.15412E+01	 3.83393E+01	 4.66202E+01	 4.74457E+01	 4.05943E+01	 1.97593E+01	 5.00000E+01
 6.27177E+01	 5.38183E+01	 7.76325E+01	 5.74999E+01	 2.22100E+01	 3.99169E+01	 3.83814E+01	 4.66108E+01	 4.74457E+01	 4.06259E+01	 1.93948E+01	 5.00000E+01
 6.27225E+01	 5.38082E+01	 7.89981E+01	 5.72707E+01	 2.22100E+01	 3.80813E+01	 3.83622E+01	 4.65884E+01	 4.74457E+01	 4.06148E+01	 1.95598E+01	 5.00000E+01
 6.27546E+01	 5.37973E+01	 7.87067E+01	 5.74725E+01	 2.22100E+01	 3.53866E+01	 3.83719E+01	 4.66047E+01	 4.74457E+01	 4.07013E+01	 1.95898E+01	 5.00000E+01
 6.26378E+01	 5.39658E+01	 7.94726E+01	 5.72117E+01	 2.22100E+01	 3.30611E+01	 3.83907E+01	 4.65961E+01	 4.74457E+01	 4.07091E+01	 1.94307E+01	 5.00000E+01
 6.26387E+01	 5.39487E+01	 7.97141E+01	 5.74471E+01	 2.22100E+01	 3.08852E+01	 3.84199E+01	 4.65914E+01	 4.74457E+01	 4.08036E+01	 1.92922E+01	 5.00000E+01
 6.26462E+01	 5.39282E+01	 7.98005E+01	 5.72888E+01	 2.22100E+01	 3.02848E+01	 3.83961E+01	 4.65833E+01	 4.74457E+01	 4.08564E+01	 1.92696E+01	 5.00000E+01
 6.27409E+01	 5.38147E+01	 8.01209E+01	 5.72736E+01	 2.22100E+01	 2.96585E+01	 3.83838E+01	 4.65721E+01	 4.74457E+01	 4.09465E+01	 1.94606E+01	 5.00000E+01
 6.28118E+01	 5.37465E+01	 8.07276E+01	 5.74160E+01	 2.22100E+01	 2.85864E+01	 3.83834E+01	 4.65733E+01	 4.74457E+01	 4.09965E+01	 1.87570E+01	 5.00000E+01
 6.28604E+01	 5.37063E+01	 8.03611E+01	 5.73864E+01	 2.22100E+01	 2.76406E+01	 3.83781E+01	 4.65506E+01	 4.74457E+01	 4.10647E+01	 1.88363E+01	 5.00000E+01
 6.29292E+01	 5.36592E+01	 8.00678E+01	 5.74196E+01	 2.22100E+01	 2.69251E+01	 3.83586E+01	 4.65486E+01	 4.74457E+01	 4.11188E+01	 1.91278E+01	 5.00000E+01
 6.28966E+01	 5.37003E+01	 8.05653E+01	 5.73193E+01	 2.22100E+01	 2.59071E+01	 3.83552E+01	 4.65528E+01	 4.74457E+01	 4.10912E+01	 1.95113E+01	 5.00000E+01
 6.28575E+01	 5.37245E+01	 8.04814E+01	 5.72155E+01	 2.22100E+01	 2.48993E+01	 3.83064E+01	 4.65581E+01	 4.74457E+01	 4.10993E+01	 1.89481E+01	 5.00000E+01
 6.27437E+01	 5.38503E+01	 8.01031E+01	 5.74204E+01	 2.22100E+01	 2.40855E+01	 3.83157E+01	 4.65709E+01	 4.74457E+01	 4.12026E+01	 1.93240E+01	 5.00000E+01
 6.26878E+01	 5.38906E+01	 8.00160E+01	 5.73827E+01	 2.22100E+01	 2.44178E+01	 3.82922E+01	 4.65626E+01	 4.74457E+01	 4.11155E+01	 1.85504E+01	 5.00000E+01
 6.26662E+01	 5.38968E+01	 7.98250E+01	 5.73930E+01	 2.22100E+01	 2.55241E+01	 3.82831E+01	 4.65637E+01	 4.74457E+01	 4.11455E+01	 1.86352E+01	 5.00000E+01
 6.28316E+01	 5.36872E+01	 7.96726E+01	 5.73548E+01	 2.22100E+01	 2.68130E+01	 3.82403E+01	 4.65755E+01	 4.74457E+01	 4.12533E+01	 1.85998E+01	 5.00000E+01
 6.27905E+01	 5.37440E+01	 7.98601E+01	 5.72842E+01	 2.22100E+01	 2.70394E+01	 3.82015E+01	 4.65715E+01	 4.74457E+01	 4.11195E+01	 1.80847E+01	 5.00000E+01
 6.27418E+01	 5.38107E+01	 7.87663E+01	 5.75056E+01	 2.22100E+01	 2.63318E+01	 3.81781E+01	 4.65697E+01	 4.74457E+01	 4.11720E+01	 1.78346E+01	 5.00000E+01
 6.28415E+01	 5.36369E+01	 7.90056E+01	 5.72766E+01	 2.22100E+01	 2.64958E+01	 3.81509E+01	 4.65633E+01	 4.74457E+01	 4.11967E+01	 1.82364E+01	 5.00000E+01
 6.28655E+01	 5.35980E+01	 7.83700E+01	 5.74283E+01	 2.22100E+01	 2.63274E+01	 3.81242E+01	 4.65407E+01	 4.74457E+01	 4.12386E+01	 1.77774E+01	 5.00000E+01
 6.28810E+01	 5.35959E+01	 7.78845E+01	 5.74243E+01	 2.22100E+01	 2.64388E+01	 3.80933E+01	 4.65497E+01	 4.74457E+01	 4.12372E+01	 1.83390E+01	 5.00000E+01
 6.28816E+01	 5.35851E+01	 7.70010E+01	 5.75743E+01	 2.22100E+01	 2.69343E+01	 3.80361E+01	 4.65359E+01	 4.74457E+01	 4.12401E+01	 1.80270E+01	 5.00000E+01
 6.28717E+01	 5.35941E+01	 7.64351E+01	 5.75163E+01	 2.22100E+01	 2.83515E+01	 3.80113E+01	 4.65298E+01	 4.74457E+01	 4.11938E+01	 1.77139E+01	 5.00000E+01
 6.28764E+01	 5.35992E+01	 7.63935E+01	 5.75349E+01	 2.22100E+01	 2.96265E+01	 3.79700E+01	 4.65328E+01	 4.74457E+01	 4.12278E+01	 1.75560E+01	 5.00000E+01
 6.28917E+01	 5.35656E+01	 7.58417E+01	 5.75046E+01	 2.22100E+01	 3.09727E+01	 3.79691E+01	 4.65285E+01	 4.74457E+01	 4.11786E+01	 1.76645E+01	 5.00000E+01
 6.28821E+01	 5.35631E+01	 7.52694E+01	 5.76220E+01	 2.22100E+01	 3.20692E+01	 3.79409E+01	 4.65199E+01	 4.74457E+01	 4.11032E+01	 1.71571E+01	 5.00000E+01
 6.28740E+01	 5.35964E+01	 7.49354E+01	 5.76685E+01	 2.22100E+01	 3.32769E+01	 3.79179E+01	 4.65189E+01	 4.74457E+01	 4.11540E+01	 1.68880E+01	 5.00000E+01
 6.28886E+01	 5.35421E+01	 7.46046E+01	 5.76577E+01	 2.22100E+01	 3.47154E+01	 3.78873E+01	 4.64934E+01	 4.74457E+01	 4.11279E+01	 1.78448E+01	 5.00000E+01
 6.28090E+01	 5.36625E+01	 7.46584E+01	 5.76387E+01	 2.22100E+01	 3.60258E+01	 3.78568E+01	 4.64969E+01	 4.74457E+01	 4.11131E+01	 1.79245E+01	 5.00000E+01
 6.27271E+01	 5.37333E+01	 7.42281E+01	 5.76682E+01	 2.22100E+01	 3.73205E+01	 3.78488E+01	 4.64956E+01	 4.74457E+01	 4.10139E+01	 1.72028E+01	 5.00000E+01
 6.27706E+01	 5.36591E+01	 7.44345E+01	 5.76795E+01	 2.22100E+01	 3.84415E+01	 3.78134E+01	 4.64854E+01	 4.74457E+01	 4.09876E+01	 1.75884E+01	 5.00000E+01
 6.27836E+01	 5.36631E+01	 7.39023E+01	 5.77666E+01	 2.22100E+01	 3.92731E+01	 3.78101E+01	 4.64674E+01	 4.74457E+01	 4.10347E+01	 1.70808E+01	 5.00000E+01
 6.27752E+01	 5.36737E+01	 7.33586E+01	 5.77490E+01	 2.22100E+01	 4.03003E+01	 3.77752E+01	 4.64644E+01	 4.74457E+01	 4.10133E+01	 1.70270E+01	 5.00000E+01
 6.27738E+01	 5.36750E+01	 7.32396E+01	 5.76920E+01	 2.22100E+01	 4.09672E+01	 3.77471E+01	 4.64493E+01	 4.74457E+01	 4.09126E+01	 1.74712E+01	 5.00000E+01
 6.28794E+01	 5.35173E+01	 7.28128E+01	 5.78587E+01	 2.22100E+01	 4.15039E+01	 3.77555E+01	 4.64325E+01	 4.74457E+01	 4.09719E+01	 1.71238E+01	 5.00000E+01
 6.29913E+01	 5.34342E+01	 7.24162E+01	 5.78587E+01	 2.22100E+01	 4.17932E+01	 3.77273E+01	 4.64138E+01	 4.74457E+01	 4.09903E+01	 1.74731E+01	 5.00000E+01
 6.28030E+01	 5.37133E+01	 7.23013E+01	 5.79230E+01	 2.22100E+01	 4.17089E+01	 3.77137E+01	 4.64072E+01	 4.74457E+01	 4.09500E+01	 1.73975E+01	 5.00000E+01
 6.26813E+01	 5.38297E+01	 7.27534E+01	 5.78450E+01	 2.22100E+01	 4.23435E+01	 3.77053E+01	 4.63833E+01	 4.74457E+01	 4.08535E+01	 1.73717E+01	 5.00000E+01
 6.26214E+01	 5.39064E+01	 7.32745E+01	 5.77250E+01	 2.22100E+01	 4.37493E+01	 3.77033E+01	 4.63631E+01	 4.74457E+01	 4.08134E+01	 1.75996E+01	 5.00000E+01
 6.27523E+01	 5.37440E+01	 7.24940E+01	 5.79713E+01	 2.22100E+01	 4.54891E+01	 3.77126E+01	 4.63613E+01	 4.74457E+01	 4.09034E+01	 1.72115E+01	 5.00000E+01
 6.28007E+01	 5.37142E+01	 7.24411E+01	 5.79252E+01	 2.22100E+01	 4.71456E+01	 3.77053E+01	 4.63344E+01	 4.74457E+01	 4.08675E+01	 1.73667E+01	 5.00000E+01
 6.28283E+01	 5.37161E+01	 7.25752E+01	 5.79482E+01	 2.22100E+01	 4.77110E+01	 3.76601E+01	 4.63395E+01	 4.74457E+01	 4.08261E+01	 1.73833E+01	 5.00000E+01
 6.29015E+01	 5.36347E+01	 7.25183E+01	 5.78023E+01	 2.22100E+01	 4.77462E+01	 3.76894E+01	 4.63144E+01	 4.74457E+01	 4.08596E+01	 1.69185E+01	 5.00000E+01
 6.28450E+01	 5.37554E+01	 7.20961E+01	 5.79106E+01	 2.22100E+01	 4.67859E+01	 3.76953E+01	 4.63114E+01	 4.74457E+01	 4.07942E+01	 1.73491E+01	 5.00000E+01
 6.27678E+01	 5.38432E+01	 7.22424E+01	 5.80177E+01	 2.22100E+01	 4.60486E+01	 3.76755E+01	 4.63009E+01	 4.74457E+01	 4.08630E+01	 1.71206E+01	 5.00000E+01
 6.26894E+01	 5.39411E+01	 7.23786E+01	 5.79011E+01	 2.22100E+01	 4.62619E+01	 3.76773E+01	 4.62969E+01	 4.74457E+01	 4.07736E+01	 1.73919E+01	 5.00000E+01
 6.27960E+01	 5.37525E+01	 7.29972E+01	 5.78566E+01	 2.22100E+01	 4.65867E+01	 3.76946E+01	 4.62801E+01	 4.74457E+01	 4.07594E+01	 1.72875E+01	 5.00000E+01
 6.29303E+01	 5.36278E+01	 7.22149E+01	 5.79561E+01	 2.22100E+01	 4.65554E+01	 3.76810E+01	 4.62679E+01	 4.74457E+01	 4.09099E+01	 1.76052E+01	 5.00000E+01
 6.28728E+01	 5.37858E+01	 7.24818E+01	 5.78185E+01	 2.22100E+01	 4.57748E+01	 3.76836E+01	 4.62573E+01	 4.74457E+01	 4.08541E+01	 1.74212E+01	 5.00000E+01
 6.28670E+01	 5.37876E+01	 7.30407E+01	 5.79464E+01	 2.22100E+01	 4.48589E+01	 3.76786E+01	 4.62579E+01	 4.74457E+01	 4.08380E+01	 1.74058E+01	 5.00000E+01
 6.28640E+01	 5.37966E+01	 7.34980E+01	 5.77985E+01	 2.22100E+01	 4.46119E+01	 3.76849E+01	 4.62383E+01	 4.74457E+01	 4.08616E+01	 1.75380E+01	 5.00000E+01
 6.28753E+01	 5.38134E+01	 7.32366E+01	 5.78416E+01	 2.22100E+01	 4.42604E+01	 3.77079E+01	 4.62247E+01	 4.74457E+01	 4.08844E+01	 1.74443E+01	 5.00000E+01
 6.28621E+01	 5.38434E+01	 7.31867E+01	 5.78571E+01	 2.22100E+01	 4.38939E+01	 3.77069E+01	 4.62203E+01	 4.74457E+01	 4.08712E+01	 1.80751E+01	 5.00000E+01
 6.28487E+01	 5.38862E+01	 7.36683E+01	 5.77349E+01	 2.22100E+01	 4.35572E+01	 3.77134E+01	 4.62255E+01	 4.74457E+01	 4.08207E+01	 1.77889E+01	 5.00000E+01
 6.29457E+01	 5.37766E+01	 7.41261E+01	 5.77856E+01	 2.22100E+01	 4.32139E+01	 3.77361E+01	 4.62142E+01	 4.74457E+01	 4.08915E+01	 1.78048E+01	 5.00000E+01
 6.28753E+01	 5.39070E+01	 7.44400E+01	 5.78178E+01	 2.22100E+01	 4.26979E+01	 3.77431E+01	 4.62084E+01	 4.74457E+01	 4.09132E+01	 1.75778E+01	 5.00000E+01
 6.27919E+01	 5.40179E+01	 7.44830E+01	 5.78145E+01	 2.22100E+01	 4.24574E+01	 3.77590E+01	 4.62024E+01	 4.74457E+01	 4.09065E+01	 1.83917E+01	 5.00000E+01
 6.29673E+01	 5.37813E+01	 7.47835E+01	 5.78112E+01	 2.22100E+01	 4.26652E+01	 3.77786E+01	 4.62043E+01	 4.74457E+01	 4.09478E+01	 1.77470E+01	 5.00000E+01
 6.29754E+01	 5.38262E+01	 7.56540E+01	 5.77204E+01	 2.22100E+01	 4.24597E+01	 3.77633E+01	 4.61914E+01	 4.74457E+01	 4.09468E+01	 1.74714E+01	 5.00000E+01
 6.29653E+01	 5.38894E+01	 7.63730E+01	 5.75533E+01	 2.22100E+01	 4.13722E+01	 3.77852E+01	 4.62032E+01	 4.74457E+01	 4.09061E+01	 1.77128E+01	 5.00000E+01
 6.29982E+01	 5.38266E+01	 7.57710E+01	 5.78861E+01	 2.22100E+01	 3.97984E+01	 3.77830E+01	 4.62134E+01	 4.74457E+01	 4.10310E+01	 1.75558E+01	 5.00000E+01
 6.29042E+01	 5.39529E+01	 7.57796E+01	 5.76756E+01	 2.22100E+01	 3.89362E+01	 3.78094E+01	 4.61949E+01	 4.74457E+01	 4.09419E+01	 1.76990E+01	 5.00000E+01
 6.28248E+01	 5.40708E+01	 7.61559E+01	 5.77258E+01	 2.22100E+01	 3.83455E+01	 3.77938E+01	 4.61974E+01	 4.74457E+01	 4.09812E+01	 1.83980E+01	 5.00000E+01
 6.27784E+01	 5.41044E+01	 7.64047E+01	 5.76256E+01	 2.22100E+01	 3.84368E+01	 3.77974E+01	 4.62074E+01	 4.74457E+01	 4.10162E+01	 1.80503E+01	 5.00000E+01
 6.27759E+01	 5.40941E+01	 7.61385E+01	 5.77164E+01	 2.22100E+01	 3.85706E+01	 3.78236E+01	 4.61953E+01	 4.74457E+01	 4.09974E+01	 1.75693E+01	 5.00000E+01
 6.27939E+01	 5.40753E+01	 7.64578E+01	 5.77181E+01	 2.22100E+01	 3.87821E+01	 3.78316E+01	 4.61957E+01	 4.74457E+01	 4.10265E+01	 1.77492E+01	 5.00000E+01
 6.28006E+01	 5.40680E+01	 7.59441E+01	 5.77270E+01	 2.22100E+01	 3.92926E+01	 3.78263E+01	 4.62030E+01	 4.74457E+01	 4.10250E+01	 1.81741E+01	 5.00000E+01
 6.29027E+01	 5.39117E+01	 7.57171E+01	 5.75979E+01	 2.22100E+01	 3.90160E+01	 3.78175E+01	 4.61998E+01	 4.74457E+01	 4.10198E+01	 1.78860E+01	 5.00000E+01
 6.30122E+01	 5.38130E+01	 7.59497E+01	 5.78102E+01	 2.22100E+01	 3.76652E+01	 3.78225E+01	 4.62079E+01	 4.74457E+01	 4.11320E+01	 1.81876E+01	 5.00000E+01
 6.31816E+01	 5.36442E+01	 7.63610E+01	 5.77199E+01	 2.22100E+01	 3.60520E+01	 3.78232E+01	 4.62043E+01	 4.74457E+01	 4.11969E+01	 1.83180E+01	 5.00000E+01
 6.32181E+01	 5.36398E+01	 7.61869E+01	 5.77714E+01	 2.22100E+01	 3.43413E+01	 3.77934E+01	 4.62134E+01	 4.74457E+01	 4.12783E+01	 1.83336E+01	 5.00000E+01
 6.32081E+01	 5.36526E+01	 7.60519E+01	 5.76477E+01	 2.22100E+01	 3.30652E+01	 3.78391E+01	 4.62146E+01	 4.74457E+01	 4.12661E+01	 1.81323E+01	 5.00000E+01
 6.31071E+01	 5.37964E+01	 7.57536E+01	 5.77144E+01	 2.22100E+01	 3.20460E+01	 3.78356E+01	 4.62335E+01	 4.74457E+01	 4.12211E+01	 1.79846E+01	 5.00000E+01
 6.30111E+01	 5.38974E+01	 7.55378E+01	 5.77342E+01	 2.22100E+01	 3.21317E+01	 3.78245E+01	 4.62400E+01	 4.74457E+01	 4.12022E+01	 1.77556E+01	 5.00000E+01
 6.29491E+01	 5.39429E+01	 7.53339E+01	 5.76791E+01	 2.22100E+01	 3.30320E+01	 3.78509E+01	 4.62568E+01	 4.74457E+01	 4.11423E+01	 1.74575E+01	 5.00000E+01
 6.29672E+01	 5.38802E+01	 7.55567E+01	 5.75607E+01	 2.22100E+01	 3.46063E+01	 3.78407E+01	 4.62552E+01	 4.74457E+01	 4.10875E+01	 1.82367E+01	 5.00000E+01
 6.29681E+01	 5.38805E+01	 7.59837E+01	 5.75961E+01	 2.22100E+01	 3.48870E+01	 3.78266E+01	 4.62603E+01	 4.74457E+01	 4.10914E+01	 1.76965E+01	 5.00000E+01
 6.29602E+01	 5.39052E+01	 7.59536E+01	 5.77174E+01	 2.22100E+01	 3.50135E+01	 3.78491E+01	 4.62821E+01	 4.74457E+01	 4.11468E+01	 1.80000E+01	 5.00000E+01
 6.30124E+01	 5.38013E+01	 7.58102E+01	 5.75069E+01	 2.22100E+01	 3.56018E+01	 3.78271E+01	 4.62612E+01	 4.74457E+01	 4.11539E+01	 1.76934E+01	 5.00000E+01
 6.31224E+01	 5.36751E+01	 7.58036E+01	 5.76572E+01	 2.22100E+01	 3.50407E+01	 3.78113E+01	 4.62958E+01	 4.74457E+01	 4.11627E+01	 1.78719E+01	 5.00000E+01
 6.32012E+01	 5.35909E+01	 7.58087E+01	 5.75478E+01	 2.22100E+01	 3.41058E+01	 3.78323E+01	 4.62935E+01	 4.74457E+01	 4.11803E+01	 1.74845E+01	 5.00000E+01
 6.30490E+01	 5.38142E+01	 7.51334E+01	 5.76618E+01	 2.22100E+01	 3.28201E+01	 3.78474E+01	 4.62976E+01	 4.74457E+01	 4.11356E+01	 1.77163E+01	 5.00000E+01
 6.29866E+01	 5.38751E+01	 7.48716E+01	 5.77828E+01	 2.22100E+01	 3.27679E+01	 3.78467E+01	 4.63195E+01	 4.74457E+01	 4.11565E+01	 1.81553E+01	 5.00000E+01
 6.29401E+01	 5.38863E+01	 7.49481E+01	 5.77162E+01	 2.22100E+01	 3.40227E+01	 3.78379E+01	 4.63191E+01	 4.74457E+01	 4.11540E+01	 1.76369E+01	 5.00000E+01
 6.30328E+01	 5.37524E+01	 7.47312E+01	 5.76774E+01	 2.22100E+01	 3.55636E+01	 3.78377E+01	 4.63247E+01	 4.74457E+01	 4.11209E+01	 1.78806E+01	 5.00000E+01
 6.30036E+01	 5.38174E+01	 7.45100E+01	 5.76691E+01	 2.22100E+01	 3.62870E+01	 3.78497E+01	 4.63259E+01	 4.74457E+01	 4.10957E+01	 1.73526E+01	 5.00000E+01
 6.29352E+01	 5.38572E+01	 7.43443E+01	 5.77002E+01	 2.22100E+01	 3.62754E+01	 3.78513E+01	 4.63344E+01	 4.74457E+01	 4.10851E+01	 1.78212E+01	 5.00000E+01
 6.29730E+01	 5.37977E+01	 7.42252E+01	 5.76595E+01	 2.22100E+01	 3.66016E+01	 3.78487E+01	 4.63317E+01	 4.74457E+01	 4.10520E+01	 1.74074E+01	 5.00000E+01
 6.29314E+01	 5.38786E+01	 7.39815E+01	 5.78090E+01	 2.22100E+01	 3.70181E+01	 3.78461E+01	 4.63461E+01	 4.74457E+01	 4.10792E+01	 1.77353E+01	 5.00000E+01
 6.28585E+01	 5.39486E+01	 7.48262E+01	 5.75833E+01	 2.22100E+01	 3.75574E+01	 3.78202E+01	 4.63470E+01	 4.74457E+01	 4.10340E+01	 1.78114E+01	 5.00000E+01
 6.28983E+01	 5.38603E+01	 7.48538E+01	 5.76730E+01	 2.22100E+01	 3.76104E+01	 3.78319E+01	 4.63588E+01	 4.74457E+01	 4.10187E+01	 1.78959E+01	 5.00000E+01
 6.28913E+01	 5.38760E+01	 7.47631E+01	 5.77317E+01	 2.22100E+01	 3.77645E+01	 3.78404E+01	 4.63623E+01	 4.74457E+01	 4.10629E+01	 1.78898E+01	 5.00000E+01
 6.28655E+01	 5.38900E+01	 7.41268E+01	 5.76830E+01	 2.22100E+01	 3.79801E+01	 3.78295E+01	 4.63622E+01	 4.74457E+01	 4.09897E+01	 1.79349E+01	 5.00000E+01
 6.28330E+01	 5.39211E+01	 7.41634E+01	 5.76717E+01	 2.22100E+01	 3.78393E+01	 3.78452E+01	 4.63750E+01	 4.74457E+01	 4.10108E+01	 1.79145E+01	 5.00000E+01
 6.28591E+01	 5.38965E+01	 7.42825E+01	 5.77369E+01	 2.22100E+01	 3.76265E+01	 3.78458E+01	 4.63759E+01	 4.74457E+01	 4.10175E+01	 1.75375E+01	 5.00000E+01
 6.28818E+01	 5.38764E+01	 7.46600E+01	 5.74843E+01	 2.22100E+01	 3.75606E+01	 3.78209E+01	 4.63653E+01	 4.74457E+01	 4.09956E+01	 1.75858E+01	 5.00000E+01
 6.28630E+01	 5.39002E+01	 7.43739E+01	 5.76286E+01	 2.22100E+01	 3.71689E+01	 3.78658E+01	 4.63784E+01	 4.74457E+01	 4.10234E+01	 1.78489E+01	 5.00000E+01
 6.28722E+01	 5.38779E+01	 7.41926E+01	 5.78147E+01	 2.22100E+01	 3.70527E+01	 3.78743E+01	 4.63865E+01	 4.74457E+01	 4.10355E+01	 1.76936E+01	 5.00000E+01
 6.28855E+01	 5.38517E+01	 7.48468E+01	 5.75204E+01	 2.22100E+01	 3.76200E+01	 3.78800E+01	 4.64006E+01	 4.74457E+01	 4.09798E+01	 1.77150E+01	 5.00000E+01
 6.29850E+01	 5.37310E+01	 7.44217E+01	 5.76417E+01	 2.22100E+01	 3.73269E+01	 3.78657E+01	 4.63878E+01	 4.74457E+01	 4.09870E+01	 1.82801E+01	 5.00000E+01
 6.29435E+01	 5.38127E+01	 7.39529E+01	 5.76240E+01	 2.22100E+01	 3.67771E+01	 3.78790E+01	 4.64029E+01	 4.74457E+01	 4.09598E+01	 1.79773E+01	 5.00000E+01
 6.28908E+01	 5.38704E+01	 7.35842E+01	 5.78934E+01	 2.22100E+01	 3.59324E+01	 3.79104E+01	 4.63964E+01	 4.74457E+01	 4.09618E+01	 1.78083E+01	 5.00000E+01
 6.29360E+01	 5.37836E+01	 7.44077E+01	 5.75172E+01	 2.22100E+01	 3.64303E+01	 3.79032E+01	 4.63987E+01	 4.74457E+01	 4.09876E+01	 1.74804E+01	 5.00000E+01
 6.28684E+01	 5.39059E+01	 7.44935E+01	 5.77344E+01	 2.22100E+01	 3.62589E+01	 3.79177E+01	 4.64192E+01	 4.74457E+01	 4.10337E+01	 1.74292E+01	 5.00000E+01
 6.27778E+01	 5.39919E+01	 7.43161E+01	 5.77114E+01	 2.22100E+01	 3.71833E+01	 3.79254E+01	 4.64247E+01	 4.74457E+01	 4.09646E+01	 1.76398E+01	 5.00000E+01
 6.28404E+01	 5.38742E+01	 7.43897E+01	 5.77422E+01	 2.22100E+01	 3.81002E+01	 3.79178E+01	 4.64230E+01	 4.74457E+01	 4.09548E+01	 1.80827E+01	 5.00000E+01
 6.28820E+01	 5.38047E+01	 7.46613E+01	 5.77237E+01	 2.22100E+01	 3.84745E+01	 3.79421E+01	 4.64223E+01	 4.74457E+01	 4.09116E+01	 1.77724E+01	 5.00000E+01
 6.29144E+01	 5.37717E+01	 7.45975E+01	 5.75482E+01	 2.22100E+01	 3.83279E+01	 3.79605E+01	 4.64330E+01	 4.74457E+01	 4.09605E+01	 1.74127E+01	 5.00000E+01
 6.29467E+01	 5.37514E+01	 7.48746E+01	 5.76728E+01	 2.22100E+01	 3.74335E+01	 3.79462E+01	 4.64319E+01	 4.74457E+01	 4.09822E+01	 1.81567E+01	 5.00000E+01
 6.28945E+01	 5.38172E+01	 7.47001E+01	 5.75811E+01	 2.22100E+01	 3.65596E+01	 3.79586E+01	 4.64260E+01	 4.74457E+01	 4.09491E+01	 1.82756E+01	 5.00000E+01
 6.28474E+01	 5.38702E+01	 7.48675E+01	 5.77340E+01	 2.22100E+01	 3.57561E+01	 3.79574E+01	 4.64411E+01	 4.74457E+01	 4.09495E+01	 1.84187E+01	 5.00000E+01
 6.28906E+01	 5.38104E+01	 7.47425E+01	 5.77481E+01	 2.22100E+01	 3.61456E+01	 3.79657E+01	 4.64448E+01	 4.74457E+01	 4.10054E+01	 1.80759E+01	 5.00000E+01
 6.28715E+01	 5.38411E+01	 7.47777E+01	 5.76338E+01	 2.22100E+01	 3.67432E+01	 3.79421E+01	 4.64501E+01	 4.74457E+01	 4.09456E+01	 1.79647E+01	 5.00000E+01
 6.28441E+01	 5.38746E+01	 7.44670E+01	 5.76192E+01	 2.22100E+01	 3.67792E+01	 3.79940E+01	 4.64581E+01	 4.74457E+01	 4.09278E+01	 1.78408E+01	 5.00000E+01
 6.28985E+01	 5.37600E+01	 7.46712E+01	 5.77444E+01	 2.22100E+01	 3.66402E+01	 3.79719E+01	 4.64546E+01	 4.74457E+01	 4.09752E+01	 1.76361E+01	 5.00000E+01
 6.28632E+01	 5.38438E+01	 7.42809E+01	 5.77200E+01	 2.22100E+01	 3.68768E+01	 3.79766E+01	 4.64694E+01	 4.74457E+01	 4.09613E+01	 1.76733E+01	 5.00000E+01
 6.28068E+01	 5.39177E+01	 7.41965E+01	 5.76531E+01	 2.22100E+01	 3.71284E+01	 3.79846E+01	 4.64858E+01	 4.74457E+01	 4.09326E+01	 1.75743E+01	 5.00000E+01
 6.27689E+01	 5.39273E+01	 7.46855E+01	 5.77744E+01	 2.22100E+01	 3.73881E+01	 3.79773E+01	 4.64697E+01	 4.74457E+01	 4.09776E+01	 1.86350E+01	 5.00000E+01
 6.28503E+01	 5.38007E+01	 7.48506E+01	 5.77272E+01	 2.22100E+01	 3.84242E+01	 3.79758E+01	 4.64747E+01	 4.74457E+01	 4.09788E+01	 1.78869E+01	 5.00000E+01
 6.29258E+01	 5.37244E+01	 7.50574E+01	 5.76225E+01	 2.22100E+01	 3.89380E+01	 3.79848E+01	 4.64626E+01	 4.74457E+01	 4.09589E+01	 1.77123E+01	 5.00000E+01
 6.30427E+01	 5.35913E+01	 7.47315E+01	 5.75860E+01	 2.22100E+01	 3.80100E+01	 3.79790E+01	 4.64806E+01	 4.74457E+01	 4.09829E+01	 1.80023E+01	 5.00000E+01
 6.29964E+01	 5.36961E+01	 7.49775E+01	 5.77274E+01	 2.22100E+01	 3.60636E+01	 3.79620E+01	 4.64820E+01	 4.74457E+01	 4.10328E+01	 1.79790E+01	 5.00000E+01
 6.28963E+01	 5.37835E+01	 7.42950E+01	 5.77816E+01	 2.22100E+01	 3.53420E+01	 3.79918E+01	 4.64780E+01	 4.74457E+01	 4.10299E+01	 1.80317E+01	 5.00000E+01
 6.29550E+01	 5.37079E+01	 7.41060E+01	 5.75538E+01	 2.22100E+01	 3.55843E+01	 3.79949E+01	 4.64831E+01	 4.74457E+01	 4.09837E+01	 1.85293E+01	 5.00000E+01
 6.29554E+01	 5.37069E+01	 7.44679E+01	 5.76874E+01	 2.22100E+01	 3.51439E+01	 3.79884E+01	 4.64910E+01	 4.74457E+01	 4.09772E+01	 1.80520E+01	 5.00000E+01
 6.29390E+01	 5.37017E+01	 7.45745E+01	 5.76145E+01	 2.22100E+01	 3.52213E+01	 3.79829E+01	 4.64943E+01	 4.74457E+01	 4.10030E+01	 1.80007E+01	 5.00000E+01
 6.27966E+01	 5.38759E+01	 7.46466E+01	 5.76510E+01	 2.22100E+01	 3.54632E+01	 3.80119E+01	 4.64927E+01	 4.74457E+01	 4.09899E+01	 1.78760E+01	 5.00000E+01
 6.27611E+01	 5.38911E+01	 7.40895E+01	 5.77591E+01	 2.22100E+01	 3.67505E+01	 3.80167E+01	 4.64916E+01	 4.74457E+01	 4.09295E+01	 1.87802E+01	 5.00000E+01
 6.27632E+01	 5.38779E+01	 7.41401E+01	 5.77492E+01	 2.22100E+01	 3.86978E+01	 3.80108E+01	 4.64899E+01	 4.74457E+01	 4.08866E+01	 1.80564E+01	 5.00000E+01
 6.28492E+01	 5.37565E+01	 7.41037E+01	 5.77151E+01	 2.22100E+01	 4.00406E+01	 3.79905E+01	 4.64947E+01	 4.74457E+01	 4.08920E+01	 1.78952E+01	 5.00000E+01
 6.28814E+01	 5.37349E+01	 7.46299E+01	 5.76573E+01	 2.22100E+01	 4.01941E+01	 3.79947E+01	 4.65003E+01	 4.74457E+01	 4.09163E+01	 1.82369E+01	 5.00000E+01
 6.28806E+01	 5.37404E+01	 7.46557E+01	 5.75958E+01	 2.22100E+01	 3.93738E+01	 3.79980E+01	 4.64911E+01	 4.74457E+01	 4.08952E+01	 1.80532E+01	 5.00000E+01
 6.28698E+01	 5.37661E+01	 7.47356E+01	 5.75787E+01	 2.22100E+01	 3.84444E+01	 3.79821E+01	 4.65056E+01	 4.74457E+01	 4.08833E+01	 1.79192E+01	 5.00000E+01
 6.28805E+01	 5.37099E+01	 7.47773E+01	 5.75595E+01	 2.22100E+01	 3.76347E+01	 3.79898E+01	 4.64887E+01	 4.74457E+01	 4.09058E+01	 1.76019E+01	 5.00000E+01
 6.29104E+01	 5.36980E+01	 7.48626E+01	 5.76575E+01	 2.22100E+01	 3.64669E+01	 3.79737E+01	 4.64962E+01	 4.74457E+01	 4.09654E+01	 1.81674E+01	 5.00000E+01
 6.29475E+01	 5.36540E+01	 7.46391E+01	 5.76451E+01	 2.22100E+01	 3.59345E+01	 3.79831E+01	 4.64977E+01	 4.74457E+01	 4.09938E+01	 1.79942E+01	 5.00000E+01
 6.29000E+01	 5.37298E+01	 7.48707E+01	 5.77268E+01	 2.22100E+01	 3.56476E+01	 3.79915E+01	 4.64973E+01	 4.74457E+01	 4.09342E+01	 1.78368E+01	 5.00000E+01
 6.28350E+01	 5.37927E+01	 7.48256E+01	 5.76948E+01	 2.22100E+01	 3.64803E+01	 3.79628E+01	 4.64971E+01	 4.74457E+01	 4.09370E+01	 1.84014E+01	 5.00000E+01
 6.29143E+01	 5.36789E+01	 7.47580E+01	 5.76733E+01	 2.22100E+01	 3.74220E+01	 3.79884E+01	 4.64960E+01	 4.74457E+01	 4.09656E+01	 1.83806E+01	 5.00000E+01
 6.29069E+01	 5.37098E+01	 7.52389E+01	 5.76631E+01	 2.22100E+01	 3.77047E+01	 3.79951E+01	 4.64934E+01	 4.74457E+01	 4.09453E+01	 1.80970E+01	 5.00000E+01
 6.28788E+01	 5.37194E+01	 7.49062E+01	 5.75793E+01	 2.22100E+01	 3.78357E+01	 3.79896E+01	 4.64891E+01	 4.74457E+01	 4.09195E+01	 1.77881E+01	 5.00000E+01
 6.28350E+01	 5.37813E+01	 7.48644E+01	 5.77593E+01	 2.22100E+01	 3.75847E+01	 3.79926E+01	 4.65022E+01	 4.74457E+01	 4.08954E+01	 1.79188E+01	 5.00000E+01
 6.28465E+01	 5.37511E+01	 7.42716E+01	 5.77635E+01	 2.22100E+01	 3.80866E+01	 3.80018E+01	 4.64975E+01	 4.74457E+01	 4.09150E+01	 1.79742E+01	 5.00000E+01
 6.28540E+01	 5.37329E+01	 7.43799E+01	 5.76986E+01	 2.22100E+01	 3.86893E+01	 3.79958E+01	 4.64804E+01	 4.74457E+01	 4.08936E+01	 1.78485E+01	 5.00000E+01
 6.29028E+01	 5.37008E+01	 7.41208E+01	 5.78880E+01	 2.22100E+01	 3.93087E+01	 3.79789E+01	 4.64837E+01	 4.74457E+01	 4.09706E+01	 1.80194E+01	 5.00000E+01
 6.29090E+01	 5.36943E+01	 7.47213E+01	 5.75501E+01	 2.22100E+01	 3.99427E+01	 3.79774E+01	 4.64753E+01	 4.74457E+01	 4.09073E+01	 1.82133E+01	 5.00000E+01
 6.29035E+01	 5.36934E+01	 7.51462E+01	 5.75018E+01	 2.22100E+01	 3.89334E+01	 3.79691E+01	 4.64825E+01	 4.74457E+01	 4.08916E+01	 1.78363E+01	 5.00000E+01
 6.29067E+01	 5.36980E+01	 7.48695E+01	 5.77117E+01	 2.22100E+01	 3.78216E+01	 3.79713E+01	 4.64926E+01	 4.74457E+01	 4.09580E+01	 1.82620E+01	 5.00000E+01
 6.29301E+01	 5.36670E+01	 7.49401E+01	 5.75538E+01	 2.22100E+01	 3.72833E+01	 3.79600E+01	 4.64826E+01	 4.74457E+01	 4.09324E+01	 1.76605E+01	 5.00000E+01
 6.29411E+01	 5.36588E+01	 7.48504E+01	 5.78046E+01	 2.22100E+01	 3.65358E+01	 3.79651E+01	 4.64798E+01	 4.74457E+01	 4.10076E+01	 1.81763E+01	 5.00000E+01
 6.28591E+01	 5.37440E+01	 7.49004E+01	 5.76988E+01	 2.22100E+01	 3.71223E+01	 3.79596E+01	 4.64784E+01	 4.74457E+01	 4.09502E+01	 1.78733E+01	 5.00000E+01
 6.29133E+01	 5.36572E+01	 7.51366E+01	 5.75665E+01	 2.22100E+01	 3.77009E+01	 3.79581E+01	 4.64637E+01	 4.74457E+01	 4.09332E+01	 1.79962E+01	 5.00000E+01
 6.29814E+01	 5.35878E+01	 7.52804E+01	 5.76350E+01	 2.22100E+01	 3.75552E+01	 3.79558E+01	 4.64741E+01	 4.74457E+01	 4.09615E+01	 1.78581E+01	 5.00000E+01
 6.29705E+01	 5.36423E+01	 7.49683E+01	 5.76402E+01	 2.22100E+01	 3.69480E+01	 3.79767E+01	 4.64798E+01	 4.74457E+01	 4.09671E+01	 1.78794E+01	 5.00000E+01
 6.29361E+01	 5.36619E+01	 7.45136E+01	 5.76728E+01	 2.22100E+01	 3.68134E+01	 3.79670E+01	 4.64577E+01	 4.74457E+01	 4.10017E+01	 1.83192E+01	 5.00000E+01
 6.29233E+01	 5.36835E+01	 7.47342E+01	 5.76788E+01	 2.22100E+01	 3.71421E+01	 3.79364E+01	 4.64676E+01	 4.74457E+01	 4.09484E+01	 1.81461E+01	 5.00000E+01
 6.28713E+01	 5.37596E+01	 7.50626E+01	 5.75607E+01	 2.22100E+01	 3.77987E+01	 3.79497E+01	 4.64582E+01	 4.74457E+01	 4.09429E+01	 1.80756E+01	 5.00000E+01
 6.29192E+01	 5.36837E+01	 7.48353E+01	 5.77683E+01	 2.22100E+01	 3.82747E+01	 3.79756E+01	 4.64683E+01	 4.74457E+01	 4.09627E+01	 1.81484E+01	 5.00000E+01
 6.29698E+01	 5.36018E+01	 7.47990E+01	 5.76987E+01	 2.22100E+01	 3.88104E+01	 3.79725E+01	 4.64691E+01	 4.74457E+01	 4.09526E+01	 1.79497E+01	 5.00000E+01
 6.28311E+01	 5.38042E+01	 7.47522E+01	 5.77915E+01	 2.22100E+01	 3.88924E+01	 3.79378E+01	 4.64592E+01	 4.74457E+01	 4.09415E+01	 1.82593E+01	 5.00000E+01
 6.28219E+01	 5.37706E+01	 7.50505E+01	 5.76587E+01	 2.22100E+01	 3.94577E+01	 3.79402E+01	 4.64459E+01	 4.74457E+01	 4.09409E+01	 1.79126E+01	 5.00000E+01
 6.28619E+01	 5.37361E+01	 7.54798E+01	 5.75574E+01	 2.22100E+01	 3.95014E+01	 3.79423E+01	 4.64722E+01	 4.74457E+01	 4.09117E+01	 1.74111E+01	 5.00000E+01
 6.29021E+01	 5.36819E+01	 7.54636E+01	 5.75911E+01	 2.22100E+01	 3.88851E+01	 3.79439E+01	 4.64701E+01	 4.74457E+01	 4.09657E+01	 1.85251E+01	 5.00000E+01
 6.28968E+01	 5.37108E+01	 7.47745E+01	 5.76468E+01	 2.22100E+01	 3.77151E+01	 3.79242E+01	 4.64723E+01	 4.74457E+01	 4.09724E+01	 1.79682E+01	 5.00000E+01
 6.28800E+01	 5.37345E+01	 7.48787E+01	 5.76803E+01	 2.22100E+01	 3.69729E+01	 3.79375E+01	 4.64517E+01	 4.74457E+01	 4.10004E+01	 1.80788E+01	 5.00000E+01
 6.30599E+01	 5.34889E+01	 7.45708E+01	 5.76179E+01	 2.22100E+01	 3.64311E+01	 3.79287E+01	 4.64605E+01	 4.74457E+01	 4.10339E+01	 1.80129E+01	 5.00000E+01
 6.30328E+01	 5.35983E+01	 7.45241E+01	 5.77077E+01	 2.22100E+01	 3.53956E+01	 3.79334E+01	 4.64476E+01	 4.74457E+01	 4.10265E+01	 1.80397E+01	 5.00000E+01
 6.29414E+01	 5.37096E+01	 7.46293E+01	 5.77766E+01	 2.22100E+01	 3.51552E+01	 3.79258E+01	 4.64532E+01	 4.74457E+01	 4.10260E+01	 1.74704E+01	 5.00000E+01
 6.29628E+01	 5.36468E+01	 7.55222E+01	 5.77000E+01	 2.22100E+01	 3.62562E+01	 3.79311E+01	 4.64312E+01	 4.74457E+01	 4.10188E+01	 1.77953E+01	 5.00000E+01
 6.30076E+01	 5.36193E+01	 7.53703E+01	 5.77026E+01	 2.22100E+01	 3.73737E+01	 3.79310E+01	 4.64422E+01	 4.74457E+01	 4.09897E+01	 1.81016E+01	 5.00000E+01
 6.30291E+01	 5.35825E+01	 7.47216E+01	 5.77177E+01	 2.22100E+01	 3.81545E+01	 3.79298E+01	 4.64425E+01	 4.74457E+01	 4.09967E+01	 1.76107E+01	 5.00000E+01
 6.30537E+01	 5.35541E+01	 7.45319E+01	 5.77373E+01	 2.22100E+01	 3.88731E+01	 3.79214E+01	 4.64245E+01	 4.74457E+01	 4.09851E+01	 1.72734E+01	 5.00000E+01
 6.30107E+01	 5.36312E+01	 7.45274E+01	 5.78114E+01	 2.22100E+01	 3.88843E+01	 3.79486E+01	 4.64271E+01	 4.74457E+01	 4.10164E+01	 1.73274E+01	 5.00000E+01
 6.29487E+01	 5.36763E+01	 7.45229E+01	 5.77777E+01	 2.22100E+01	 3.91314E+01	 3.79227E+01	 4.64260E+01	 4.74457E+01	 4.09336E+01	 1.77764E+01	 5.00000E+01
 6.29012E+01	 5.37324E+01	 7.47287E+01	 5.75965E+01	 2.22100E+01	 3.95597E+01	 3.79216E+01	 4.64271E+01	 4.74457E+01	 4.09074E+01	 1.81183E+01	 5.00000E+01
 6.28994E+01	 5.37239E+01	 7.51577E+01	 5.75880E+01	 2.22100E+01	 3.93088E+01	 3.79147E+01	 4.64286E+01	 4.74457E+01	 4.09220E+01	 1.74158E+01	 5.00000E+01
 6.29102E+01	 5.36950E+01	 7.53961E+01	 5.76562E+01	 2.22100E+01	 3.88163E+01	 3.78972E+01	 4.64362E+01	 4.74457E+01	 4.09763E+01	 1.74026E+01	 5.00000E+01
 6.29473E+01	 5.36581E+01	 7.53003E+01	 5.76565E+01	 2.22100E+01	 3.85163E+01	 3.78953E+01	 4.64271E+01	 4.74457E+01	 4.09445E+01	 1.76128E+01	 5.00000E+01
 6.29113E+01	 5.37231E+01	 7.48840E+01	 5.76870E+01	 2.22100E+01	 3.84224E+01	 3.78898E+01	 4.64211E+01	 4.74457E+01	 4.09622E+01	 1.78916E+01	 5.00000E+01
 6.28659E+01	 5.37551E+01	 7.43005E+01	 5.77742E+01	 2.22100E+01	 3.84058E+01	 3.78764E+01	 4.64180E+01	 4.74457E+01	 4.09634E+01	 1.77217E+01	 5.00000E+01
 6.28989E+01	 5.37112E+01	 7.52500E+01	 5.76205E+01	 2.22100E+01	 3.83764E+01	 3.78854E+01	 4.64110E+01	 4.74457E+01	 4.09499E+01	 1.77897E+01	 5.00000E+01
 6.28607E+01	 5.37752E+01	 7.51495E+01	 5.77534E+01	 2.22100E+01	 3.86272E+01	 3.78807E+01	 4.64045E+01	 4.74457E+01	 4.09605E+01	 1.72622E+01	 5.00000E+01
 6.28175E+01	 5.38389E+01	 7.51148E+01	 5.76713E+01	 2.22100E+01	 3.91668E+01	 3.78864E+01	 4.64193E+01	 4.74457E+01	 4.09179E+01	 1.78262E+01	 5.00000E+01
 6.28254E+01	 5.38099E+01	 7.53609E+01	 5.78036E+01	 2.22100E+01	 4.00127E+01	 3.78741E+01	 4.63909E+01	 4.74457E+01	 4.09756E+01	 1.78089E+01	 5.00000E+01
 6.29093E+01	 5.36927E+01	 7.51979E+01	 5.77691E+01	 2.22100E+01	 4.08857E+01	 3.78768E+01	 4.64062E+01	 4.74457E+01	 4.09665E+01	 1.79119E+01	 5.00000E+01
 6.29809E+01	 5.36117E+01	 7.51133E+01	 5.77105E+01	 2.22100E+01	 4.10782E+01	 3.78866E+01	 4.63948E+01	 4.74457E+01	 4.09547E+01	 1.78472E+01	 5.00000E+01
 6.29822E+01	 5.36489E+01	 7.52446E+01	 5.76018E+01	 2.22100E+01	 4.02564E+01	 3.78634E+01	 4.63903E+01	 4.74457E+01	 4.10263E+01	 1.80418E+01	 5.00000E+01
 6.29023E+01	 5.37845E+01	 7.56572E+01	 5.75816E+01	 2.22100E+01	 3.87014E+01	 3.78505E+01	 4.63967E+01	 4.74457E+01	 4.09740E+01	 1.80009E+01	 5.00000E+01
 6.28183E+01	 5.38640E+01	 7.50504E+01	 5.78048E+01	 2.22100E+01	 3.74405E+01	 3.78638E+01	 4.63972E+01	 4.74457E+01	 4.09968E+01	 1.74541E+01	 5.00000E+01
 6.29907E+01	 5.36278E+01	 7.47723E+01	 5.76871E+01	 2.22100E+01	 3.77352E+01	 3.78563E+01	 4.63920E+01	 4.74457E+01	 4.10415E+01	 1.75636E+01	 5.00000E+01
 6.30276E+01	 5.36208E+01	 7.51027E+01	 5.76201E+01	 2.22100E+01	 3.76113E+01	 3.78476E+01	 4.64016E+01	 4.74457E+01	 4.10933E+01	 1.78308E+01	 5.00000E+01
 6.30266E+01	 5.36219E+01	 7.52654E+01	 5.76376E+01	 2.22100E+01	 3.67573E+01	 3.78556E+01	 4.63931E+01	 4.74457E+01	 4.10666E+01	 1.74530E+01	 5.00000E+01
 6.29316E+01	 5.37677E+01	 7.47918E+01	 5.76782E+01	 2.22100E+01	 3.64544E+01	 3.78572E+01	 4.63858E+01	 4.74457E+01	 4.09878E+01	 1.79354E+01	 5.00000E+01
 6.29273E+01	 5.37510E+01	 7.39148E+01	 5.78011E+01	 2.22100E+01	 3.69359E+01	 3.78704E+01	 4.63808E+01	 4.74457E+01	 4.09698E+01	 1.72305E+01	 5.00000E+01
 6.29582E+01	 5.37195E+01	 7.39324E+01	 5.77759E+01	 2.22100E+01	 3.79862E+01	 3.78624E+01	 4.63859E+01	 4.74457E+01	 4.09790E+01	 1.77863E+01	 5.00000E+01
 6.29170E+01	 5.37637E+01	 7.40525E+01	 5.76931E+01	 2.22100E+01	 3.86245E+01	 3.78480E+01	 4.63676E+01	 4.74457E+01	 4.09631E+01	 1.72429E+01	 5.00000E+01
 6.30045E+01	 5.36337E+01	 7.44973E+01	 5.78175E+01	 2.22100E+01	 3.90215E+01	 3.78579E+01	 4.63733E+01	 4.74457E+01	 4.09976E+01	 1.80485E+01	 5.00000E+01
 6.30807E+01	 5.35591E+01	 7.49178E+01	 5.77119E+01	 2.22100E+01	 3.94696E+01	 3.78675E+01	 4.63713E+01	 4.74457E+01	 4.10443E+01	 1.74003E+01	 5.00000E+01
 6.29397E+01	 5.37645E+01	 7.41367E+01	 5.77344E+01	 2.22100E+01	 3.94264E+01	 3.78652E+01	 4.63666E+01	 4.74457E+01	 4.10056E+01	 1.77312E+01	 5.00000E+01
 6.29157E+01	 5.37878E+01	 7.41752E+01	 5.77245E+01	 2.22100E+01	 3.91238E+01	 3.78558E+01	 4.63790E+01	 4.74457E+01	 4.09047E+01	 1.81994E+01	 5.00000E+01
 6.29299E+01	 5.37551E+01	 7.41647E+01	 5.76897E+01	 2.22100E+01	 3.89575E+01	 3.78446E+01	 4.63818E+01	 4.74457E+01	 4.09349E+01	 1.82962E+01	 5.00000E+01
 6.29898E+01	 5.36577E+01	 7.48784E+01	 5.75635E+01	 2.22100E+01	 3.85542E+01	 3.78323E+01	 4.63739E+01	 4.74457E+01	 4.09710E+01	 1.79473E+01	 5.00000E+01
 6.29757E+01	 5.36969E+01	 7.42151E+01	 5.78314E+01	 2.22100E+01	 3.78947E+01	 3.78509E+01	 4.63816E+01	 4.74457E+01	 4.09938E+01	 1.75383E+01	 5.00000E+01
 6.29382E+01	 5.37447E+01	 7.40439E+01	 5.77858E+01	 2.22100E+01	 3.80424E+01	 3.78525E+01	 4.63640E+01	 4.74457E+01	 4.09840E+01	 1.81398E+01	 5.00000E+01
