       0.00000   1.00E+30  -1.
       0.16667   1.00E+30  -1.
       0.33333   1.00E+30  -1.
       0.50000   1.00E+30  -1.
       0.66667   1.00E+30  -1.
       0.83333   1.00E+30  -1.
       1.00000   1.00E+30  -1.
       1.16667   1.00E+30  -1.
       1.33333   1.00E+30  -1.
       1.50000   1.00E+30  -1.
       1.66667   1.00E+30  -1.
       1.83333   1.00E+30  -1.
       2.00000   1.00E+30  -1.
       2.16667   1.00E+30  -1.
       2.33333   1.00E+30  -1.
       2.50000   1.00E+30  -1.
       2.66667   1.00E+30  -1.
       2.83333   1.00E+30  -1.
       3.00000   1.00E+30  -1.
       3.16667   1.00E+30  -1.
       3.33333   1.00E+30  -1.
       3.50000   1.00E+30  -1.
       3.66667   1.00E+30  -1.
       3.83333   1.00E+30  -1.
       4.00000   1.00E+30  -1.
       4.16667   1.00E+30  -1.
       4.33333   1.00E+30  -1.
       4.50000   1.00E+30  -1.
       4.66667   1.00E+30  -1.
       4.83333   1.00E+30  -1.
       5.00000   1.00E+30  -1.
       5.16667   1.00E+30  -1.
       5.33333   1.00E+30  -1.
       5.50000   1.00E+30  -1.
       5.66667   1.00E+30  -1.
       5.83333   1.00E+30  -1.
       6.00000   1.00E+30  -1.
       6.16667   1.00E+30  -1.
       6.33333   1.00E+30  -1.
       6.50000   1.00E+30  -1.
       6.66667   1.00E+30  -1.
       6.83333   1.00E+30  -1.
       7.00000   1.00E+30  -1.
       7.16667   1.00E+30  -1.
       7.33333   1.00E+30  -1.
       7.50000   1.00E+30  -1.
       7.66667   1.00E+30  -1.
       7.83333   1.00E+30  -1.
       8.00000   1.00E+30  -1.
       8.16667   1.00E+30  -1.
       8.33333   1.00E+30  -1.
       8.50000   1.00E+30  -1.
       8.66667   1.00E+30  -1.
       8.83333   1.00E+30  -1.
       9.00000   1.00E+30  -1.
       9.16667   1.00E+30  -1.
       9.33333   1.00E+30  -1.
       9.50000   1.00E+30  -1.
       9.66667   1.00E+30  -1.
       9.83333   1.00E+30  -1.
      10.00000   1.00E+30  -1.
      10.16667   1.00E+30  -1.
      10.33333   1.00E+30  -1.
      10.50000   1.00E+30  -1.
      10.66667   1.00E+30  -1.
      10.83333   1.00E+30  -1.
      11.00000   1.00E+30  -1.
      11.16667   1.00E+30  -1.
      11.33333   1.00E+30  -1.
      11.50000   1.00E+30  -1.
      11.66667   1.00E+30  -1.
      11.83333   1.00E+30  -1.
      12.00000   1.00E+30  -1.
      12.16667   1.00E+30  -1.
      12.33333   1.00E+30  -1.
      12.50000   1.00E+30  -1.
      12.66667   1.00E+30  -1.
      12.83333   1.00E+30  -1.
      13.00000   1.00E+30  -1.
      13.16667   1.00E+30  -1.
      13.33333   1.00E+30  -1.
      13.50000   1.00E+30  -1.
      13.66667   1.00E+30  -1.
      13.83333   1.00E+30  -1.
      14.00000   1.00E+30  -1.
      14.16667   1.00E+30  -1.
      14.33333   1.00E+30  -1.
      14.50000   1.00E+30  -1.
      14.66667   1.00E+30  -1.
      14.83333   1.00E+30  -1.
      15.00000   1.00E+30  -1.
      15.16667   1.00E+30  -1.
      15.33333   1.00E+30  -1.
      15.50000   1.00E+30  -1.
      15.66667   1.00E+30  -1.
      15.83333   1.00E+30  -1.
      16.00000   1.00E+30  -1.
      16.16667   1.00E+30  -1.
      16.33333   1.00E+30  -1.
      16.50000   1.00E+30  -1.
      16.66667   1.00E+30  -1.
      16.83333   1.00E+30  -1.
      17.00000   1.00E+30  -1.
      17.16667   1.00E+30  -1.
      17.33333   1.00E+30  -1.
      17.50000   1.00E+30  -1.
      17.66667   1.00E+30  -1.
      17.83333   1.00E+30  -1.
      18.00000   1.00E+30  -1.
      18.16667   1.00E+30  -1.
      18.33333   1.00E+30  -1.
      18.50000   1.00E+30  -1.
      18.66667   1.00E+30  -1.
      18.83333   1.00E+30  -1.
      19.00000   1.00E+30  -1.
      19.16667   1.00E+30  -1.
      19.33333   1.00E+30  -1.
      19.50000   1.00E+30  -1.
      19.66667   1.00E+30  -1.
      19.83333   1.00E+30  -1.
      20.00000   1.00E+30  -1.
      20.16667   1.00E+30  -1.
      20.33333   1.00E+30  -1.
      20.50000   1.00E+30  -1.
      20.66667   1.00E+30  -1.
      20.83333   1.00E+30  -1.
      21.00000   1.00E+30  -1.
      21.16667   1.00E+30  -1.
      21.33333   1.00E+30  -1.
      21.50000   1.00E+30  -1.
      21.66667   1.00E+30  -1.
      21.83333   1.00E+30  -1.
      22.00000   1.00E+30  -1.
      22.16667   1.00E+30  -1.
      22.33333   1.00E+30  -1.
      22.50000   1.00E+30  -1.
      22.66667   1.00E+30  -1.
      22.83333   1.00E+30  -1.
      23.00000   1.00E+30  -1.
      23.16667   1.00E+30  -1.
      23.33333   1.00E+30  -1.
      23.50000   1.00E+30  -1.
      23.66667   1.00E+30  -1.
      23.83333   1.00E+30  -1.
      24.00000   1.00E+30  -1.
      24.16667   1.00E+30  -1.
      24.33333   1.00E+30  -1.
      24.50000   1.00E+30  -1.
      24.66667   1.00E+30  -1.
      24.83333   1.00E+30  -1.
      25.00000   1.00E+30  -1.
      25.16667   1.00E+30  -1.
      25.33333   1.00E+30  -1.
      25.50000   1.00E+30  -1.
      25.66667   1.00E+30  -1.
      25.83333   1.00E+30  -1.
      26.00000   1.00E+30  -1.
      26.16667   1.00E+30  -1.
      26.33333   1.00E+30  -1.
      26.50000   1.00E+30  -1.
      26.66667   1.00E+30  -1.
      26.83333   1.00E+30  -1.
      27.00000   1.00E+30  -1.
      27.16667   1.00E+30  -1.
      27.33333   1.00E+30  -1.
      27.50000   1.00E+30  -1.
      27.66667   1.00E+30  -1.
      27.83333   1.00E+30  -1.
      28.00000   1.00E+30  -1.
      28.16667   1.00E+30  -1.
      28.33333   1.00E+30  -1.
      28.50000   1.00E+30  -1.
      28.66667   1.00E+30  -1.
      28.83333   1.00E+30  -1.
      29.00000   1.00E+30  -1.
      29.16667   1.00E+30  -1.
      29.33333   1.00E+30  -1.
      29.50000   1.00E+30  -1.
      29.66667   1.00E+30  -1.
      29.83333   1.00E+30  -1.
      30.00000   1.00E+30  -1.
      30.16667   1.00E+30  -1.
      30.33333   1.00E+30  -1.
      30.50000   1.00E+30  -1.
      30.66667   1.00E+30  -1.
      30.83333   1.00E+30  -1.
      31.00000   1.00E+30  -1.
      31.16667   1.00E+30  -1.
      31.33333   1.00E+30  -1.
      31.50000   1.00E+30  -1.
      31.66667   1.00E+30  -1.
      31.83333   1.00E+30  -1.
      32.00000   1.00E+30  -1.
      32.16667   1.00E+30  -1.
      32.33333   1.00E+30  -1.
      32.50000   1.00E+30  -1.
      32.66667   1.00E+30  -1.
      32.83333   1.00E+30  -1.
      33.00000   1.00E+30  -1.
      33.16667   1.00E+30  -1.
      33.33333   1.00E+30  -1.
      33.50000   1.00E+30  -1.
      33.66667   1.00E+30  -1.
      33.83333   1.00E+30  -1.
      34.00000   1.00E+30  -1.
      34.16667   1.00E+30  -1.
      34.33333   1.00E+30  -1.
      34.50000   1.00E+30  -1.
      34.66667   1.00E+30  -1.
      34.83333   1.00E+30  -1.
      35.00000   1.00E+30  -1.
      35.16667   1.00E+30  -1.
      35.33333   1.00E+30  -1.
      35.50000   1.00E+30  -1.
      35.66667   1.00E+30  -1.
      35.83333   1.00E+30  -1.
      36.00000   1.00E+30  -1.
      36.16667   1.00E+30  -1.
      36.33333   1.00E+30  -1.
      36.50000   1.00E+30  -1.
      36.66667   1.00E+30  -1.
      36.83333   1.00E+30  -1.
      37.00000   1.00E+30  -1.
      37.16667   1.00E+30  -1.
      37.33333   1.00E+30  -1.
      37.50000   1.00E+30  -1.
      37.66667   1.00E+30  -1.
      37.83333   1.00E+30  -1.
      38.00000   1.00E+30  -1.
      38.16667   1.00E+30  -1.
      38.33333   1.00E+30  -1.
      38.50000   1.00E+30  -1.
      38.66667   1.00E+30  -1.
      38.83333   1.00E+30  -1.
      39.00000   1.00E+30  -1.
      39.16667   1.00E+30  -1.
      39.33333   1.00E+30  -1.
      39.50000   1.00E+30  -1.
      39.66667   1.00E+30  -1.
      39.83333   1.00E+30  -1.
      40.00000   1.00E+30  -1.
      40.16667   1.00E+30  -1.
      40.33333   1.00E+30  -1.
      40.50000   1.00E+30  -1.
      40.66667   1.00E+30  -1.
      40.83333   1.00E+30  -1.
      41.00000   1.00E+30  -1.
      41.16667   1.00E+30  -1.
      41.33333   1.00E+30  -1.
      41.50000   1.00E+30  -1.
      41.66667   1.00E+30  -1.
      41.83333   1.00E+30  -1.
      42.00000   1.00E+30  -1.
      42.16667   1.00E+30  -1.
      42.33333   1.00E+30  -1.
      42.50000   1.00E+30  -1.
      42.66667   1.00E+30  -1.
      42.83333   1.00E+30  -1.
      43.00000   1.00E+30  -1.
      43.16667   1.00E+30  -1.
      43.33333   1.00E+30  -1.
      43.50000   1.00E+30  -1.
      43.66667   1.00E+30  -1.
      43.83333   1.00E+30  -1.
      44.00000   1.00E+30  -1.
      44.16667   1.00E+30  -1.
      44.33333   1.00E+30  -1.
      44.50000   1.00E+30  -1.
      44.66667   1.00E+30  -1.
      44.83333   1.00E+30  -1.
      45.00000   1.00E+30  -1.
      45.16667   1.00E+30  -1.
      45.33333   1.00E+30  -1.
      45.50000   1.00E+30  -1.
      45.66667   1.00E+30  -1.
      45.83333   1.00E+30  -1.
      46.00000   1.00E+30  -1.
      46.16667   1.00E+30  -1.
      46.33333   1.00E+30  -1.
      46.50000   1.00E+30  -1.
      46.66667   1.00E+30  -1.
      46.83333   1.00E+30  -1.
      47.00000   1.00E+30  -1.
      47.16667   1.00E+30  -1.
      47.33333   1.00E+30  -1.
      47.50000   1.00E+30  -1.
      47.66667   1.00E+30  -1.
      47.83333   1.00E+30  -1.
      48.00000   1.00E+30  -1.
      48.16667   1.00E+30  -1.
      48.33333   1.00E+30  -1.
      48.50000   1.00E+30  -1.
      48.66667   1.00E+30  -1.
      48.83333   1.00E+30  -1.
      49.00000   1.00E+30  -1.
      49.16667   1.00E+30  -1.
      49.33333   1.00E+30  -1.
      49.50000   1.00E+30  -1.
      49.66667   1.00E+30  -1.
      49.83333   1.00E+30  -1.
      50.00000   1.00E+30  -1.
