 6.30525E+01	 5.39795E+01	 2.46436E+01	 6.13019E+01	 2.22100E+01	 4.00637E+01	 3.81003E+01	 4.65342E+01	 4.74457E+01	 4.11058E+01	 1.81135E+01	 5.00000E+01
 6.28988E+01	 5.38180E+01	 2.47460E+01	 6.11748E+01	 2.22100E+01	 3.98723E+01	 3.80527E+01	 4.64725E+01	 4.74457E+01	 4.09918E+01	 1.76883E+01	 5.00000E+01
 6.28093E+01	 5.37835E+01	 2.49528E+01	 6.11873E+01	 2.22100E+01	 3.94096E+01	 3.80389E+01	 4.64554E+01	 4.74457E+01	 4.09929E+01	 1.78881E+01	 5.00000E+01
 6.27677E+01	 5.37941E+01	 2.51011E+01	 6.10800E+01	 2.22100E+01	 3.93265E+01	 3.80381E+01	 4.64358E+01	 4.74457E+01	 4.09560E+01	 1.73808E+01	 5.00000E+01
 6.29096E+01	 5.35631E+01	 2.47833E+01	 6.12402E+01	 2.22100E+01	 3.93749E+01	 3.80160E+01	 4.64337E+01	 4.74457E+01	 4.10695E+01	 1.76394E+01	 5.00000E+01
 6.29385E+01	 5.35593E+01	 2.52913E+01	 6.11315E+01	 2.22100E+01	 3.93487E+01	 3.79920E+01	 4.64453E+01	 4.74457E+01	 4.10564E+01	 1.76912E+01	 5.00000E+01
 6.29449E+01	 5.35630E+01	 2.46825E+01	 6.11676E+01	 2.22100E+01	 3.88524E+01	 3.79835E+01	 4.64297E+01	 4.74457E+01	 4.10509E+01	 1.76713E+01	 5.00000E+01
 6.28859E+01	 5.35909E+01	 2.45141E+01	 6.43927E+01	 2.22100E+01	 4.27366E+01	 3.79374E+01	 4.63394E+01	 4.74457E+01	 4.11413E+01	 1.80664E+01	 5.00000E+01
 6.28730E+01	 5.35691E+01	 2.45122E+01	 6.44352E+01	 2.22100E+01	 5.81593E+01	 3.78797E+01	 4.62211E+01	 4.74457E+01	 4.10566E+01	 1.75358E+01	 5.00000E+01
 6.28743E+01	 5.35380E+01	 2.45081E+01	 6.44289E+01	 2.22100E+01	 7.74468E+01	 3.78040E+01	 4.61533E+01	 4.74457E+01	 4.07192E+01	 1.72659E+01	 5.00000E+01
 6.27809E+01	 5.36669E+01	 2.45179E+01	 6.44328E+01	 2.22100E+01	 9.53797E+01	 3.77009E+01	 4.61202E+01	 4.74457E+01	 4.04132E+01	 1.72140E+01	 5.00000E+01
 6.27988E+01	 5.36204E+01	 2.45170E+01	 6.44484E+01	 2.22100E+01	 1.00000E+02	 3.75918E+01	 4.60976E+01	 4.74457E+01	 4.02364E+01	 1.69236E+01	 5.00000E+01
 6.28241E+01	 5.35657E+01	 2.45096E+01	 6.44170E+01	 2.22100E+01	 1.00000E+02	 3.74865E+01	 4.60687E+01	 4.74457E+01	 4.02632E+01	 1.67356E+01	 5.00000E+01
 6.27292E+01	 5.36773E+01	 2.45115E+01	 6.44119E+01	 2.22100E+01	 1.00000E+02	 3.73563E+01	 4.60361E+01	 4.74457E+01	 4.02279E+01	 1.66565E+01	 5.00000E+01
 6.27537E+01	 5.36547E+01	 2.45106E+01	 6.44195E+01	 2.22100E+01	 1.00000E+02	 3.72555E+01	 4.60178E+01	 4.74457E+01	 4.02248E+01	 1.70337E+01	 5.00000E+01
 6.27983E+01	 5.36260E+01	 2.45094E+01	 6.44432E+01	 2.22100E+01	 1.00000E+02	 3.71657E+01	 4.59947E+01	 4.74457E+01	 4.03056E+01	 1.67200E+01	 5.00000E+01
 6.28288E+01	 5.36236E+01	 2.45095E+01	 6.44225E+01	 2.22100E+01	 1.00000E+02	 3.70954E+01	 4.59577E+01	 4.74457E+01	 4.02977E+01	 1.65308E+01	 5.00000E+01
 6.28594E+01	 5.36144E+01	 2.45083E+01	 6.44596E+01	 2.22100E+01	 1.00000E+02	 3.70120E+01	 4.59126E+01	 4.74457E+01	 4.02565E+01	 1.66141E+01	 5.00000E+01
 6.28842E+01	 5.36271E+01	 2.45126E+01	 6.44866E+01	 2.22100E+01	 1.00000E+02	 3.69880E+01	 4.58732E+01	 4.74457E+01	 4.02465E+01	 1.68520E+01	 5.00000E+01
 6.28901E+01	 5.36753E+01	 2.45119E+01	 6.45368E+01	 2.22100E+01	 1.00000E+02	 3.69761E+01	 4.58379E+01	 4.74457E+01	 4.02154E+01	 1.71316E+01	 5.00000E+01
 6.28833E+01	 5.37374E+01	 2.45151E+01	 6.45353E+01	 2.22100E+01	 1.00000E+02	 3.69843E+01	 4.58073E+01	 4.74457E+01	 4.01855E+01	 1.68375E+01	 5.00000E+01
 6.28752E+01	 5.37981E+01	 2.45177E+01	 6.45811E+01	 2.22100E+01	 1.00000E+02	 3.69708E+01	 4.57757E+01	 4.74457E+01	 4.01682E+01	 1.71036E+01	 5.00000E+01
 6.29867E+01	 5.37116E+01	 2.45146E+01	 6.45922E+01	 2.22100E+01	 1.00000E+02	 3.69595E+01	 4.57527E+01	 4.74457E+01	 4.01717E+01	 1.71014E+01	 5.00000E+01
 6.28809E+01	 5.39154E+01	 2.45104E+01	 6.46173E+01	 2.22100E+01	 1.00000E+02	 3.69658E+01	 4.57088E+01	 4.74457E+01	 4.01387E+01	 1.75755E+01	 5.00000E+01
 6.27738E+01	 5.40772E+01	 2.45089E+01	 6.46285E+01	 2.22100E+01	 1.00000E+02	 3.69888E+01	 4.56842E+01	 4.74457E+01	 4.00250E+01	 1.68683E+01	 5.00000E+01
 6.26889E+01	 5.42096E+01	 2.45014E+01	 6.46755E+01	 2.22100E+01	 1.00000E+02	 3.70053E+01	 4.56481E+01	 4.74457E+01	 4.00205E+01	 1.79291E+01	 5.00000E+01
 6.26932E+01	 5.42269E+01	 2.45069E+01	 6.47101E+01	 2.22100E+01	 1.00000E+02	 3.70128E+01	 4.56229E+01	 4.74457E+01	 4.00065E+01	 1.74460E+01	 5.00000E+01
 6.27184E+01	 5.42401E+01	 2.45010E+01	 6.47560E+01	 2.22100E+01	 1.00000E+02	 3.70346E+01	 4.56015E+01	 4.74457E+01	 4.00502E+01	 1.79080E+01	 5.00000E+01
 6.28072E+01	 5.41713E+01	 2.45021E+01	 6.47426E+01	 2.22100E+01	 1.00000E+02	 3.70326E+01	 4.55746E+01	 4.74457E+01	 4.00272E+01	 1.80612E+01	 5.00000E+01
 6.28318E+01	 5.42267E+01	 2.44940E+01	 6.47772E+01	 2.22100E+01	 1.00000E+02	 3.70706E+01	 4.55512E+01	 4.74457E+01	 4.00281E+01	 1.76998E+01	 5.00000E+01
 6.28339E+01	 5.42685E+01	 2.44956E+01	 6.48163E+01	 2.22100E+01	 1.00000E+02	 3.70802E+01	 4.55272E+01	 4.74457E+01	 3.99788E+01	 1.85855E+01	 5.00000E+01
 6.29638E+01	 5.41376E+01	 2.44947E+01	 6.48214E+01	 2.22100E+01	 1.00000E+02	 3.70937E+01	 4.55070E+01	 4.74457E+01	 4.00308E+01	 1.79434E+01	 5.00000E+01
 6.29862E+01	 5.41983E+01	 2.44944E+01	 6.48666E+01	 2.22100E+01	 1.00000E+02	 3.71045E+01	 4.54824E+01	 4.74457E+01	 3.99863E+01	 1.79605E+01	 5.00000E+01
 6.29972E+01	 5.42506E+01	 2.45013E+01	 6.48900E+01	 2.22100E+01	 1.00000E+02	 3.71221E+01	 4.54825E+01	 4.74457E+01	 4.00569E+01	 1.89832E+01	 5.00000E+01
 6.29609E+01	 5.43269E+01	 2.45039E+01	 6.49150E+01	 2.22100E+01	 1.00000E+02	 3.71254E+01	 4.54744E+01	 4.74457E+01	 3.99719E+01	 1.86526E+01	 5.00000E+01
 6.29278E+01	 5.43988E+01	 2.45048E+01	 6.49305E+01	 2.22100E+01	 1.00000E+02	 3.71165E+01	 4.54542E+01	 4.74457E+01	 3.99785E+01	 1.86199E+01	 5.00000E+01
 6.28940E+01	 5.44529E+01	 2.45062E+01	 6.49353E+01	 2.22100E+01	 1.00000E+02	 3.71207E+01	 4.54313E+01	 4.74457E+01	 4.00100E+01	 1.86632E+01	 5.00000E+01
 6.30338E+01	 5.43175E+01	 2.45009E+01	 6.49671E+01	 2.22100E+01	 1.00000E+02	 3.71223E+01	 4.54232E+01	 4.74457E+01	 4.00731E+01	 1.83281E+01	 5.00000E+01
 6.29965E+01	 5.44245E+01	 2.44992E+01	 6.49788E+01	 2.22100E+01	 1.00000E+02	 3.71052E+01	 4.54115E+01	 4.74457E+01	 4.00547E+01	 1.86115E+01	 5.00000E+01
 6.29419E+01	 5.45244E+01	 2.45012E+01	 6.49968E+01	 2.22100E+01	 1.00000E+02	 3.71256E+01	 4.53958E+01	 4.74457E+01	 4.00115E+01	 1.88574E+01	 5.00000E+01
 6.29040E+01	 5.45869E+01	 2.45023E+01	 6.49752E+01	 2.22100E+01	 1.00000E+02	 3.71321E+01	 4.53944E+01	 4.74457E+01	 3.99844E+01	 1.84023E+01	 5.00000E+01
 6.29621E+01	 5.45112E+01	 2.45016E+01	 6.50019E+01	 2.22100E+01	 1.00000E+02	 3.71071E+01	 4.53669E+01	 4.74457E+01	 3.99901E+01	 1.85270E+01	 5.00000E+01
 6.30338E+01	 5.44739E+01	 2.44962E+01	 6.50594E+01	 2.22100E+01	 1.00000E+02	 3.71112E+01	 4.53687E+01	 4.74457E+01	 4.00922E+01	 1.87519E+01	 5.00000E+01
 6.30203E+01	 5.45394E+01	 2.44903E+01	 6.50792E+01	 2.22100E+01	 1.00000E+02	 3.70783E+01	 4.53535E+01	 4.74457E+01	 4.00289E+01	 1.85766E+01	 5.00000E+01
 6.31000E+01	 5.44697E+01	 2.44955E+01	 6.50706E+01	 2.22100E+01	 1.00000E+02	 3.70865E+01	 4.53486E+01	 4.74457E+01	 4.01110E+01	 1.89930E+01	 5.00000E+01
 6.31713E+01	 5.44179E+01	 2.44964E+01	 6.50780E+01	 2.22100E+01	 1.00000E+02	 3.71045E+01	 4.53335E+01	 4.74457E+01	 4.00752E+01	 1.93528E+01	 5.00000E+01
 6.30429E+01	 5.46314E+01	 2.44952E+01	 6.51384E+01	 2.22100E+01	 1.00000E+02	 3.70911E+01	 4.53365E+01	 4.74457E+01	 4.00542E+01	 1.86254E+01	 5.00000E+01
 6.30556E+01	 5.45991E+01	 2.44970E+01	 6.51012E+01	 2.22100E+01	 1.00000E+02	 3.71062E+01	 4.53366E+01	 4.74457E+01	 4.00707E+01	 1.89250E+01	 5.00000E+01
 6.31089E+01	 5.45681E+01	 2.44953E+01	 6.51391E+01	 2.22100E+01	 1.00000E+02	 3.70955E+01	 4.53390E+01	 4.74457E+01	 4.00794E+01	 1.90468E+01	 5.00000E+01
 6.30984E+01	 5.46211E+01	 2.44957E+01	 6.51281E+01	 2.22100E+01	 1.00000E+02	 3.71029E+01	 4.53457E+01	 4.74457E+01	 4.01066E+01	 1.89492E+01	 5.00000E+01
 6.31109E+01	 5.46236E+01	 2.44951E+01	 6.51434E+01	 2.22100E+01	 1.00000E+02	 3.70870E+01	 4.53470E+01	 4.74457E+01	 4.01183E+01	 1.89221E+01	 5.00000E+01
 6.31152E+01	 5.46134E+01	 2.44960E+01	 6.51708E+01	 2.22100E+01	 1.00000E+02	 3.70689E+01	 4.53380E+01	 4.74457E+01	 4.00960E+01	 1.91996E+01	 5.00000E+01
 6.31187E+01	 5.46562E+01	 2.44972E+01	 6.51900E+01	 2.22100E+01	 1.00000E+02	 3.70831E+01	 4.53370E+01	 4.74457E+01	 4.00693E+01	 1.89489E+01	 5.00000E+01
 6.31464E+01	 5.46315E+01	 2.44936E+01	 6.51830E+01	 2.22100E+01	 1.00000E+02	 3.70922E+01	 4.53408E+01	 4.74457E+01	 4.00986E+01	 1.92596E+01	 5.00000E+01
 6.31738E+01	 5.46265E+01	 2.44939E+01	 6.52135E+01	 2.22100E+01	 1.00000E+02	 3.70979E+01	 4.53405E+01	 4.74457E+01	 4.01270E+01	 1.91140E+01	 5.00000E+01
 6.30834E+01	 5.47583E+01	 2.44959E+01	 6.52165E+01	 2.22100E+01	 1.00000E+02	 3.71105E+01	 4.53372E+01	 4.74457E+01	 4.01098E+01	 1.89670E+01	 5.00000E+01
 6.31242E+01	 5.47187E+01	 2.44919E+01	 6.52375E+01	 2.22100E+01	 1.00000E+02	 3.70936E+01	 4.53658E+01	 4.74457E+01	 4.00655E+01	 1.89171E+01	 5.00000E+01
 6.31687E+01	 5.46788E+01	 2.44921E+01	 6.52209E+01	 2.22100E+01	 1.00000E+02	 3.70870E+01	 4.53501E+01	 4.74457E+01	 4.00403E+01	 1.95418E+01	 5.00000E+01
 6.32446E+01	 5.46163E+01	 2.44972E+01	 6.52352E+01	 2.22100E+01	 1.00000E+02	 3.70988E+01	 4.53520E+01	 4.74457E+01	 4.00758E+01	 1.84697E+01	 5.00000E+01
 6.31630E+01	 5.48017E+01	 2.45012E+01	 6.52489E+01	 2.22100E+01	 1.00000E+02	 3.70978E+01	 4.53759E+01	 4.74457E+01	 4.01176E+01	 1.89157E+01	 5.00000E+01
 6.30338E+01	 5.49176E+01	 2.45009E+01	 6.52596E+01	 2.22100E+01	 1.00000E+02	 3.70908E+01	 4.53821E+01	 4.74457E+01	 4.00495E+01	 1.91736E+01	 5.00000E+01
 6.30779E+01	 5.48601E+01	 2.44964E+01	 6.52581E+01	 2.22100E+01	 1.00000E+02	 3.71321E+01	 4.53804E+01	 4.74457E+01	 4.00654E+01	 1.90141E+01	 5.00000E+01
 6.31049E+01	 5.48277E+01	 2.44988E+01	 6.52825E+01	 2.22100E+01	 1.00000E+02	 3.71305E+01	 4.53904E+01	 4.74457E+01	 4.01101E+01	 1.90237E+01	 5.00000E+01
 6.31371E+01	 5.48278E+01	 2.45002E+01	 6.53080E+01	 2.22100E+01	 1.00000E+02	 3.71168E+01	 4.54029E+01	 4.74457E+01	 4.01180E+01	 1.92581E+01	 5.00000E+01
 6.30760E+01	 5.48943E+01	 2.45031E+01	 6.52222E+01	 2.22100E+01	 1.00000E+02	 3.71258E+01	 4.53994E+01	 4.74457E+01	 4.00425E+01	 1.90373E+01	 5.00000E+01
 6.30680E+01	 5.47973E+01	 2.45037E+01	 6.51909E+01	 2.22100E+01	 1.00000E+02	 3.70920E+01	 4.53752E+01	 4.74457E+01	 4.00295E+01	 1.89832E+01	 5.00000E+01
 6.30293E+01	 5.46905E+01	 2.45103E+01	 6.50985E+01	 2.22100E+01	 1.00000E+02	 3.70639E+01	 4.53157E+01	 4.74457E+01	 3.99815E+01	 1.90883E+01	 5.00000E+01
 6.29534E+01	 5.46160E+01	 2.45106E+01	 6.50183E+01	 2.22100E+01	 1.00000E+02	 3.70293E+01	 4.52747E+01	 4.74457E+01	 3.99078E+01	 1.91967E+01	 5.00000E+01
 6.28417E+01	 5.45360E+01	 2.45138E+01	 6.48468E+01	 2.22100E+01	 1.00000E+02	 3.69717E+01	 4.52051E+01	 4.74457E+01	 3.98236E+01	 1.92556E+01	 5.00000E+01
 6.27293E+01	 5.44312E+01	 2.45116E+01	 6.47626E+01	 2.22100E+01	 1.00000E+02	 3.69066E+01	 4.51340E+01	 4.74457E+01	 3.97187E+01	 1.91710E+01	 5.00000E+01
 6.25914E+01	 5.43389E+01	 2.45098E+01	 6.46016E+01	 2.22100E+01	 1.00000E+02	 3.68537E+01	 4.50667E+01	 4.74457E+01	 3.96082E+01	 1.89420E+01	 5.00000E+01
 6.24243E+01	 5.42750E+01	 2.45032E+01	 6.44887E+01	 2.22100E+01	 1.00000E+02	 3.67917E+01	 4.49837E+01	 4.74457E+01	 3.95402E+01	 1.85975E+01	 5.00000E+01
 6.22475E+01	 5.41748E+01	 2.44998E+01	 6.43077E+01	 2.22100E+01	 1.00000E+02	 3.67070E+01	 4.49027E+01	 4.74457E+01	 3.93974E+01	 1.90551E+01	 5.00000E+01
 6.21359E+01	 5.40147E+01	 2.45061E+01	 6.42032E+01	 2.22100E+01	 1.00000E+02	 3.66414E+01	 4.48138E+01	 4.74457E+01	 3.93306E+01	 1.84888E+01	 5.00000E+01
 6.19821E+01	 5.38971E+01	 2.45091E+01	 6.40330E+01	 2.22100E+01	 1.00000E+02	 3.65548E+01	 4.47178E+01	 4.74457E+01	 3.92173E+01	 1.87555E+01	 5.00000E+01
 6.18265E+01	 5.37977E+01	 2.45039E+01	 6.38763E+01	 2.22100E+01	 1.00000E+02	 3.64492E+01	 4.46467E+01	 4.74457E+01	 3.91495E+01	 1.85627E+01	 5.00000E+01
 6.17014E+01	 5.36379E+01	 2.45038E+01	 6.37433E+01	 2.22100E+01	 1.00000E+02	 3.63562E+01	 4.45568E+01	 4.74457E+01	 3.90639E+01	 1.81370E+01	 5.00000E+01
 6.14928E+01	 5.36317E+01	 2.45012E+01	 6.36092E+01	 2.22100E+01	 1.00000E+02	 3.62652E+01	 4.44763E+01	 4.74457E+01	 3.89535E+01	 1.75114E+01	 5.00000E+01
 6.12848E+01	 5.35967E+01	 2.45061E+01	 6.34491E+01	 2.22100E+01	 1.00000E+02	 3.61898E+01	 4.44132E+01	 4.74457E+01	 3.87933E+01	 1.81770E+01	 5.00000E+01
 6.12398E+01	 5.33415E+01	 2.45041E+01	 6.33313E+01	 2.22100E+01	 1.00000E+02	 3.60707E+01	 4.43217E+01	 4.74457E+01	 3.87704E+01	 1.75359E+01	 5.00000E+01
 6.10831E+01	 5.32500E+01	 2.45073E+01	 6.32031E+01	 2.22100E+01	 1.00000E+02	 3.59660E+01	 4.42404E+01	 4.74457E+01	 3.86818E+01	 1.74778E+01	 5.00000E+01
 6.09166E+01	 5.31938E+01	 2.45010E+01	 6.30341E+01	 2.22100E+01	 1.00000E+02	 3.59006E+01	 4.41422E+01	 4.74457E+01	 3.85678E+01	 1.79059E+01	 5.00000E+01
 6.07274E+01	 5.31729E+01	 2.44952E+01	 6.29406E+01	 2.22100E+01	 1.00000E+02	 3.58186E+01	 4.40786E+01	 4.74457E+01	 3.84455E+01	 1.74833E+01	 5.00000E+01
 6.05543E+01	 5.31042E+01	 2.44958E+01	 6.27691E+01	 2.22100E+01	 1.00000E+02	 3.57452E+01	 4.39952E+01	 4.74457E+01	 3.83333E+01	 1.72122E+01	 5.00000E+01
 6.04028E+01	 5.30117E+01	 2.44925E+01	 6.26661E+01	 2.22100E+01	 1.00000E+02	 3.56377E+01	 4.39284E+01	 4.74457E+01	 3.82671E+01	 1.69866E+01	 5.00000E+01
 6.03718E+01	 5.27384E+01	 2.44879E+01	 6.25447E+01	 2.22100E+01	 1.00000E+02	 3.55518E+01	 4.38291E+01	 4.74457E+01	 3.81621E+01	 1.70710E+01	 5.00000E+01
 6.02687E+01	 5.26318E+01	 2.44965E+01	 6.24026E+01	 2.22100E+01	 1.00000E+02	 3.54685E+01	 4.37512E+01	 4.74457E+01	 3.81045E+01	 1.65680E+01	 5.00000E+01
 6.01427E+01	 5.25550E+01	 2.44946E+01	 6.22794E+01	 2.22100E+01	 1.00000E+02	 3.54115E+01	 4.36726E+01	 4.74457E+01	 3.79728E+01	 1.68371E+01	 5.00000E+01
 6.00943E+01	 5.23944E+01	 2.45003E+01	 6.21825E+01	 2.22100E+01	 1.00000E+02	 3.53358E+01	 4.36056E+01	 4.74457E+01	 3.79245E+01	 1.65294E+01	 5.00000E+01
 6.00417E+01	 5.22638E+01	 2.45058E+01	 6.20862E+01	 2.22100E+01	 1.00000E+02	 3.52648E+01	 4.35583E+01	 4.74457E+01	 3.78455E+01	 1.58816E+01	 5.00000E+01
 5.99721E+01	 5.21511E+01	 2.45053E+01	 6.19792E+01	 2.22100E+01	 1.00000E+02	 3.52227E+01	 4.34807E+01	 4.74457E+01	 3.78459E+01	 1.62937E+01	 5.00000E+01
 5.99508E+01	 5.19916E+01	 2.45061E+01	 6.18955E+01	 2.22100E+01	 1.00000E+02	 3.51499E+01	 4.34302E+01	 4.74457E+01	 3.77765E+01	 1.60402E+01	 5.00000E+01
 5.98150E+01	 5.20026E+01	 2.45128E+01	 6.18026E+01	 2.22100E+01	 1.00000E+02	 3.51157E+01	 4.33883E+01	 4.74457E+01	 3.76628E+01	 1.63424E+01	 5.00000E+01
 5.96947E+01	 5.19990E+01	 2.45197E+01	 6.17451E+01	 2.22100E+01	 1.00000E+02	 3.50550E+01	 4.33391E+01	 4.74457E+01	 3.76030E+01	 1.60690E+01	 5.00000E+01
 5.95188E+01	 5.20466E+01	 2.45171E+01	 6.16641E+01	 2.22100E+01	 1.00000E+02	 3.50154E+01	 4.33020E+01	 4.74457E+01	 3.75223E+01	 1.62070E+01	 5.00000E+01
 5.94685E+01	 5.18734E+01	 2.45139E+01	 6.15678E+01	 2.22100E+01	 1.00000E+02	 3.49513E+01	 4.32367E+01	 4.74457E+01	 3.74479E+01	 1.63125E+01	 5.00000E+01
 5.94531E+01	 5.17216E+01	 2.45101E+01	 6.14966E+01	 2.22100E+01	 1.00000E+02	 3.48926E+01	 4.31877E+01	 4.74457E+01	 3.74242E+01	 1.63735E+01	 5.00000E+01
 5.93432E+01	 5.17029E+01	 2.45058E+01	 6.14000E+01	 2.22100E+01	 1.00000E+02	 3.48734E+01	 4.31331E+01	 4.74457E+01	 3.73467E+01	 1.59438E+01	 5.00000E+01
 5.92497E+01	 5.16228E+01	 2.45042E+01	 6.12872E+01	 2.22100E+01	 1.00000E+02	 3.48004E+01	 4.30641E+01	 4.74457E+01	 3.72293E+01	 1.60429E+01	 5.00000E+01
 5.91900E+01	 5.15455E+01	 2.45066E+01	 6.12434E+01	 2.22100E+01	 1.00000E+02	 3.47621E+01	 4.30334E+01	 4.74457E+01	 3.71720E+01	 1.60199E+01	 5.00000E+01
 5.89872E+01	 5.16516E+01	 2.45033E+01	 6.11397E+01	 2.22100E+01	 1.00000E+02	 3.47367E+01	 4.29829E+01	 4.74457E+01	 3.70838E+01	 1.58395E+01	 5.00000E+01
 5.88994E+01	 5.15812E+01	 2.45064E+01	 6.10939E+01	 2.22100E+01	 1.00000E+02	 3.47239E+01	 4.29350E+01	 4.74457E+01	 3.70291E+01	 1.56663E+01	 5.00000E+01
 5.88202E+01	 5.15018E+01	 2.45064E+01	 6.09772E+01	 2.22100E+01	 1.00000E+02	 3.46592E+01	 4.28900E+01	 4.74457E+01	 3.69764E+01	 1.56687E+01	 5.00000E+01
 5.88178E+01	 5.13432E+01	 2.45035E+01	 6.09553E+01	 2.22100E+01	 1.00000E+02	 3.46100E+01	 4.28372E+01	 4.74457E+01	 3.69661E+01	 1.59004E+01	 5.00000E+01
 5.87959E+01	 5.12292E+01	 2.44998E+01	 6.08901E+01	 2.22100E+01	 1.00000E+02	 3.45773E+01	 4.27920E+01	 4.74457E+01	 3.69010E+01	 1.51795E+01	 5.00000E+01
 5.87655E+01	 5.11452E+01	 2.45043E+01	 6.07794E+01	 2.22100E+01	 1.00000E+02	 3.45451E+01	 4.27339E+01	 4.74457E+01	 3.68597E+01	 1.53089E+01	 5.00000E+01
 5.87572E+01	 5.10736E+01	 2.45102E+01	 6.07502E+01	 2.22100E+01	 1.00000E+02	 3.45088E+01	 4.27021E+01	 4.74457E+01	 3.68322E+01	 1.56564E+01	 5.00000E+01
 5.86619E+01	 5.10889E+01	 2.45087E+01	 6.07037E+01	 2.22100E+01	 1.00000E+02	 3.44950E+01	 4.26767E+01	 4.74457E+01	 3.67540E+01	 1.60786E+01	 5.00000E+01
 5.85729E+01	 5.10874E+01	 2.45097E+01	 6.06397E+01	 2.22100E+01	 1.00000E+02	 3.44406E+01	 4.26531E+01	 4.74457E+01	 3.67086E+01	 1.55869E+01	 5.00000E+01
 5.84118E+01	 5.11941E+01	 2.45065E+01	 6.06227E+01	 2.22100E+01	 1.00000E+02	 3.44435E+01	 4.26389E+01	 4.74457E+01	 3.67201E+01	 1.60430E+01	 5.00000E+01
 5.83058E+01	 5.12136E+01	 2.44984E+01	 6.05693E+01	 2.22100E+01	 1.00000E+02	 3.44147E+01	 4.26039E+01	 4.74457E+01	 3.66049E+01	 1.53455E+01	 5.00000E+01
 5.82325E+01	 5.11893E+01	 2.44981E+01	 6.05344E+01	 2.22100E+01	 1.00000E+02	 3.43999E+01	 4.25759E+01	 4.74457E+01	 3.65721E+01	 1.55466E+01	 5.00000E+01
 5.83244E+01	 5.09693E+01	 2.44906E+01	 6.04473E+01	 2.22100E+01	 1.00000E+02	 3.43561E+01	 4.25541E+01	 4.74457E+01	 3.66213E+01	 1.56160E+01	 5.00000E+01
 5.82218E+01	 5.09960E+01	 2.44920E+01	 6.03945E+01	 2.22100E+01	 1.00000E+02	 3.43195E+01	 4.25117E+01	 4.74457E+01	 3.64822E+01	 1.51683E+01	 5.00000E+01
 5.81272E+01	 5.10371E+01	 2.44926E+01	 6.03880E+01	 2.22100E+01	 1.00000E+02	 3.43041E+01	 4.24819E+01	 4.74457E+01	 3.64489E+01	 1.50126E+01	 5.00000E+01
 5.81670E+01	 5.08627E+01	 2.44957E+01	 6.03022E+01	 2.22100E+01	 1.00000E+02	 3.42874E+01	 4.24524E+01	 4.74457E+01	 3.64401E+01	 1.55087E+01	 5.00000E+01
 5.81414E+01	 5.08123E+01	 2.44963E+01	 6.02843E+01	 2.22100E+01	 1.00000E+02	 3.42716E+01	 4.24074E+01	 4.74457E+01	 3.64216E+01	 1.51457E+01	 5.00000E+01
 5.81188E+01	 5.07963E+01	 2.44960E+01	 6.02515E+01	 2.22100E+01	 1.00000E+02	 3.42553E+01	 4.24017E+01	 4.74457E+01	 3.63954E+01	 1.57894E+01	 5.00000E+01
 5.80834E+01	 5.07832E+01	 2.44981E+01	 6.02132E+01	 2.22100E+01	 1.00000E+02	 3.42153E+01	 4.23785E+01	 4.74457E+01	 3.63608E+01	 1.55452E+01	 5.00000E+01
 5.80436E+01	 5.07864E+01	 2.44946E+01	 6.01986E+01	 2.22100E+01	 1.00000E+02	 3.42063E+01	 4.23673E+01	 4.74457E+01	 3.63226E+01	 1.53011E+01	 5.00000E+01
 5.80204E+01	 5.07790E+01	 2.44941E+01	 6.01851E+01	 2.22100E+01	 1.00000E+02	 3.41804E+01	 4.23592E+01	 4.74457E+01	 3.63611E+01	 1.52007E+01	 5.00000E+01
 5.80059E+01	 5.07425E+01	 2.44954E+01	 6.01378E+01	 2.22100E+01	 1.00000E+02	 3.41940E+01	 4.23466E+01	 4.74457E+01	 3.63156E+01	 1.54003E+01	 5.00000E+01
 5.79707E+01	 5.07302E+01	 2.44975E+01	 6.01326E+01	 2.22100E+01	 1.00000E+02	 3.41806E+01	 4.23290E+01	 4.74457E+01	 3.62485E+01	 1.49317E+01	 5.00000E+01
 5.79421E+01	 5.07530E+01	 2.44971E+01	 6.01182E+01	 2.22100E+01	 1.00000E+02	 3.41746E+01	 4.23236E+01	 4.74457E+01	 3.62895E+01	 1.47177E+01	 5.00000E+01
 5.79309E+01	 5.06936E+01	 2.44984E+01	 6.01032E+01	 2.22100E+01	 1.00000E+02	 3.41610E+01	 4.22948E+01	 4.74457E+01	 3.62691E+01	 1.57317E+01	 5.00000E+01
 5.78334E+01	 5.07948E+01	 2.44959E+01	 6.00412E+01	 2.22100E+01	 1.00000E+02	 3.41454E+01	 4.22933E+01	 4.74457E+01	 3.62638E+01	 1.58637E+01	 5.00000E+01
 5.77352E+01	 5.08456E+01	 2.44935E+01	 6.00688E+01	 2.22100E+01	 1.00000E+02	 3.41521E+01	 4.22861E+01	 4.74457E+01	 3.61852E+01	 1.51640E+01	 5.00000E+01
 5.77479E+01	 5.07572E+01	 2.44963E+01	 6.00096E+01	 2.22100E+01	 1.00000E+02	 3.41260E+01	 4.22639E+01	 4.74457E+01	 3.61517E+01	 1.55617E+01	 5.00000E+01
 5.77322E+01	 5.07393E+01	 2.44938E+01	 6.00003E+01	 2.22100E+01	 1.00000E+02	 3.41286E+01	 4.22374E+01	 4.74457E+01	 3.61922E+01	 1.50682E+01	 5.00000E+01
 5.76962E+01	 5.07264E+01	 2.44870E+01	 5.99747E+01	 2.22100E+01	 1.00000E+02	 3.41019E+01	 4.22303E+01	 4.74457E+01	 3.61656E+01	 1.50505E+01	 5.00000E+01
 5.76662E+01	 5.07034E+01	 2.44902E+01	 5.99499E+01	 2.22100E+01	 1.00000E+02	 3.40797E+01	 4.22099E+01	 4.74457E+01	 3.60804E+01	 1.54944E+01	 5.00000E+01
 5.77384E+01	 5.05333E+01	 2.44982E+01	 5.99298E+01	 2.22100E+01	 1.00000E+02	 3.40928E+01	 4.21896E+01	 4.74457E+01	 3.61048E+01	 1.51625E+01	 5.00000E+01
 5.78197E+01	 5.04379E+01	 2.44925E+01	 5.98940E+01	 2.22100E+01	 1.00000E+02	 3.40708E+01	 4.21742E+01	 4.74457E+01	 3.61128E+01	 1.54778E+01	 5.00000E+01
 5.76326E+01	 5.06842E+01	 2.44937E+01	 5.99443E+01	 2.22100E+01	 1.00000E+02	 3.40660E+01	 4.21755E+01	 4.74457E+01	 3.60880E+01	 1.53858E+01	 5.00000E+01
 5.75099E+01	 5.07789E+01	 2.44949E+01	 5.99192E+01	 2.22100E+01	 1.00000E+02	 3.40611E+01	 4.21612E+01	 4.74457E+01	 3.60061E+01	 1.53375E+01	 5.00000E+01
 5.74401E+01	 5.08330E+01	 2.44950E+01	 5.98822E+01	 2.22100E+01	 1.00000E+02	 3.40552E+01	 4.21423E+01	 4.74457E+01	 3.59919E+01	 1.55363E+01	 5.00000E+01
 5.75445E+01	 5.06545E+01	 2.44913E+01	 5.98650E+01	 2.22100E+01	 1.00000E+02	 3.40537E+01	 4.21398E+01	 4.74457E+01	 3.60532E+01	 1.51395E+01	 5.00000E+01
 5.75675E+01	 5.05960E+01	 2.44907E+01	 5.98650E+01	 2.22100E+01	 1.00000E+02	 3.40377E+01	 4.21134E+01	 4.74457E+01	 3.60388E+01	 1.52767E+01	 5.00000E+01
 5.75704E+01	 5.05716E+01	 2.44966E+01	 5.98271E+01	 2.22100E+01	 1.00000E+02	 3.39893E+01	 4.21145E+01	 4.74457E+01	 3.60102E+01	 1.52516E+01	 5.00000E+01
 5.76228E+01	 5.04740E+01	 2.44958E+01	 5.98126E+01	 2.22100E+01	 1.00000E+02	 3.40157E+01	 4.20923E+01	 4.74457E+01	 3.60369E+01	 1.47720E+01	 5.00000E+01
 5.75589E+01	 5.05701E+01	 2.44966E+01	 5.98006E+01	 2.22100E+01	 1.00000E+02	 3.40229E+01	 4.20920E+01	 4.74457E+01	 3.59657E+01	 1.51591E+01	 5.00000E+01
 5.74813E+01	 5.06435E+01	 2.44965E+01	 5.98135E+01	 2.22100E+01	 1.00000E+02	 3.40058E+01	 4.20925E+01	 4.74457E+01	 3.60051E+01	 1.48891E+01	 5.00000E+01
 5.74031E+01	 5.07177E+01	 2.44985E+01	 5.98067E+01	 2.22100E+01	 1.00000E+02	 3.40050E+01	 4.20972E+01	 4.74457E+01	 3.59423E+01	 1.51063E+01	 5.00000E+01
 5.74902E+01	 5.05221E+01	 2.44996E+01	 5.97883E+01	 2.22100E+01	 1.00000E+02	 3.40134E+01	 4.20817E+01	 4.74457E+01	 3.59216E+01	 1.49425E+01	 5.00000E+01
 5.75998E+01	 5.03877E+01	 2.45000E+01	 5.97842E+01	 2.22100E+01	 1.00000E+02	 3.39906E+01	 4.20690E+01	 4.74457E+01	 3.60469E+01	 1.52194E+01	 5.00000E+01
 5.75403E+01	 5.05178E+01	 2.44936E+01	 5.97727E+01	 2.22100E+01	 1.00000E+02	 3.39857E+01	 4.20648E+01	 4.74457E+01	 3.60091E+01	 1.50025E+01	 5.00000E+01
 5.75307E+01	 5.05070E+01	 2.44929E+01	 5.97996E+01	 2.22100E+01	 1.00000E+02	 3.39759E+01	 4.20715E+01	 4.74457E+01	 3.59675E+01	 1.49287E+01	 5.00000E+01
 5.75235E+01	 5.05081E+01	 2.44910E+01	 5.97925E+01	 2.22100E+01	 1.00000E+02	 3.39729E+01	 4.20611E+01	 4.74457E+01	 3.59888E+01	 1.50363E+01	 5.00000E+01
 5.75307E+01	 5.05110E+01	 2.44870E+01	 5.97687E+01	 2.22100E+01	 1.00000E+02	 3.39854E+01	 4.20497E+01	 4.74457E+01	 3.60122E+01	 1.48866E+01	 5.00000E+01
 5.75150E+01	 5.05257E+01	 2.44862E+01	 5.97783E+01	 2.22100E+01	 1.00000E+02	 3.39730E+01	 4.20482E+01	 4.74457E+01	 3.59936E+01	 1.54683E+01	 5.00000E+01
 5.74969E+01	 5.05553E+01	 2.44835E+01	 5.97808E+01	 2.22100E+01	 1.00000E+02	 3.39668E+01	 4.20561E+01	 4.74457E+01	 3.59518E+01	 1.51429E+01	 5.00000E+01
 5.75818E+01	 5.04414E+01	 2.44743E+01	 5.97890E+01	 2.22100E+01	 1.00000E+02	 3.39754E+01	 4.20448E+01	 4.74457E+01	 3.59943E+01	 1.51320E+01	 5.00000E+01
 5.75102E+01	 5.05498E+01	 2.44743E+01	 5.97784E+01	 2.22100E+01	 1.00000E+02	 3.39691E+01	 4.20379E+01	 4.74457E+01	 3.59989E+01	 1.48563E+01	 5.00000E+01
 5.74289E+01	 5.06458E+01	 2.44767E+01	 5.97886E+01	 2.22100E+01	 1.00000E+02	 3.39724E+01	 4.20343E+01	 4.74457E+01	 3.59785E+01	 1.56507E+01	 5.00000E+01
 5.75831E+01	 5.04138E+01	 2.44813E+01	 5.98259E+01	 2.22100E+01	 1.00000E+02	 3.39791E+01	 4.20330E+01	 4.74457E+01	 3.60076E+01	 1.49633E+01	 5.00000E+01
 5.75790E+01	 5.04427E+01	 2.44867E+01	 5.97697E+01	 2.22100E+01	 1.00000E+02	 3.39515E+01	 4.20137E+01	 4.74457E+01	 3.59780E+01	 1.46791E+01	 5.00000E+01
 5.75620E+01	 5.04934E+01	 2.44841E+01	 5.97818E+01	 2.22100E+01	 1.00000E+02	 3.39634E+01	 4.20160E+01	 4.74457E+01	 3.59551E+01	 1.48748E+01	 5.00000E+01
 5.75867E+01	 5.04303E+01	 2.44812E+01	 5.97676E+01	 2.22100E+01	 1.00000E+02	 3.39511E+01	 4.20187E+01	 4.74457E+01	 3.59954E+01	 1.46927E+01	 5.00000E+01
 5.74971E+01	 5.05459E+01	 2.44844E+01	 5.97580E+01	 2.22100E+01	 1.00000E+02	 3.39675E+01	 4.20037E+01	 4.74457E+01	 3.59169E+01	 1.48260E+01	 5.00000E+01
 5.74218E+01	 5.06544E+01	 2.44858E+01	 5.97642E+01	 2.22100E+01	 1.00000E+02	 3.39453E+01	 4.20032E+01	 4.74457E+01	 3.59224E+01	 1.55412E+01	 5.00000E+01
 5.73724E+01	 5.06800E+01	 2.44879E+01	 5.97755E+01	 2.22100E+01	 1.00000E+02	 3.39380E+01	 4.20064E+01	 4.74457E+01	 3.59591E+01	 1.52091E+01	 5.00000E+01
 5.73564E+01	 5.06577E+01	 2.44946E+01	 5.97481E+01	 2.22100E+01	 1.00000E+02	 3.39482E+01	 4.19794E+01	 4.74457E+01	 3.59229E+01	 1.47000E+01	 5.00000E+01
 5.73586E+01	 5.06263E+01	 2.44939E+01	 5.97427E+01	 2.22100E+01	 1.00000E+02	 3.39431E+01	 4.19653E+01	 4.74457E+01	 3.59308E+01	 1.48869E+01	 5.00000E+01
 5.73438E+01	 5.06067E+01	 2.44961E+01	 5.97117E+01	 2.22100E+01	 1.00000E+02	 3.39243E+01	 4.19571E+01	 4.74457E+01	 3.59056E+01	 1.53354E+01	 5.00000E+01
 5.74155E+01	 5.04493E+01	 2.45003E+01	 5.96921E+01	 2.22100E+01	 1.00000E+02	 3.39068E+01	 4.19344E+01	 4.74457E+01	 3.59055E+01	 1.50488E+01	 5.00000E+01
 5.74985E+01	 5.03478E+01	 2.45006E+01	 5.96800E+01	 2.22100E+01	 1.00000E+02	 3.39058E+01	 4.19215E+01	 4.74457E+01	 3.59613E+01	 1.53276E+01	 5.00000E+01
 5.76448E+01	 5.01954E+01	 2.44999E+01	 5.96721E+01	 2.22100E+01	 1.00000E+02	 3.39035E+01	 4.19097E+01	 4.74457E+01	 3.59795E+01	 1.54589E+01	 5.00000E+01
 5.76807E+01	 5.02050E+01	 2.45044E+01	 5.97176E+01	 2.22100E+01	 1.00000E+02	 3.38787E+01	 4.19198E+01	 4.74457E+01	 3.60181E+01	 1.55032E+01	 5.00000E+01
 5.76845E+01	 5.02366E+01	 2.45054E+01	 5.97427E+01	 2.22100E+01	 1.00000E+02	 3.39272E+01	 4.19279E+01	 4.74457E+01	 3.60235E+01	 1.52953E+01	 5.00000E+01
 5.76117E+01	 5.03959E+01	 2.45060E+01	 5.97543E+01	 2.22100E+01	 1.00000E+02	 3.39312E+01	 4.19531E+01	 4.74457E+01	 3.59817E+01	 1.51555E+01	 5.00000E+01
 5.75445E+01	 5.05118E+01	 2.45051E+01	 5.97969E+01	 2.22100E+01	 1.00000E+02	 3.39216E+01	 4.19646E+01	 4.74457E+01	 3.59902E+01	 1.49253E+01	 5.00000E+01
 5.75037E+01	 5.05672E+01	 2.45065E+01	 5.97842E+01	 2.22100E+01	 1.00000E+02	 3.39443E+01	 4.19804E+01	 4.74457E+01	 3.59625E+01	 1.46522E+01	 5.00000E+01
 5.75239E+01	 5.05140E+01	 2.45066E+01	 5.97552E+01	 2.22100E+01	 1.00000E+02	 3.39262E+01	 4.19686E+01	 4.74457E+01	 3.59445E+01	 1.54518E+01	 5.00000E+01
 5.75227E+01	 5.05141E+01	 2.45059E+01	 5.97798E+01	 2.22100E+01	 1.00000E+02	 3.39057E+01	 4.19533E+01	 4.74457E+01	 3.59665E+01	 1.49081E+01	 5.00000E+01
 5.75119E+01	 5.05369E+01	 2.45044E+01	 5.97653E+01	 2.22100E+01	 1.00000E+02	 3.39201E+01	 4.19558E+01	 4.74457E+01	 3.59877E+01	 1.52488E+01	 5.00000E+01
 5.75510E+01	 5.04400E+01	 2.45098E+01	 5.97347E+01	 2.22100E+01	 1.00000E+02	 3.38941E+01	 4.19210E+01	 4.74457E+01	 3.59995E+01	 1.50154E+01	 5.00000E+01
 5.76433E+01	 5.03228E+01	 2.45092E+01	 5.97545E+01	 2.22100E+01	 1.00000E+02	 3.38767E+01	 4.19336E+01	 4.74457E+01	 3.59957E+01	 1.51814E+01	 5.00000E+01
 5.77119E+01	 5.02478E+01	 2.45120E+01	 5.97670E+01	 2.22100E+01	 1.00000E+02	 3.38975E+01	 4.19172E+01	 4.74457E+01	 3.60002E+01	 1.48003E+01	 5.00000E+01
 5.75713E+01	 5.04658E+01	 2.45146E+01	 5.97592E+01	 2.22100E+01	 1.00000E+02	 3.39157E+01	 4.19119E+01	 4.74457E+01	 3.59389E+01	 1.50573E+01	 5.00000E+01
 5.75183E+01	 5.05332E+01	 2.45140E+01	 5.97678E+01	 2.22100E+01	 1.00000E+02	 3.39161E+01	 4.19310E+01	 4.74457E+01	 3.59337E+01	 1.55080E+01	 5.00000E+01
 5.74746E+01	 5.05456E+01	 2.45110E+01	 5.97626E+01	 2.22100E+01	 1.00000E+02	 3.39034E+01	 4.19245E+01	 4.74457E+01	 3.59515E+01	 1.50010E+01	 5.00000E+01
 5.75546E+01	 5.04196E+01	 2.45093E+01	 5.97541E+01	 2.22100E+01	 1.00000E+02	 3.38969E+01	 4.19170E+01	 4.74457E+01	 3.59457E+01	 1.52549E+01	 5.00000E+01
 5.75197E+01	 5.04759E+01	 2.45060E+01	 5.97208E+01	 2.22100E+01	 1.00000E+02	 3.39033E+01	 4.18989E+01	 4.74457E+01	 3.59455E+01	 1.47249E+01	 5.00000E+01
 5.74501E+01	 5.05100E+01	 2.45068E+01	 5.97232E+01	 2.22100E+01	 1.00000E+02	 3.38996E+01	 4.18912E+01	 4.74457E+01	 3.59469E+01	 1.51987E+01	 5.00000E+01
 5.74792E+01	 5.04547E+01	 2.45032E+01	 5.97058E+01	 2.22100E+01	 1.00000E+02	 3.38920E+01	 4.18745E+01	 4.74457E+01	 3.59200E+01	 1.47898E+01	 5.00000E+01
 5.74340E+01	 5.05255E+01	 2.45043E+01	 5.97217E+01	 2.22100E+01	 1.00000E+02	 3.38830E+01	 4.18747E+01	 4.74457E+01	 3.59331E+01	 1.51030E+01	 5.00000E+01
 5.73576E+01	 5.05847E+01	 2.44992E+01	 5.97223E+01	 2.22100E+01	 1.00000E+02	 3.38516E+01	 4.18604E+01	 4.74457E+01	 3.59173E+01	 1.52018E+01	 5.00000E+01
 5.73820E+01	 5.04926E+01	 2.45005E+01	 5.96992E+01	 2.22100E+01	 1.00000E+02	 3.38528E+01	 4.18475E+01	 4.74457E+01	 3.58942E+01	 1.52532E+01	 5.00000E+01
 5.73638E+01	 5.04977E+01	 2.44997E+01	 5.97051E+01	 2.22100E+01	 1.00000E+02	 3.38483E+01	 4.18334E+01	 4.74457E+01	 3.59031E+01	 1.52731E+01	 5.00000E+01
 5.73260E+01	 5.04984E+01	 2.45058E+01	 5.96796E+01	 2.22100E+01	 1.00000E+02	 3.38255E+01	 4.18151E+01	 4.74457E+01	 3.58603E+01	 1.52756E+01	 5.00000E+01
 5.72824E+01	 5.05154E+01	 2.45028E+01	 5.96693E+01	 2.22100E+01	 1.00000E+02	 3.38290E+01	 4.18094E+01	 4.74457E+01	 3.58807E+01	 1.52482E+01	 5.00000E+01
 5.72940E+01	 5.04786E+01	 2.45024E+01	 5.96252E+01	 2.22100E+01	 1.00000E+02	 3.38150E+01	 4.17900E+01	 4.74457E+01	 3.58791E+01	 1.48148E+01	 5.00000E+01
 5.73020E+01	 5.04471E+01	 2.45053E+01	 5.95751E+01	 2.22100E+01	 1.00000E+02	 3.37744E+01	 4.17635E+01	 4.74457E+01	 3.58609E+01	 1.48410E+01	 5.00000E+01
 5.72747E+01	 5.04591E+01	 2.45065E+01	 5.95933E+01	 2.22100E+01	 1.00000E+02	 3.38021E+01	 4.17633E+01	 4.74457E+01	 3.58614E+01	 1.50932E+01	 5.00000E+01
 5.72771E+01	 5.04319E+01	 2.45115E+01	 5.96087E+01	 2.22100E+01	 1.00000E+02	 3.37959E+01	 4.17616E+01	 4.74457E+01	 3.58527E+01	 1.48862E+01	 5.00000E+01
 5.72856E+01	 5.04027E+01	 2.45066E+01	 5.95964E+01	 2.22100E+01	 1.00000E+02	 3.37883E+01	 4.17684E+01	 4.74457E+01	 3.58346E+01	 1.48897E+01	 5.00000E+01
 5.73744E+01	 5.02845E+01	 2.45036E+01	 5.95893E+01	 2.22100E+01	 1.00000E+02	 3.37601E+01	 4.17418E+01	 4.74457E+01	 3.58321E+01	 1.54163E+01	 5.00000E+01
 5.73363E+01	 5.03589E+01	 2.45048E+01	 5.96027E+01	 2.22100E+01	 1.00000E+02	 3.37606E+01	 4.17497E+01	 4.74457E+01	 3.58196E+01	 1.50569E+01	 5.00000E+01
 5.72941E+01	 5.04169E+01	 2.45039E+01	 5.96174E+01	 2.22100E+01	 1.00000E+02	 3.37802E+01	 4.17404E+01	 4.74457E+01	 3.57967E+01	 1.48512E+01	 5.00000E+01
 5.73434E+01	 5.03387E+01	 2.45023E+01	 5.95621E+01	 2.22100E+01	 1.00000E+02	 3.37626E+01	 4.17427E+01	 4.74457E+01	 3.58649E+01	 1.45055E+01	 5.00000E+01
 5.72874E+01	 5.04541E+01	 2.45034E+01	 5.95883E+01	 2.22100E+01	 1.00000E+02	 3.37657E+01	 4.17561E+01	 4.74457E+01	 3.58823E+01	 1.44809E+01	 5.00000E+01
 5.72081E+01	 5.05350E+01	 2.45043E+01	 5.95884E+01	 2.22100E+01	 1.00000E+02	 3.37600E+01	 4.17586E+01	 4.74457E+01	 3.58373E+01	 1.46509E+01	 5.00000E+01
 5.72648E+01	 5.04206E+01	 2.45059E+01	 5.95856E+01	 2.22100E+01	 1.00000E+02	 3.37394E+01	 4.17453E+01	 4.74457E+01	 3.58371E+01	 1.50837E+01	 5.00000E+01
 5.72966E+01	 5.03494E+01	 2.45025E+01	 5.95824E+01	 2.22100E+01	 1.00000E+02	 3.37500E+01	 4.17314E+01	 4.74457E+01	 3.58100E+01	 1.47471E+01	 5.00000E+01
 5.73237E+01	 5.03175E+01	 2.45071E+01	 5.95796E+01	 2.22100E+01	 1.00000E+02	 3.37592E+01	 4.17329E+01	 4.74457E+01	 3.58651E+01	 1.43998E+01	 5.00000E+01
 5.73515E+01	 5.02973E+01	 2.45091E+01	 5.95546E+01	 2.22100E+01	 1.00000E+02	 3.37394E+01	 4.17189E+01	 4.74457E+01	 3.58525E+01	 1.51300E+01	 5.00000E+01
 5.73050E+01	 5.03617E+01	 2.45024E+01	 5.95783E+01	 2.22100E+01	 1.00000E+02	 3.37469E+01	 4.17095E+01	 4.74457E+01	 3.58206E+01	 1.52429E+01	 5.00000E+01
 5.72660E+01	 5.04158E+01	 2.44951E+01	 5.96027E+01	 2.22100E+01	 1.00000E+02	 3.37438E+01	 4.17200E+01	 4.74457E+01	 3.57914E+01	 1.53653E+01	 5.00000E+01
 5.73075E+01	 5.03651E+01	 2.44990E+01	 5.96220E+01	 2.22100E+01	 1.00000E+02	 3.37450E+01	 4.17224E+01	 4.74457E+01	 3.58396E+01	 1.50041E+01	 5.00000E+01
 5.72871E+01	 5.03905E+01	 2.44980E+01	 5.95975E+01	 2.22100E+01	 1.00000E+02	 3.37149E+01	 4.17208E+01	 4.74457E+01	 3.58037E+01	 1.48837E+01	 5.00000E+01
 5.72570E+01	 5.04172E+01	 2.44963E+01	 5.95712E+01	 2.22100E+01	 1.00000E+02	 3.37559E+01	 4.17167E+01	 4.74457E+01	 3.57987E+01	 1.47690E+01	 5.00000E+01
 5.73006E+01	 5.03084E+01	 2.44955E+01	 5.95453E+01	 2.22100E+01	 1.00000E+02	 3.37283E+01	 4.17035E+01	 4.74457E+01	 3.58147E+01	 1.45636E+01	 5.00000E+01
 5.72644E+01	 5.03856E+01	 2.44994E+01	 5.95562E+01	 2.22100E+01	 1.00000E+02	 3.37258E+01	 4.17147E+01	 4.74457E+01	 3.58116E+01	 1.45976E+01	 5.00000E+01
 5.72102E+01	 5.04549E+01	 2.45056E+01	 5.95553E+01	 2.22100E+01	 1.00000E+02	 3.37293E+01	 4.17267E+01	 4.74457E+01	 3.57978E+01	 1.44837E+01	 5.00000E+01
 5.71722E+01	 5.04615E+01	 2.45052E+01	 5.95546E+01	 2.22100E+01	 1.00000E+02	 3.37193E+01	 4.17026E+01	 4.74457E+01	 3.58187E+01	 1.55666E+01	 5.00000E+01
 5.72414E+01	 5.03405E+01	 2.45078E+01	 5.95480E+01	 2.22100E+01	 1.00000E+02	 3.37101E+01	 4.17024E+01	 4.74457E+01	 3.58162E+01	 1.48088E+01	 5.00000E+01
 5.73013E+01	 5.02636E+01	 2.45050E+01	 5.95187E+01	 2.22100E+01	 1.00000E+02	 3.37147E+01	 4.16796E+01	 4.74457E+01	 3.58123E+01	 1.46225E+01	 5.00000E+01
 5.74032E+01	 5.01408E+01	 2.44994E+01	 5.95167E+01	 2.22100E+01	 1.00000E+02	 3.37086E+01	 4.16868E+01	 4.74457E+01	 3.58401E+01	 1.48959E+01	 5.00000E+01
 5.73648E+01	 5.02449E+01	 2.45033E+01	 5.95340E+01	 2.22100E+01	 1.00000E+02	 3.36956E+01	 4.16866E+01	 4.74457E+01	 3.58595E+01	 1.48707E+01	 5.00000E+01
 5.72847E+01	 5.03413E+01	 2.44994E+01	 5.95487E+01	 2.22100E+01	 1.00000E+02	 3.37275E+01	 4.16959E+01	 4.74457E+01	 3.58231E+01	 1.49640E+01	 5.00000E+01
 5.73501E+01	 5.02836E+01	 2.45008E+01	 5.95564E+01	 2.22100E+01	 1.00000E+02	 3.37340E+01	 4.17082E+01	 4.74457E+01	 3.58330E+01	 1.54333E+01	 5.00000E+01
 5.73580E+01	 5.02904E+01	 2.44978E+01	 5.95720E+01	 2.22100E+01	 1.00000E+02	 3.37294E+01	 4.17134E+01	 4.74457E+01	 3.58411E+01	 1.49004E+01	 5.00000E+01
 5.73509E+01	 5.02930E+01	 2.44930E+01	 5.95644E+01	 2.22100E+01	 1.00000E+02	 3.37207E+01	 4.17207E+01	 4.74457E+01	 3.58590E+01	 1.48705E+01	 5.00000E+01
 5.72260E+01	 5.04603E+01	 2.44938E+01	 5.95625E+01	 2.22100E+01	 1.00000E+02	 3.37462E+01	 4.17216E+01	 4.74457E+01	 3.58563E+01	 1.47632E+01	 5.00000E+01
 5.71959E+01	 5.04759E+01	 2.44924E+01	 5.95820E+01	 2.22100E+01	 1.00000E+02	 3.37468E+01	 4.17220E+01	 4.74457E+01	 3.57889E+01	 1.56936E+01	 5.00000E+01
 5.71931E+01	 5.04565E+01	 2.44916E+01	 5.95357E+01	 2.22100E+01	 1.00000E+02	 3.37351E+01	 4.17158E+01	 4.74457E+01	 3.57755E+01	 1.49433E+01	 5.00000E+01
 5.72605E+01	 5.03344E+01	 2.44924E+01	 5.95371E+01	 2.22100E+01	 1.00000E+02	 3.37099E+01	 4.17109E+01	 4.74457E+01	 3.58010E+01	 1.47870E+01	 5.00000E+01
 5.72801E+01	 5.03079E+01	 2.44877E+01	 5.95541E+01	 2.22100E+01	 1.00000E+02	 3.37140E+01	 4.17070E+01	 4.74457E+01	 3.58277E+01	 1.51505E+01	 5.00000E+01
 5.72728E+01	 5.03112E+01	 2.44852E+01	 5.95249E+01	 2.22100E+01	 1.00000E+02	 3.37212E+01	 4.16897E+01	 4.74457E+01	 3.58085E+01	 1.49627E+01	 5.00000E+01
 5.72622E+01	 5.03412E+01	 2.44853E+01	 5.95331E+01	 2.22100E+01	 1.00000E+02	 3.37128E+01	 4.17050E+01	 4.74457E+01	 3.57665E+01	 1.48589E+01	 5.00000E+01
 5.72695E+01	 5.02884E+01	 2.44809E+01	 5.95088E+01	 2.22100E+01	 1.00000E+02	 3.37229E+01	 4.16856E+01	 4.74457E+01	 3.57955E+01	 1.44780E+01	 5.00000E+01
 5.72978E+01	 5.02808E+01	 2.44887E+01	 5.95626E+01	 2.22100E+01	 1.00000E+02	 3.37112E+01	 4.16929E+01	 4.74457E+01	 3.58231E+01	 1.50427E+01	 5.00000E+01
 5.73354E+01	 5.02465E+01	 2.44889E+01	 5.95491E+01	 2.22100E+01	 1.00000E+02	 3.37211E+01	 4.17026E+01	 4.74457E+01	 3.58265E+01	 1.49035E+01	 5.00000E+01
 5.72960E+01	 5.03199E+01	 2.44886E+01	 5.95337E+01	 2.22100E+01	 1.00000E+02	 3.37298E+01	 4.17082E+01	 4.74457E+01	 3.57711E+01	 1.47178E+01	 5.00000E+01
 5.72418E+01	 5.03836E+01	 2.44858E+01	 5.95417E+01	 2.22100E+01	 1.00000E+02	 3.37009E+01	 4.17180E+01	 4.74457E+01	 3.57722E+01	 1.52905E+01	 5.00000E+01
 5.73192E+01	 5.02796E+01	 2.44856E+01	 5.95677E+01	 2.22100E+01	 1.00000E+02	 3.37232E+01	 4.17202E+01	 4.74457E+01	 3.58235E+01	 1.52674E+01	 5.00000E+01
 5.73129E+01	 5.03080E+01	 2.44869E+01	 5.95400E+01	 2.22100E+01	 1.00000E+02	 3.37270E+01	 4.17156E+01	 4.74457E+01	 3.58256E+01	 1.49682E+01	 5.00000E+01
 5.72879E+01	 5.03168E+01	 2.44859E+01	 5.95287E+01	 2.22100E+01	 1.00000E+02	 3.37204E+01	 4.17123E+01	 4.74457E+01	 3.58115E+01	 1.46710E+01	 5.00000E+01
 5.72487E+01	 5.03766E+01	 2.44819E+01	 5.95362E+01	 2.22100E+01	 1.00000E+02	 3.37244E+01	 4.17251E+01	 4.74457E+01	 3.57693E+01	 1.47756E+01	 5.00000E+01
 5.72609E+01	 5.03512E+01	 2.44820E+01	 5.95292E+01	 2.22100E+01	 1.00000E+02	 3.37342E+01	 4.17270E+01	 4.74457E+01	 3.57888E+01	 1.48586E+01	 5.00000E+01
 5.72668E+01	 5.03354E+01	 2.44826E+01	 5.95286E+01	 2.22100E+01	 1.00000E+02	 3.37331E+01	 4.17157E+01	 4.74457E+01	 3.57773E+01	 1.47555E+01	 5.00000E+01
 5.73121E+01	 5.03076E+01	 2.44829E+01	 5.95786E+01	 2.22100E+01	 1.00000E+02	 3.37234E+01	 4.17231E+01	 4.74457E+01	 3.58306E+01	 1.49501E+01	 5.00000E+01
 5.73157E+01	 5.03022E+01	 2.44836E+01	 5.95630E+01	 2.22100E+01	 1.00000E+02	 3.37299E+01	 4.17185E+01	 4.74457E+01	 3.58036E+01	 1.51648E+01	 5.00000E+01
 5.73064E+01	 5.02994E+01	 2.44829E+01	 5.95255E+01	 2.22100E+01	 1.00000E+02	 3.37302E+01	 4.17152E+01	 4.74457E+01	 3.58153E+01	 1.47544E+01	 5.00000E+01
 5.73098E+01	 5.03090E+01	 2.44770E+01	 5.95325E+01	 2.22100E+01	 1.00000E+02	 3.37354E+01	 4.17276E+01	 4.74457E+01	 3.58176E+01	 1.52251E+01	 5.00000E+01
 5.73336E+01	 5.02830E+01	 2.44689E+01	 5.95608E+01	 2.22100E+01	 1.00000E+02	 3.37293E+01	 4.17246E+01	 4.74457E+01	 3.58083E+01	 1.46055E+01	 5.00000E+01
 5.73460E+01	 5.02799E+01	 2.44733E+01	 5.95555E+01	 2.22100E+01	 1.00000E+02	 3.37394E+01	 4.17263E+01	 4.74457E+01	 3.58344E+01	 1.51302E+01	 5.00000E+01
 5.72732E+01	 5.03606E+01	 2.44718E+01	 5.95909E+01	 2.22100E+01	 1.00000E+02	 3.37364E+01	 4.17361E+01	 4.74457E+01	 3.58006E+01	 1.48298E+01	 5.00000E+01
 5.73220E+01	 5.02795E+01	 2.44706E+01	 5.95484E+01	 2.22100E+01	 1.00000E+02	 3.37363E+01	 4.17237E+01	 4.74457E+01	 3.57962E+01	 1.49605E+01	 5.00000E+01
 5.73816E+01	 5.02134E+01	 2.44698E+01	 5.95575E+01	 2.22100E+01	 1.00000E+02	 3.37338E+01	 4.17312E+01	 4.74457E+01	 3.58270E+01	 1.48055E+01	 5.00000E+01
 5.73721E+01	 5.02654E+01	 2.44726E+01	 5.95478E+01	 2.22100E+01	 1.00000E+02	 3.37541E+01	 4.17389E+01	 4.74457E+01	 3.58303E+01	 1.48150E+01	 5.00000E+01
 5.73448E+01	 5.02890E+01	 2.44711E+01	 5.95594E+01	 2.22100E+01	 1.00000E+02	 3.37484E+01	 4.17289E+01	 4.74457E+01	 3.58383E+01	 1.53023E+01	 5.00000E+01
 5.73356E+01	 5.03106E+01	 2.44718E+01	 5.95643E+01	 2.22100E+01	 1.00000E+02	 3.37223E+01	 4.17449E+01	 4.74457E+01	 3.58120E+01	 1.51145E+01	 5.00000E+01
 5.72899E+01	 5.03846E+01	 2.44700E+01	 5.95493E+01	 2.22100E+01	 1.00000E+02	 3.37374E+01	 4.17438E+01	 4.74457E+01	 3.58155E+01	 1.50871E+01	 5.00000E+01
 5.73324E+01	 5.03122E+01	 2.44725E+01	 5.95942E+01	 2.22100E+01	 1.00000E+02	 3.37648E+01	 4.17520E+01	 4.74457E+01	 3.58363E+01	 1.51293E+01	 5.00000E+01
 5.73766E+01	 5.02331E+01	 2.44688E+01	 5.95551E+01	 2.22100E+01	 1.00000E+02	 3.37634E+01	 4.17561E+01	 4.74457E+01	 3.58189E+01	 1.49515E+01	 5.00000E+01
 5.72468E+01	 5.04193E+01	 2.44672E+01	 5.95934E+01	 2.22100E+01	 1.00000E+02	 3.37359E+01	 4.17489E+01	 4.74457E+01	 3.58159E+01	 1.52532E+01	 5.00000E+01
 5.72354E+01	 5.03888E+01	 2.44753E+01	 5.95609E+01	 2.22100E+01	 1.00000E+02	 3.37419E+01	 4.17395E+01	 4.74457E+01	 3.58194E+01	 1.49432E+01	 5.00000E+01
 5.72660E+01	 5.03528E+01	 2.44734E+01	 5.95630E+01	 2.22100E+01	 1.00000E+02	 3.37472E+01	 4.17611E+01	 4.74457E+01	 3.58080E+01	 1.44297E+01	 5.00000E+01
 5.72939E+01	 5.02955E+01	 2.44740E+01	 5.95429E+01	 2.22100E+01	 1.00000E+02	 3.37508E+01	 4.17515E+01	 4.74457E+01	 3.58409E+01	 1.55509E+01	 5.00000E+01
 5.72830E+01	 5.03193E+01	 2.44750E+01	 5.95255E+01	 2.22100E+01	 1.00000E+02	 3.37351E+01	 4.17535E+01	 4.74457E+01	 3.58302E+01	 1.49802E+01	 5.00000E+01
 5.72649E+01	 5.03410E+01	 2.44777E+01	 5.95153E+01	 2.22100E+01	 1.00000E+02	 3.37499E+01	 4.17400E+01	 4.74457E+01	 3.58240E+01	 1.51041E+01	 5.00000E+01
 5.74288E+01	 5.01146E+01	 2.44774E+01	 5.95569E+01	 2.22100E+01	 1.00000E+02	 3.37454E+01	 4.17548E+01	 4.74457E+01	 3.58557E+01	 1.50351E+01	 5.00000E+01
 5.74072E+01	 5.02195E+01	 2.44791E+01	 5.95323E+01	 2.22100E+01	 1.00000E+02	 3.37560E+01	 4.17484E+01	 4.74457E+01	 3.58468E+01	 1.50382E+01	 5.00000E+01
 5.73323E+01	 5.03349E+01	 2.44747E+01	 5.95827E+01	 2.22100E+01	 1.00000E+02	 3.37532E+01	 4.17722E+01	 4.74457E+01	 3.58212E+01	 1.44802E+01	 5.00000E+01
 5.73605E+01	 5.02814E+01	 2.44710E+01	 5.95803E+01	 2.22100E+01	 1.00000E+02	 3.37588E+01	 4.17629E+01	 4.74457E+01	 3.58326E+01	 1.47927E+01	 5.00000E+01
 5.74087E+01	 5.02601E+01	 2.44687E+01	 5.95648E+01	 2.22100E+01	 1.00000E+02	 3.37597E+01	 4.17796E+01	 4.74457E+01	 3.58189E+01	 1.51115E+01	 5.00000E+01
 5.74355E+01	 5.02306E+01	 2.44676E+01	 5.95679E+01	 2.22100E+01	 1.00000E+02	 3.37602E+01	 4.17882E+01	 4.74457E+01	 3.58520E+01	 1.46351E+01	 5.00000E+01
 5.74662E+01	 5.02123E+01	 2.44664E+01	 5.96032E+01	 2.22100E+01	 1.00000E+02	 3.37581E+01	 4.17828E+01	 4.74457E+01	 3.58564E+01	 1.43184E+01	 5.00000E+01
 5.74363E+01	 5.02925E+01	 2.44613E+01	 5.96437E+01	 2.22100E+01	 1.00000E+02	 3.37951E+01	 4.17944E+01	 4.74457E+01	 3.59061E+01	 1.43705E+01	 5.00000E+01
 5.73888E+01	 5.03429E+01	 2.44615E+01	 5.96359E+01	 2.22100E+01	 1.00000E+02	 3.37839E+01	 4.18029E+01	 4.74457E+01	 3.58313E+01	 1.48599E+01	 5.00000E+01
 5.73488E+01	 5.03993E+01	 2.44653E+01	 5.96409E+01	 2.22100E+01	 1.00000E+02	 3.37911E+01	 4.18069E+01	 4.74457E+01	 3.58338E+01	 1.52412E+01	 5.00000E+01
 5.73432E+01	 5.03895E+01	 2.44622E+01	 5.96140E+01	 2.22100E+01	 1.00000E+02	 3.37916E+01	 4.18013E+01	 4.74457E+01	 3.58438E+01	 1.45479E+01	 5.00000E+01
 5.73458E+01	 5.03559E+01	 2.44581E+01	 5.96160E+01	 2.22100E+01	 1.00000E+02	 3.37784E+01	 4.18022E+01	 4.74457E+01	 3.58716E+01	 1.45337E+01	 5.00000E+01
 5.73713E+01	 5.03168E+01	 2.44553E+01	 5.95523E+01	 2.22100E+01	 1.00000E+02	 3.37779E+01	 4.17935E+01	 4.74457E+01	 3.58012E+01	 1.47697E+01	 5.00000E+01
 5.73279E+01	 5.03707E+01	 2.44542E+01	 5.95925E+01	 2.22100E+01	 1.00000E+02	 3.37763E+01	 4.17878E+01	 4.74457E+01	 3.58153E+01	 1.50455E+01	 5.00000E+01
 5.72777E+01	 5.03941E+01	 2.44541E+01	 5.95792E+01	 2.22100E+01	 1.00000E+02	 3.37677E+01	 4.17860E+01	 4.74457E+01	 3.58084E+01	 1.48718E+01	 5.00000E+01
 5.73011E+01	 5.03485E+01	 2.44540E+01	 5.95755E+01	 2.22100E+01	 1.00000E+02	 3.37777E+01	 4.17794E+01	 4.74457E+01	 3.57977E+01	 1.49554E+01	 5.00000E+01
 5.72583E+01	 5.04008E+01	 2.44592E+01	 5.95687E+01	 2.22100E+01	 1.00000E+02	 3.37735E+01	 4.17728E+01	 4.74457E+01	 3.57785E+01	 1.44308E+01	 5.00000E+01
 5.72114E+01	 5.04543E+01	 2.44611E+01	 5.95825E+01	 2.22100E+01	 1.00000E+02	 3.37776E+01	 4.17889E+01	 4.74457E+01	 3.57568E+01	 1.49986E+01	 5.00000E+01
 5.72095E+01	 5.04185E+01	 2.44564E+01	 5.95373E+01	 2.22100E+01	 1.00000E+02	 3.37636E+01	 4.17598E+01	 4.74457E+01	 3.57778E+01	 1.50013E+01	 5.00000E+01
 5.72750E+01	 5.02983E+01	 2.44556E+01	 5.95471E+01	 2.22100E+01	 1.00000E+02	 3.37632E+01	 4.17711E+01	 4.74457E+01	 3.57940E+01	 1.50868E+01	 5.00000E+01
 5.73286E+01	 5.02127E+01	 2.44555E+01	 5.95118E+01	 2.22100E+01	 1.00000E+02	 3.37711E+01	 4.17555E+01	 4.74457E+01	 3.57763E+01	 1.50377E+01	 5.00000E+01
 5.73252E+01	 5.02443E+01	 2.44584E+01	 5.95133E+01	 2.22100E+01	 1.00000E+02	 3.37543E+01	 4.17511E+01	 4.74457E+01	 3.58506E+01	 1.52387E+01	 5.00000E+01
 5.72519E+01	 5.03718E+01	 2.44512E+01	 5.95014E+01	 2.22100E+01	 1.00000E+02	 3.37496E+01	 4.17571E+01	 4.74457E+01	 3.57988E+01	 1.51631E+01	 5.00000E+01
 5.71801E+01	 5.04517E+01	 2.44502E+01	 5.95577E+01	 2.22100E+01	 1.00000E+02	 3.37663E+01	 4.17647E+01	 4.74457E+01	 3.57801E+01	 1.46220E+01	 5.00000E+01
 5.73451E+01	 5.02365E+01	 2.44524E+01	 5.95493E+01	 2.22100E+01	 1.00000E+02	 3.37601E+01	 4.17714E+01	 4.74457E+01	 3.58173E+01	 1.47568E+01	 5.00000E+01
 5.73783E+01	 5.02273E+01	 2.44580E+01	 5.95251E+01	 2.22100E+01	 1.00000E+02	 3.37513E+01	 4.17821E+01	 4.74457E+01	 3.58842E+01	 1.50100E+01	 5.00000E+01
 5.73799E+01	 5.02296E+01	 2.44572E+01	 5.95348E+01	 2.22100E+01	 1.00000E+02	 3.37606E+01	 4.17761E+01	 4.74457E+01	 3.58515E+01	 1.46205E+01	 5.00000E+01
 5.73025E+01	 5.03737E+01	 2.44616E+01	 5.95735E+01	 2.22100E+01	 1.00000E+02	 3.37646E+01	 4.17809E+01	 4.74457E+01	 3.57753E+01	 1.51060E+01	 5.00000E+01
 5.73085E+01	 5.03668E+01	 2.44601E+01	 5.95891E+01	 2.22100E+01	 1.00000E+02	 3.37796E+01	 4.17886E+01	 4.74457E+01	 3.57651E+01	 1.43938E+01	 5.00000E+01
 5.73434E+01	 5.03403E+01	 2.44596E+01	 5.95774E+01	 2.22100E+01	 1.00000E+02	 3.37740E+01	 4.18013E+01	 4.74457E+01	 3.58006E+01	 1.49410E+01	 5.00000E+01
 5.73061E+01	 5.03789E+01	 2.44580E+01	 5.95739E+01	 2.22100E+01	 1.00000E+02	 3.37604E+01	 4.17825E+01	 4.74457E+01	 3.58222E+01	 1.43936E+01	 5.00000E+01
 5.73867E+01	 5.02563E+01	 2.44556E+01	 5.96036E+01	 2.22100E+01	 1.00000E+02	 3.37717E+01	 4.17873E+01	 4.74457E+01	 3.58351E+01	 1.52226E+01	 5.00000E+01
 5.74535E+01	 5.01850E+01	 2.44574E+01	 5.95844E+01	 2.22100E+01	 1.00000E+02	 3.37800E+01	 4.17854E+01	 4.74457E+01	 3.58868E+01	 1.45772E+01	 5.00000E+01
 5.73245E+01	 5.03777E+01	 2.44622E+01	 5.95732E+01	 2.22100E+01	 1.00000E+02	 3.37844E+01	 4.17838E+01	 4.74457E+01	 3.58492E+01	 1.49310E+01	 5.00000E+01
 5.73052E+01	 5.04052E+01	 2.44669E+01	 5.95958E+01	 2.22100E+01	 1.00000E+02	 3.37824E+01	 4.17984E+01	 4.74457E+01	 3.57804E+01	 1.53744E+01	 5.00000E+01
 5.73207E+01	 5.03759E+01	 2.44646E+01	 5.95902E+01	 2.22100E+01	 1.00000E+02	 3.37763E+01	 4.18021E+01	 4.74457E+01	 3.57978E+01	 1.54874E+01	 5.00000E+01
 5.73732E+01	 5.02829E+01	 2.44689E+01	 5.95998E+01	 2.22100E+01	 1.00000E+02	 3.37656E+01	 4.17918E+01	 4.74457E+01	 3.58418E+01	 1.51323E+01	 5.00000E+01
 5.73594E+01	 5.03177E+01	 2.44668E+01	 5.95917E+01	 2.22100E+01	 1.00000E+02	 3.37840E+01	 4.17995E+01	 4.74457E+01	 3.58205E+01	 1.47113E+01	 5.00000E+01
 5.73269E+01	 5.03647E+01	 2.44689E+01	 5.95931E+01	 2.22100E+01	 1.00000E+02	 3.37867E+01	 4.17919E+01	 4.74457E+01	 3.58105E+01	 1.53211E+01	 5.00000E+01
