 6.30525E+01	 5.39795E+01	 2.46436E+01	 6.13019E+01	 2.22100E+01	 4.00637E+01	 3.81003E+01	 4.65342E+01	 4.74457E+01	 4.11058E+01	 1.81135E+01	 5.00000E+01
 6.28988E+01	 5.38180E+01	 2.47460E+01	 6.11748E+01	 2.22100E+01	 3.98723E+01	 3.80527E+01	 4.64725E+01	 4.74457E+01	 4.09918E+01	 1.76883E+01	 5.00000E+01
 6.28093E+01	 5.37835E+01	 2.49528E+01	 6.11873E+01	 2.22100E+01	 3.94096E+01	 3.80389E+01	 4.64554E+01	 4.74457E+01	 4.09929E+01	 1.78881E+01	 5.00000E+01
 6.27677E+01	 5.37941E+01	 2.51011E+01	 6.10800E+01	 2.22100E+01	 3.93265E+01	 3.80381E+01	 4.64358E+01	 4.74457E+01	 4.09560E+01	 1.73808E+01	 5.00000E+01
 6.29096E+01	 5.35631E+01	 2.47833E+01	 6.12402E+01	 2.22100E+01	 3.93749E+01	 3.80160E+01	 4.64337E+01	 4.74457E+01	 4.10695E+01	 1.76394E+01	 5.00000E+01
 6.29385E+01	 5.35593E+01	 2.52913E+01	 6.11315E+01	 2.22100E+01	 3.93487E+01	 3.79920E+01	 4.64453E+01	 4.74457E+01	 4.10564E+01	 1.76912E+01	 5.00000E+01
 6.29449E+01	 5.35630E+01	 2.47035E+01	 6.11540E+01	 2.22100E+01	 3.88524E+01	 3.79835E+01	 4.64297E+01	 4.74457E+01	 4.10509E+01	 1.76713E+01	 5.00000E+01
 6.29063E+01	 5.36151E+01	 2.48295E+01	 6.10452E+01	 2.22100E+01	 3.94301E+01	 3.79589E+01	 4.64225E+01	 4.74457E+01	 4.09171E+01	 1.81319E+01	 5.00000E+01
 6.29108E+01	 5.36066E+01	 2.52572E+01	 6.12480E+01	 2.22100E+01	 4.13403E+01	 3.79425E+01	 4.64296E+01	 4.74457E+01	 4.09089E+01	 1.77151E+01	 5.00000E+01
 6.29107E+01	 5.35695E+01	 2.46764E+01	 6.13257E+01	 2.22100E+01	 4.51589E+01	 3.79322E+01	 4.64189E+01	 4.74457E+01	 4.08164E+01	 1.75322E+01	 5.00000E+01
 6.28100E+01	 5.37045E+01	 2.43176E+01	 6.13487E+01	 2.22100E+01	 4.96098E+01	 3.79050E+01	 4.64092E+01	 4.74457E+01	 4.07326E+01	 1.76111E+01	 5.00000E+01
 6.28249E+01	 5.36646E+01	 2.42879E+01	 6.12167E+01	 2.22100E+01	 5.43987E+01	 3.78790E+01	 4.63959E+01	 4.74457E+01	 4.06239E+01	 1.73616E+01	 5.00000E+01
 6.28528E+01	 5.36183E+01	 2.49461E+01	 6.11613E+01	 2.22100E+01	 5.79685E+01	 3.78578E+01	 4.63823E+01	 4.74457E+01	 4.05697E+01	 1.72918E+01	 5.00000E+01
 6.27565E+01	 5.37383E+01	 2.48392E+01	 6.12485E+01	 2.22100E+01	 6.04045E+01	 3.78090E+01	 4.63634E+01	 4.74457E+01	 4.04927E+01	 1.72785E+01	 5.00000E+01
 6.27797E+01	 5.37182E+01	 2.49479E+01	 6.13844E+01	 2.22100E+01	 6.24246E+01	 3.77798E+01	 4.63567E+01	 4.74457E+01	 4.04660E+01	 1.76895E+01	 5.00000E+01
 6.28209E+01	 5.36875E+01	 2.46826E+01	 6.12831E+01	 2.22100E+01	 6.45230E+01	 3.77465E+01	 4.63424E+01	 4.74457E+01	 4.05129E+01	 1.73511E+01	 5.00000E+01
 6.28518E+01	 5.36768E+01	 2.46885E+01	 6.13775E+01	 2.22100E+01	 6.57770E+01	 3.77153E+01	 4.63211E+01	 4.74457E+01	 4.05018E+01	 1.71521E+01	 5.00000E+01
 6.28815E+01	 5.36516E+01	 2.45371E+01	 6.13749E+01	 2.22100E+01	 6.67736E+01	 3.76570E+01	 4.62861E+01	 4.74457E+01	 4.04705E+01	 1.71373E+01	 5.00000E+01
 6.29038E+01	 5.36517E+01	 2.51029E+01	 6.14073E+01	 2.22100E+01	 6.74850E+01	 3.76448E+01	 4.62594E+01	 4.74457E+01	 4.04751E+01	 1.73234E+01	 5.00000E+01
 6.29134E+01	 5.36750E+01	 2.51995E+01	 6.15023E+01	 2.22100E+01	 6.81390E+01	 3.76352E+01	 4.62359E+01	 4.74457E+01	 4.04722E+01	 1.75251E+01	 5.00000E+01
 6.29080E+01	 5.37114E+01	 2.52546E+01	 6.14487E+01	 2.22100E+01	 6.91879E+01	 3.76386E+01	 4.62111E+01	 4.74457E+01	 4.04734E+01	 1.71070E+01	 5.00000E+01
 6.28993E+01	 5.37546E+01	 2.48559E+01	 6.15053E+01	 2.22100E+01	 7.02969E+01	 3.76137E+01	 4.61883E+01	 4.74457E+01	 4.04495E+01	 1.72924E+01	 5.00000E+01
 6.30164E+01	 5.36392E+01	 2.53710E+01	 6.15708E+01	 2.22100E+01	 7.12753E+01	 3.75866E+01	 4.61720E+01	 4.74457E+01	 4.04795E+01	 1.72102E+01	 5.00000E+01
 6.29127E+01	 5.38169E+01	 2.52966E+01	 6.16108E+01	 2.22100E+01	 7.21750E+01	 3.75748E+01	 4.61288E+01	 4.74457E+01	 4.04761E+01	 1.75547E+01	 5.00000E+01
 6.28051E+01	 5.39610E+01	 2.53423E+01	 6.16213E+01	 2.22100E+01	 7.34321E+01	 3.75766E+01	 4.61051E+01	 4.74457E+01	 4.03711E+01	 1.67553E+01	 5.00000E+01
 6.27259E+01	 5.40685E+01	 2.56805E+01	 6.16444E+01	 2.22100E+01	 7.50484E+01	 3.75697E+01	 4.60719E+01	 4.74457E+01	 4.03645E+01	 1.77224E+01	 5.00000E+01
 6.27325E+01	 5.40653E+01	 2.52914E+01	 6.16110E+01	 2.22100E+01	 7.65727E+01	 3.75535E+01	 4.60484E+01	 4.74457E+01	 4.03390E+01	 1.71239E+01	 5.00000E+01
 6.27573E+01	 5.40644E+01	 2.59499E+01	 6.16844E+01	 2.22100E+01	 7.77470E+01	 3.75496E+01	 4.60285E+01	 4.74457E+01	 4.03877E+01	 1.74907E+01	 5.00000E+01
 6.28479E+01	 5.39758E+01	 2.60077E+01	 6.16912E+01	 2.22100E+01	 7.86187E+01	 3.75231E+01	 4.59966E+01	 4.74457E+01	 4.03964E+01	 1.75334E+01	 5.00000E+01
 6.28729E+01	 5.40169E+01	 2.58061E+01	 6.17270E+01	 2.22100E+01	 7.88647E+01	 3.75350E+01	 4.59672E+01	 4.74457E+01	 4.04168E+01	 1.70734E+01	 5.00000E+01
 6.28748E+01	 5.40502E+01	 2.65313E+01	 6.16518E+01	 2.22100E+01	 7.82789E+01	 3.75195E+01	 4.59405E+01	 4.74457E+01	 4.03723E+01	 1.79065E+01	 5.00000E+01
 6.30052E+01	 5.39083E+01	 2.64106E+01	 6.18312E+01	 2.22100E+01	 7.74209E+01	 3.75112E+01	 4.59156E+01	 4.74457E+01	 4.04909E+01	 1.71738E+01	 5.00000E+01
 6.30274E+01	 5.39620E+01	 2.69286E+01	 6.17130E+01	 2.22100E+01	 7.66838E+01	 3.75034E+01	 4.58843E+01	 4.74457E+01	 4.04521E+01	 1.71372E+01	 5.00000E+01
 6.30381E+01	 5.40101E+01	 2.75778E+01	 6.17944E+01	 2.22100E+01	 7.58260E+01	 3.75059E+01	 4.58809E+01	 4.74457E+01	 4.05798E+01	 1.81047E+01	 5.00000E+01
 6.30019E+01	 5.40821E+01	 2.76482E+01	 6.18247E+01	 2.22100E+01	 7.54478E+01	 3.74998E+01	 4.58670E+01	 4.74457E+01	 4.05239E+01	 1.77319E+01	 5.00000E+01
 6.29677E+01	 5.41512E+01	 2.78028E+01	 6.18733E+01	 2.22100E+01	 7.55827E+01	 3.74843E+01	 4.58387E+01	 4.74457E+01	 4.05559E+01	 1.76397E+01	 5.00000E+01
 6.29326E+01	 5.42032E+01	 2.75851E+01	 6.19644E+01	 2.22100E+01	 7.65651E+01	 3.74833E+01	 4.58059E+01	 4.74457E+01	 4.06121E+01	 1.76237E+01	 5.00000E+01
 6.30715E+01	 5.40673E+01	 2.78983E+01	 6.18873E+01	 2.22100E+01	 7.76461E+01	 3.74787E+01	 4.57902E+01	 4.74457E+01	 4.06542E+01	 1.72325E+01	 5.00000E+01
 6.30343E+01	 5.41733E+01	 2.81407E+01	 6.18438E+01	 2.22100E+01	 7.78845E+01	 3.74545E+01	 4.57758E+01	 4.74457E+01	 4.06290E+01	 1.74672E+01	 5.00000E+01
 6.29787E+01	 5.42708E+01	 2.76277E+01	 6.20692E+01	 2.22100E+01	 7.75382E+01	 3.74666E+01	 4.57557E+01	 4.74457E+01	 4.06257E+01	 1.76561E+01	 5.00000E+01
 6.29396E+01	 5.43290E+01	 2.78473E+01	 6.18522E+01	 2.22100E+01	 7.79514E+01	 3.74636E+01	 4.57435E+01	 4.74457E+01	 4.05959E+01	 1.71290E+01	 5.00000E+01
 6.29981E+01	 5.42505E+01	 2.76975E+01	 6.20778E+01	 2.22100E+01	 7.81755E+01	 3.74260E+01	 4.57107E+01	 4.74457E+01	 4.06326E+01	 1.72044E+01	 5.00000E+01
 6.30686E+01	 5.42097E+01	 2.76112E+01	 6.20248E+01	 2.22100E+01	 7.85619E+01	 3.74172E+01	 4.57018E+01	 4.74457E+01	 4.07422E+01	 1.73538E+01	 5.00000E+01
 6.30565E+01	 5.42714E+01	 2.72338E+01	 6.21678E+01	 2.22100E+01	 7.84903E+01	 3.73686E+01	 4.56807E+01	 4.74457E+01	 4.06913E+01	 1.71285E+01	 5.00000E+01
 6.31376E+01	 5.41982E+01	 2.76956E+01	 6.20845E+01	 2.22100E+01	 7.81961E+01	 3.73615E+01	 4.56703E+01	 4.74457E+01	 4.07734E+01	 1.75130E+01	 5.00000E+01
 6.32081E+01	 5.41422E+01	 2.71552E+01	 6.22064E+01	 2.22100E+01	 7.77997E+01	 3.73645E+01	 4.56451E+01	 4.74457E+01	 4.07932E+01	 1.77841E+01	 5.00000E+01
 6.30823E+01	 5.43515E+01	 2.75599E+01	 6.22096E+01	 2.22100E+01	 7.74805E+01	 3.73358E+01	 4.56401E+01	 4.74457E+01	 4.07734E+01	 1.70213E+01	 5.00000E+01
 6.30968E+01	 5.43157E+01	 2.79259E+01	 6.21966E+01	 2.22100E+01	 7.78859E+01	 3.73364E+01	 4.56328E+01	 4.74457E+01	 4.08131E+01	 1.72648E+01	 5.00000E+01
 6.31503E+01	 5.42817E+01	 2.73541E+01	 6.21850E+01	 2.22100E+01	 7.87752E+01	 3.73122E+01	 4.56239E+01	 4.74457E+01	 4.08372E+01	 1.73120E+01	 5.00000E+01
 6.31416E+01	 5.43315E+01	 2.71134E+01	 6.22552E+01	 2.22100E+01	 7.93808E+01	 3.73042E+01	 4.56214E+01	 4.74457E+01	 4.08669E+01	 1.71657E+01	 5.00000E+01
 6.31557E+01	 5.43317E+01	 2.76154E+01	 6.21740E+01	 2.22100E+01	 8.01104E+01	 3.72712E+01	 4.56143E+01	 4.74457E+01	 4.08608E+01	 1.70818E+01	 5.00000E+01
 6.31617E+01	 5.43204E+01	 2.80036E+01	 6.21896E+01	 2.22100E+01	 8.02603E+01	 3.72372E+01	 4.55998E+01	 4.74457E+01	 4.08572E+01	 1.73031E+01	 5.00000E+01
 6.31681E+01	 5.43610E+01	 2.76894E+01	 6.21338E+01	 2.22100E+01	 7.98423E+01	 3.72359E+01	 4.55953E+01	 4.74457E+01	 4.08242E+01	 1.70105E+01	 5.00000E+01
 6.31983E+01	 5.43348E+01	 2.79248E+01	 6.21359E+01	 2.22100E+01	 7.90524E+01	 3.72292E+01	 4.55959E+01	 4.74457E+01	 4.08659E+01	 1.72966E+01	 5.00000E+01
 6.32264E+01	 5.43277E+01	 2.76284E+01	 6.22022E+01	 2.22100E+01	 7.82967E+01	 3.72213E+01	 4.55860E+01	 4.74457E+01	 4.09350E+01	 1.70984E+01	 5.00000E+01
 6.31382E+01	 5.44585E+01	 2.77921E+01	 6.21503E+01	 2.22100E+01	 7.78774E+01	 3.72210E+01	 4.55722E+01	 4.74457E+01	 4.09295E+01	 1.69197E+01	 5.00000E+01
 6.31815E+01	 5.44200E+01	 2.80536E+01	 6.21794E+01	 2.22100E+01	 7.76821E+01	 3.71930E+01	 4.55929E+01	 4.74457E+01	 4.08963E+01	 1.68377E+01	 5.00000E+01
 6.32281E+01	 5.43813E+01	 2.86423E+01	 6.21093E+01	 2.22100E+01	 7.77164E+01	 3.71770E+01	 4.55682E+01	 4.74457E+01	 4.08915E+01	 1.74279E+01	 5.00000E+01
 6.33062E+01	 5.43213E+01	 2.82842E+01	 6.21198E+01	 2.22100E+01	 7.74140E+01	 3.71813E+01	 4.55626E+01	 4.74457E+01	 4.09329E+01	 1.63276E+01	 5.00000E+01
 6.32259E+01	 5.45077E+01	 2.79278E+01	 6.21794E+01	 2.22100E+01	 7.71053E+01	 3.71732E+01	 4.55754E+01	 4.74457E+01	 4.10032E+01	 1.67341E+01	 5.00000E+01
 6.30990E+01	 5.46260E+01	 2.81415E+01	 6.22606E+01	 2.22100E+01	 7.73330E+01	 3.71589E+01	 4.55721E+01	 4.74457E+01	 4.09452E+01	 1.69788E+01	 5.00000E+01
 6.31446E+01	 5.45710E+01	 2.90940E+01	 6.22336E+01	 2.22100E+01	 7.83468E+01	 3.71926E+01	 4.55601E+01	 4.74457E+01	 4.09754E+01	 1.67763E+01	 5.00000E+01
 6.31729E+01	 5.45403E+01	 2.89430E+01	 6.21963E+01	 2.22100E+01	 7.97240E+01	 3.71837E+01	 4.55584E+01	 4.74457E+01	 4.10338E+01	 1.67252E+01	 5.00000E+01
 6.32087E+01	 5.45447E+01	 2.92276E+01	 6.22450E+01	 2.22100E+01	 8.02985E+01	 3.71606E+01	 4.55670E+01	 4.74457E+01	 4.10213E+01	 1.69470E+01	 5.00000E+01
 6.31645E+01	 5.46300E+01	 2.88884E+01	 6.21914E+01	 2.22100E+01	 7.97930E+01	 3.71711E+01	 4.55730E+01	 4.74457E+01	 4.09648E+01	 1.67050E+01	 5.00000E+01
 6.31978E+01	 5.45762E+01	 2.89229E+01	 6.22873E+01	 2.22100E+01	 7.92995E+01	 3.71523E+01	 4.55733E+01	 4.74457E+01	 4.10272E+01	 1.66095E+01	 5.00000E+01
 6.32285E+01	 5.45385E+01	 2.90198E+01	 6.20850E+01	 2.22100E+01	 7.87973E+01	 3.71512E+01	 4.55577E+01	 4.74457E+01	 4.10290E+01	 1.66820E+01	 5.00000E+01
 6.32440E+01	 5.45493E+01	 2.85428E+01	 6.23254E+01	 2.22100E+01	 7.80895E+01	 3.71509E+01	 4.55759E+01	 4.74457E+01	 4.10819E+01	 1.67852E+01	 5.00000E+01
 6.32418E+01	 5.45701E+01	 2.85172E+01	 6.21326E+01	 2.22100E+01	 7.75959E+01	 3.71370E+01	 4.55744E+01	 4.74457E+01	 4.10799E+01	 1.68757E+01	 5.00000E+01
 6.32511E+01	 5.45748E+01	 2.84476E+01	 6.22634E+01	 2.22100E+01	 7.65850E+01	 3.71230E+01	 4.55817E+01	 4.74457E+01	 4.10911E+01	 1.68580E+01	 5.00000E+01
 6.32423E+01	 5.45974E+01	 2.89442E+01	 6.22667E+01	 2.22100E+01	 7.61256E+01	 3.71313E+01	 4.55927E+01	 4.74457E+01	 4.11073E+01	 1.66941E+01	 5.00000E+01
 6.32106E+01	 5.46562E+01	 2.87906E+01	 6.22645E+01	 2.22100E+01	 7.63574E+01	 3.71394E+01	 4.55916E+01	 4.74457E+01	 4.11552E+01	 1.64443E+01	 5.00000E+01
 6.31762E+01	 5.46844E+01	 2.86877E+01	 6.21930E+01	 2.22100E+01	 7.66773E+01	 3.71322E+01	 4.55997E+01	 4.74457E+01	 4.10859E+01	 1.70191E+01	 5.00000E+01
 6.32093E+01	 5.46562E+01	 2.90047E+01	 6.22058E+01	 2.22100E+01	 7.66441E+01	 3.71507E+01	 4.56043E+01	 4.74457E+01	 4.11217E+01	 1.65932E+01	 5.00000E+01
 6.32008E+01	 5.46726E+01	 2.89146E+01	 6.23093E+01	 2.22100E+01	 7.68052E+01	 3.71554E+01	 4.56007E+01	 4.74457E+01	 4.11327E+01	 1.69793E+01	 5.00000E+01
 6.31894E+01	 5.47035E+01	 2.83166E+01	 6.22674E+01	 2.22100E+01	 7.71521E+01	 3.71420E+01	 4.56187E+01	 4.74457E+01	 4.11385E+01	 1.69026E+01	 5.00000E+01
 6.32023E+01	 5.46716E+01	 2.78211E+01	 6.24039E+01	 2.22100E+01	 7.76888E+01	 3.71398E+01	 4.56134E+01	 4.74457E+01	 4.11726E+01	 1.66081E+01	 5.00000E+01
 6.31257E+01	 5.47935E+01	 2.78629E+01	 6.23295E+01	 2.22100E+01	 7.81839E+01	 3.71376E+01	 4.56178E+01	 4.74457E+01	 4.11202E+01	 1.61256E+01	 5.00000E+01
 6.30504E+01	 5.48848E+01	 2.84336E+01	 6.22284E+01	 2.22100E+01	 7.86861E+01	 3.71530E+01	 4.56466E+01	 4.74457E+01	 4.10221E+01	 1.69104E+01	 5.00000E+01
 6.31403E+01	 5.47523E+01	 2.80795E+01	 6.23906E+01	 2.22100E+01	 7.85077E+01	 3.71268E+01	 4.56504E+01	 4.74457E+01	 4.11120E+01	 1.64357E+01	 5.00000E+01
 6.31128E+01	 5.47851E+01	 2.81965E+01	 6.22949E+01	 2.22100E+01	 7.87110E+01	 3.71156E+01	 4.56566E+01	 4.74457E+01	 4.11112E+01	 1.64793E+01	 5.00000E+01
 6.30733E+01	 5.48481E+01	 2.83459E+01	 6.22332E+01	 2.22100E+01	 7.84310E+01	 3.71400E+01	 4.56486E+01	 4.74457E+01	 4.10768E+01	 1.70345E+01	 5.00000E+01
 6.30060E+01	 5.49490E+01	 2.82263E+01	 6.22118E+01	 2.22100E+01	 7.77087E+01	 3.71466E+01	 4.56783E+01	 4.74457E+01	 4.10307E+01	 1.67556E+01	 5.00000E+01
 6.29534E+01	 5.49973E+01	 2.74191E+01	 6.23596E+01	 2.22100E+01	 7.70130E+01	 3.71628E+01	 4.56835E+01	 4.74457E+01	 4.10306E+01	 1.66018E+01	 5.00000E+01
 6.29229E+01	 5.50185E+01	 2.73206E+01	 6.23915E+01	 2.22100E+01	 7.75713E+01	 3.71432E+01	 4.56984E+01	 4.74457E+01	 4.10752E+01	 1.64913E+01	 5.00000E+01
 6.30203E+01	 5.48583E+01	 2.75587E+01	 6.22213E+01	 2.22100E+01	 7.79825E+01	 3.71446E+01	 4.56892E+01	 4.74457E+01	 4.10222E+01	 1.66938E+01	 5.00000E+01
 6.30396E+01	 5.48646E+01	 2.80019E+01	 6.22571E+01	 2.22100E+01	 7.72001E+01	 3.71454E+01	 4.57053E+01	 4.74457E+01	 4.10516E+01	 1.63454E+01	 5.00000E+01
 6.30289E+01	 5.48921E+01	 2.79621E+01	 6.22442E+01	 2.22100E+01	 7.64300E+01	 3.71727E+01	 4.57103E+01	 4.74457E+01	 4.10373E+01	 1.67105E+01	 5.00000E+01
 6.30897E+01	 5.48262E+01	 2.74395E+01	 6.22526E+01	 2.22100E+01	 7.59673E+01	 3.71748E+01	 4.57193E+01	 4.74457E+01	 4.10808E+01	 1.64977E+01	 5.00000E+01
 6.31400E+01	 5.47848E+01	 2.75359E+01	 6.23794E+01	 2.22100E+01	 7.55272E+01	 3.71779E+01	 4.57450E+01	 4.74457E+01	 4.10984E+01	 1.59690E+01	 5.00000E+01
 6.31679E+01	 5.47564E+01	 2.82778E+01	 6.21936E+01	 2.22100E+01	 7.57430E+01	 3.72082E+01	 4.57361E+01	 4.74457E+01	 4.11633E+01	 1.64578E+01	 5.00000E+01
 6.32387E+01	 5.46736E+01	 2.74386E+01	 6.23221E+01	 2.22100E+01	 7.58288E+01	 3.72021E+01	 4.57518E+01	 4.74457E+01	 4.11800E+01	 1.62779E+01	 5.00000E+01
 6.31831E+01	 5.47621E+01	 2.74516E+01	 6.22688E+01	 2.22100E+01	 7.53430E+01	 3.72292E+01	 4.57759E+01	 4.74457E+01	 4.10856E+01	 1.67037E+01	 5.00000E+01
 6.31354E+01	 5.48274E+01	 2.73826E+01	 6.23180E+01	 2.22100E+01	 7.49121E+01	 3.72277E+01	 4.57870E+01	 4.74457E+01	 4.11129E+01	 1.64827E+01	 5.00000E+01
 6.30275E+01	 5.49491E+01	 2.72786E+01	 6.24310E+01	 2.22100E+01	 7.54499E+01	 3.72465E+01	 4.58086E+01	 4.74457E+01	 4.11120E+01	 1.66862E+01	 5.00000E+01
 6.30605E+01	 5.48440E+01	 2.69807E+01	 6.23733E+01	 2.22100E+01	 7.70486E+01	 3.72414E+01	 4.58070E+01	 4.74457E+01	 4.10670E+01	 1.68433E+01	 5.00000E+01
 6.31338E+01	 5.47630E+01	 2.70248E+01	 6.23544E+01	 2.22100E+01	 7.80615E+01	 3.72395E+01	 4.58264E+01	 4.74457E+01	 4.10957E+01	 1.69519E+01	 5.00000E+01
 6.31052E+01	 5.48187E+01	 2.64108E+01	 6.24013E+01	 2.22100E+01	 7.83034E+01	 3.72723E+01	 4.58388E+01	 4.74457E+01	 4.10695E+01	 1.65762E+01	 5.00000E+01
 6.30947E+01	 5.48073E+01	 2.72980E+01	 6.21901E+01	 2.22100E+01	 7.82825E+01	 3.72470E+01	 4.58365E+01	 4.74457E+01	 4.09982E+01	 1.67263E+01	 5.00000E+01
 6.31135E+01	 5.47935E+01	 2.65829E+01	 6.24099E+01	 2.22100E+01	 7.73389E+01	 3.72540E+01	 4.58712E+01	 4.74457E+01	 4.10274E+01	 1.67597E+01	 5.00000E+01
 6.29774E+01	 5.49702E+01	 2.69944E+01	 6.21618E+01	 2.22100E+01	 7.67091E+01	 3.72731E+01	 4.58800E+01	 4.74457E+01	 4.09778E+01	 1.66360E+01	 5.00000E+01
 6.29614E+01	 5.49600E+01	 2.69161E+01	 6.24158E+01	 2.22100E+01	 7.60885E+01	 3.73059E+01	 4.58915E+01	 4.74457E+01	 4.10152E+01	 1.65279E+01	 5.00000E+01
 6.29560E+01	 5.49424E+01	 2.67661E+01	 6.22615E+01	 2.22100E+01	 7.69470E+01	 3.72885E+01	 4.58996E+01	 4.74457E+01	 4.10161E+01	 1.65653E+01	 5.00000E+01
 6.30325E+01	 5.48419E+01	 2.69043E+01	 6.22528E+01	 2.22100E+01	 7.75822E+01	 3.72861E+01	 4.59027E+01	 4.74457E+01	 4.10554E+01	 1.68371E+01	 5.00000E+01
 6.30871E+01	 5.47864E+01	 2.73902E+01	 6.24007E+01	 2.22100E+01	 7.75914E+01	 3.72994E+01	 4.59167E+01	 4.74457E+01	 4.10550E+01	 1.62028E+01	 5.00000E+01
 6.31240E+01	 5.47538E+01	 2.69631E+01	 6.23710E+01	 2.22100E+01	 7.75718E+01	 3.73108E+01	 4.59066E+01	 4.74457E+01	 4.10804E+01	 1.63758E+01	 5.00000E+01
 6.31739E+01	 5.47266E+01	 2.66683E+01	 6.24002E+01	 2.22100E+01	 7.76230E+01	 3.73112E+01	 4.59163E+01	 4.74457E+01	 4.10926E+01	 1.67680E+01	 5.00000E+01
 6.31249E+01	 5.47863E+01	 2.72327E+01	 6.22919E+01	 2.22100E+01	 7.71629E+01	 3.73308E+01	 4.59312E+01	 4.74457E+01	 4.10266E+01	 1.72552E+01	 5.00000E+01
 6.30745E+01	 5.48220E+01	 2.72576E+01	 6.21797E+01	 2.22100E+01	 7.65480E+01	 3.73079E+01	 4.59463E+01	 4.74457E+01	 4.10018E+01	 1.68046E+01	 5.00000E+01
 6.29416E+01	 5.49729E+01	 2.70456E+01	 6.23726E+01	 2.22100E+01	 7.59456E+01	 3.73458E+01	 4.59689E+01	 4.74457E+01	 4.10755E+01	 1.73093E+01	 5.00000E+01
 6.28711E+01	 5.50339E+01	 2.71736E+01	 6.23188E+01	 2.22100E+01	 7.63329E+01	 3.73528E+01	 4.59708E+01	 4.74457E+01	 4.09633E+01	 1.66612E+01	 5.00000E+01
 6.28402E+01	 5.50531E+01	 2.72214E+01	 6.23162E+01	 2.22100E+01	 7.73196E+01	 3.73766E+01	 4.59824E+01	 4.74457E+01	 4.09737E+01	 1.68748E+01	 5.00000E+01
 6.29914E+01	 5.48653E+01	 2.73709E+01	 6.22548E+01	 2.22100E+01	 7.83364E+01	 3.73685E+01	 4.60044E+01	 4.74457E+01	 4.10648E+01	 1.69719E+01	 5.00000E+01
 6.29375E+01	 5.49431E+01	 2.78892E+01	 6.21593E+01	 2.22100E+01	 7.81538E+01	 3.73659E+01	 4.60103E+01	 4.74457E+01	 4.09183E+01	 1.65847E+01	 5.00000E+01
 6.28804E+01	 5.50235E+01	 2.71296E+01	 6.23643E+01	 2.22100E+01	 7.68877E+01	 3.73805E+01	 4.60189E+01	 4.74457E+01	 4.09608E+01	 1.64548E+01	 5.00000E+01
 6.29674E+01	 5.48708E+01	 2.77677E+01	 6.21044E+01	 2.22100E+01	 7.63986E+01	 3.73919E+01	 4.60238E+01	 4.74457E+01	 4.09801E+01	 1.69825E+01	 5.00000E+01
 6.29815E+01	 5.48495E+01	 2.75369E+01	 6.22270E+01	 2.22100E+01	 7.54830E+01	 3.74044E+01	 4.60126E+01	 4.74457E+01	 4.10216E+01	 1.66464E+01	 5.00000E+01
 6.29907E+01	 5.48587E+01	 2.74427E+01	 6.22024E+01	 2.22100E+01	 7.47467E+01	 3.74128E+01	 4.60338E+01	 4.74457E+01	 4.10229E+01	 1.73296E+01	 5.00000E+01
 6.29803E+01	 5.48660E+01	 2.70054E+01	 6.23186E+01	 2.22100E+01	 7.43105E+01	 3.73948E+01	 4.60327E+01	 4.74457E+01	 4.10295E+01	 1.71254E+01	 5.00000E+01
 6.29623E+01	 5.48888E+01	 2.68687E+01	 6.22290E+01	 2.22100E+01	 7.47472E+01	 3.74086E+01	 4.60400E+01	 4.74457E+01	 4.09902E+01	 1.69171E+01	 5.00000E+01
 6.29616E+01	 5.49019E+01	 2.72373E+01	 6.22248E+01	 2.22100E+01	 7.49783E+01	 3.74055E+01	 4.60565E+01	 4.74457E+01	 4.10335E+01	 1.68473E+01	 5.00000E+01
 6.29686E+01	 5.48804E+01	 2.71247E+01	 6.21601E+01	 2.22100E+01	 7.52494E+01	 3.74421E+01	 4.60664E+01	 4.74457E+01	 4.09975E+01	 1.70536E+01	 5.00000E+01
 6.29526E+01	 5.48866E+01	 2.69693E+01	 6.22472E+01	 2.22100E+01	 7.52587E+01	 3.74498E+01	 4.60728E+01	 4.74457E+01	 4.09365E+01	 1.66276E+01	 5.00000E+01
 6.29399E+01	 5.49242E+01	 2.70283E+01	 6.22698E+01	 2.22100E+01	 7.53640E+01	 3.74616E+01	 4.60874E+01	 4.74457E+01	 4.10025E+01	 1.64255E+01	 5.00000E+01
 6.29487E+01	 5.48755E+01	 2.71058E+01	 6.22266E+01	 2.22100E+01	 7.57020E+01	 3.74643E+01	 4.60781E+01	 4.74457E+01	 4.09930E+01	 1.74384E+01	 5.00000E+01
 6.28632E+01	 5.49999E+01	 2.75345E+01	 6.21784E+01	 2.22100E+01	 7.59317E+01	 3.74650E+01	 4.60981E+01	 4.74457E+01	 4.09988E+01	 1.75870E+01	 5.00000E+01
 6.27762E+01	 5.50718E+01	 2.74265E+01	 6.21870E+01	 2.22100E+01	 7.61645E+01	 3.74865E+01	 4.61135E+01	 4.74457E+01	 4.09155E+01	 1.69039E+01	 5.00000E+01
 6.28156E+01	 5.49962E+01	 2.79749E+01	 6.21694E+01	 2.22100E+01	 7.62605E+01	 3.74786E+01	 4.61202E+01	 4.74457E+01	 4.09071E+01	 1.73175E+01	 5.00000E+01
 6.28250E+01	 5.49973E+01	 2.77382E+01	 6.22326E+01	 2.22100E+01	 7.61156E+01	 3.75006E+01	 4.61198E+01	 4.74457E+01	 4.09727E+01	 1.68362E+01	 5.00000E+01
 6.28126E+01	 5.50043E+01	 2.74509E+01	 6.21969E+01	 2.22100E+01	 7.62110E+01	 3.74889E+01	 4.61348E+01	 4.74457E+01	 4.09719E+01	 1.68102E+01	 5.00000E+01
 6.28081E+01	 5.49993E+01	 2.75759E+01	 6.21167E+01	 2.22100E+01	 7.59983E+01	 3.74817E+01	 4.61375E+01	 4.74457E+01	 4.08895E+01	 1.72747E+01	 5.00000E+01
 6.29118E+01	 5.48321E+01	 2.73615E+01	 6.22651E+01	 2.22100E+01	 7.57160E+01	 3.75091E+01	 4.61386E+01	 4.74457E+01	 4.09711E+01	 1.69489E+01	 5.00000E+01
 6.30208E+01	 5.47408E+01	 2.71363E+01	 6.22509E+01	 2.22100E+01	 7.52363E+01	 3.74974E+01	 4.61379E+01	 4.74457E+01	 4.10056E+01	 1.72825E+01	 5.00000E+01
 6.28282E+01	 5.50119E+01	 2.71670E+01	 6.23000E+01	 2.22100E+01	 7.44492E+01	 3.74982E+01	 4.61488E+01	 4.74457E+01	 4.09830E+01	 1.72102E+01	 5.00000E+01
 6.27025E+01	 5.51179E+01	 2.77424E+01	 6.22088E+01	 2.22100E+01	 7.44429E+01	 3.75023E+01	 4.61425E+01	 4.74457E+01	 4.09009E+01	 1.71661E+01	 5.00000E+01
 6.26376E+01	 5.51853E+01	 2.83473E+01	 6.20774E+01	 2.22100E+01	 7.52890E+01	 3.75106E+01	 4.61393E+01	 4.74457E+01	 4.08732E+01	 1.73720E+01	 5.00000E+01
 6.27683E+01	 5.50063E+01	 2.76202E+01	 6.23173E+01	 2.22100E+01	 7.65428E+01	 3.75283E+01	 4.61548E+01	 4.74457E+01	 4.09803E+01	 1.69676E+01	 5.00000E+01
 6.28149E+01	 5.49618E+01	 2.75933E+01	 6.22645E+01	 2.22100E+01	 7.77880E+01	 3.75274E+01	 4.61449E+01	 4.74457E+01	 4.09566E+01	 1.71097E+01	 5.00000E+01
 6.28382E+01	 5.49520E+01	 2.77199E+01	 6.22826E+01	 2.22100E+01	 7.80071E+01	 3.74872E+01	 4.61660E+01	 4.74457E+01	 4.09245E+01	 1.70966E+01	 5.00000E+01
 6.29104E+01	 5.48533E+01	 2.76298E+01	 6.21337E+01	 2.22100E+01	 7.77627E+01	 3.75203E+01	 4.61565E+01	 4.74457E+01	 4.09653E+01	 1.65808E+01	 5.00000E+01
 6.28503E+01	 5.49599E+01	 2.71402E+01	 6.22435E+01	 2.22100E+01	 7.66106E+01	 3.75284E+01	 4.61680E+01	 4.74457E+01	 4.09073E+01	 1.69883E+01	 5.00000E+01
 6.27676E+01	 5.50363E+01	 2.72155E+01	 6.23499E+01	 2.22100E+01	 7.57636E+01	 3.75095E+01	 4.61718E+01	 4.74457E+01	 4.09808E+01	 1.67196E+01	 5.00000E+01
 6.26866E+01	 5.51178E+01	 2.72454E+01	 6.22371E+01	 2.22100E+01	 7.59498E+01	 3.75107E+01	 4.61816E+01	 4.74457E+01	 4.08929E+01	 1.69533E+01	 5.00000E+01
 6.27915E+01	 5.49113E+01	 2.77527E+01	 6.21962E+01	 2.22100E+01	 7.63149E+01	 3.75260E+01	 4.61775E+01	 4.74457E+01	 4.08780E+01	 1.67981E+01	 5.00000E+01
 6.29225E+01	 5.47728E+01	 2.68332E+01	 6.22989E+01	 2.22100E+01	 7.63968E+01	 3.75094E+01	 4.61774E+01	 4.74457E+01	 4.10299E+01	 1.70717E+01	 5.00000E+01
 6.28623E+01	 5.49154E+01	 2.69479E+01	 6.21688E+01	 2.22100E+01	 7.57852E+01	 3.75081E+01	 4.61784E+01	 4.74457E+01	 4.09728E+01	 1.68500E+01	 5.00000E+01
 6.28530E+01	 5.49026E+01	 2.73466E+01	 6.23073E+01	 2.22100E+01	 7.51060E+01	 3.74981E+01	 4.61893E+01	 4.74457E+01	 4.09526E+01	 1.67947E+01	 5.00000E+01
 6.28451E+01	 5.48999E+01	 2.76491E+01	 6.21617E+01	 2.22100E+01	 7.51436E+01	 3.74990E+01	 4.61794E+01	 4.74457E+01	 4.09728E+01	 1.68916E+01	 5.00000E+01
 6.28540E+01	 5.49016E+01	 2.71979E+01	 6.22184E+01	 2.22100E+01	 7.51331E+01	 3.75156E+01	 4.61743E+01	 4.74457E+01	 4.09899E+01	 1.67627E+01	 5.00000E+01
 6.28373E+01	 5.49186E+01	 2.69629E+01	 6.22453E+01	 2.22100E+01	 7.51505E+01	 3.75077E+01	 4.61776E+01	 4.74457E+01	 4.09681E+01	 1.73475E+01	 5.00000E+01
 6.28190E+01	 5.49514E+01	 2.72676E+01	 6.21288E+01	 2.22100E+01	 7.52439E+01	 3.75066E+01	 4.61897E+01	 4.74457E+01	 4.09085E+01	 1.70306E+01	 5.00000E+01
 6.29141E+01	 5.48279E+01	 2.75343E+01	 6.21935E+01	 2.22100E+01	 7.53739E+01	 3.75214E+01	 4.61840E+01	 4.74457E+01	 4.09725E+01	 1.70195E+01	 5.00000E+01
 6.28396E+01	 5.49487E+01	 2.76622E+01	 6.22396E+01	 2.22100E+01	 7.53595E+01	 3.75201E+01	 4.61831E+01	 4.74457E+01	 4.09822E+01	 1.67528E+01	 5.00000E+01
 6.27511E+01	 5.50521E+01	 2.75254E+01	 6.22446E+01	 2.22100E+01	 7.56396E+01	 3.75277E+01	 4.61812E+01	 4.74457E+01	 4.09638E+01	 1.75310E+01	 5.00000E+01
 6.29250E+01	 5.48039E+01	 2.76366E+01	 6.22569E+01	 2.22100E+01	 7.63895E+01	 3.75388E+01	 4.61861E+01	 4.74457E+01	 4.09918E+01	 1.68467E+01	 5.00000E+01
 6.29297E+01	 5.48411E+01	 2.83380E+01	 6.21784E+01	 2.22100E+01	 7.67370E+01	 3.75148E+01	 4.61751E+01	 4.74457E+01	 4.09787E+01	 1.65464E+01	 5.00000E+01
 6.29154E+01	 5.48984E+01	 2.89047E+01	 6.20187E+01	 2.22100E+01	 7.62202E+01	 3.75281E+01	 4.61873E+01	 4.74457E+01	 4.09221E+01	 1.67647E+01	 5.00000E+01
 6.29456E+01	 5.48289E+01	 2.81251E+01	 6.23700E+01	 2.22100E+01	 7.52397E+01	 3.75176E+01	 4.61971E+01	 4.74457E+01	 4.10355E+01	 1.65836E+01	 5.00000E+01
 6.28481E+01	 5.49514E+01	 2.79917E+01	 6.21696E+01	 2.22100E+01	 7.49779E+01	 3.75357E+01	 4.61781E+01	 4.74457E+01	 4.09309E+01	 1.67068E+01	 5.00000E+01
 6.27648E+01	 5.50663E+01	 2.82343E+01	 6.22298E+01	 2.22100E+01	 7.49810E+01	 3.75120E+01	 4.61786E+01	 4.74457E+01	 4.09576E+01	 1.73965E+01	 5.00000E+01
 6.27156E+01	 5.50970E+01	 2.83568E+01	 6.21417E+01	 2.22100E+01	 7.56473E+01	 3.75076E+01	 4.61859E+01	 4.74457E+01	 4.09795E+01	 1.70438E+01	 5.00000E+01
 6.27105E+01	 5.50847E+01	 2.79742E+01	 6.22453E+01	 2.22100E+01	 7.63382E+01	 3.75260E+01	 4.61702E+01	 4.74457E+01	 4.09465E+01	 1.65447E+01	 5.00000E+01
 6.27265E+01	 5.50645E+01	 2.82005E+01	 6.22546E+01	 2.22100E+01	 7.70876E+01	 3.75265E+01	 4.61663E+01	 4.74457E+01	 4.09639E+01	 1.67223E+01	 5.00000E+01
 6.27312E+01	 5.50572E+01	 2.75892E+01	 6.22760E+01	 2.22100E+01	 7.81076E+01	 3.75141E+01	 4.61687E+01	 4.74457E+01	 4.09504E+01	 1.71416E+01	 5.00000E+01
 6.28322E+01	 5.49007E+01	 2.72927E+01	 6.21551E+01	 2.22100E+01	 7.83008E+01	 3.74988E+01	 4.61594E+01	 4.74457E+01	 4.09339E+01	 1.68561E+01	 5.00000E+01
 6.29415E+01	 5.48022E+01	 2.74682E+01	 6.23773E+01	 2.22100E+01	 7.74067E+01	 3.74977E+01	 4.61605E+01	 4.74457E+01	 4.10362E+01	 1.71553E+01	 5.00000E+01
 6.31107E+01	 5.46350E+01	 2.78435E+01	 6.22949E+01	 2.22100E+01	 7.62221E+01	 3.74927E+01	 4.61496E+01	 4.74457E+01	 4.10917E+01	 1.72907E+01	 5.00000E+01
 6.31467E+01	 5.46340E+01	 2.76369E+01	 6.23551E+01	 2.22100E+01	 7.49047E+01	 3.74575E+01	 4.61508E+01	 4.74457E+01	 4.11654E+01	 1.73168E+01	 5.00000E+01
 6.31370E+01	 5.46498E+01	 2.74869E+01	 6.22363E+01	 2.22100E+01	 7.39720E+01	 3.74984E+01	 4.61435E+01	 4.74457E+01	 4.11445E+01	 1.71185E+01	 5.00000E+01
 6.30347E+01	 5.47996E+01	 2.71790E+01	 6.23118E+01	 2.22100E+01	 7.32527E+01	 3.74901E+01	 4.61534E+01	 4.74457E+01	 4.10932E+01	 1.69825E+01	 5.00000E+01
 6.29383E+01	 5.49065E+01	 2.69746E+01	 6.23368E+01	 2.22100E+01	 7.36081E+01	 3.74746E+01	 4.61504E+01	 4.74457E+01	 4.10680E+01	 1.67608E+01	 5.00000E+01
 6.28773E+01	 5.49568E+01	 2.67900E+01	 6.22866E+01	 2.22100E+01	 7.47426E+01	 3.74970E+01	 4.61575E+01	 4.74457E+01	 4.10038E+01	 1.64776E+01	 5.00000E+01
 6.28963E+01	 5.49003E+01	 2.70559E+01	 6.21714E+01	 2.22100E+01	 7.65259E+01	 3.74830E+01	 4.61459E+01	 4.74457E+01	 4.09447E+01	 1.72615E+01	 5.00000E+01
 6.28985E+01	 5.49073E+01	 2.75364E+01	 6.22105E+01	 2.22100E+01	 7.69754E+01	 3.74656E+01	 4.61405E+01	 4.74457E+01	 4.09462E+01	 1.67359E+01	 5.00000E+01
 6.28928E+01	 5.49379E+01	 2.75596E+01	 6.23369E+01	 2.22100E+01	 7.72581E+01	 3.74850E+01	 4.61517E+01	 4.74457E+01	 4.10020E+01	 1.70614E+01	 5.00000E+01
 6.29471E+01	 5.48413E+01	 2.74918E+01	 6.21261E+01	 2.22100E+01	 7.79648E+01	 3.74601E+01	 4.61205E+01	 4.74457E+01	 4.10089E+01	 1.67774E+01	 5.00000E+01
 6.30600E+01	 5.47217E+01	 2.75546E+01	 6.22802E+01	 2.22100E+01	 7.74839E+01	 3.74416E+01	 4.61440E+01	 4.74457E+01	 4.10184E+01	 1.69660E+01	 5.00000E+01
 6.31430E+01	 5.46434E+01	 2.76426E+01	 6.21719E+01	 2.22100E+01	 7.65968E+01	 3.74603E+01	 4.61309E+01	 4.74457E+01	 4.10377E+01	 1.65901E+01	 5.00000E+01
 6.29920E+01	 5.48771E+01	 2.70538E+01	 6.22871E+01	 2.22100E+01	 7.53312E+01	 3.74728E+01	 4.61241E+01	 4.74457E+01	 4.09963E+01	 1.68405E+01	 5.00000E+01
 6.29323E+01	 5.49466E+01	 2.68839E+01	 6.24098E+01	 2.22100E+01	 7.52650E+01	 3.74697E+01	 4.61353E+01	 4.74457E+01	 4.10217E+01	 1.72885E+01	 5.00000E+01
 6.28897E+01	 5.49649E+01	 2.70579E+01	 6.23443E+01	 2.22100E+01	 7.64633E+01	 3.74584E+01	 4.61243E+01	 4.74457E+01	 4.10240E+01	 1.67832E+01	 5.00000E+01
 6.29865E+01	 5.48384E+01	 2.69411E+01	 6.23046E+01	 2.22100E+01	 7.79088E+01	 3.74557E+01	 4.61192E+01	 4.74457E+01	 4.09967E+01	 1.70316E+01	 5.00000E+01
 6.29611E+01	 5.49119E+01	 2.68167E+01	 6.22957E+01	 2.22100E+01	 7.85192E+01	 3.74653E+01	 4.61096E+01	 4.74457E+01	 4.09792E+01	 1.65198E+01	 5.00000E+01
 6.28971E+01	 5.49590E+01	 2.67450E+01	 6.23286E+01	 2.22100E+01	 7.83880E+01	 3.74644E+01	 4.61075E+01	 4.74457E+01	 4.09760E+01	 1.69976E+01	 5.00000E+01
 6.29396E+01	 5.49070E+01	 2.67330E+01	 6.22857E+01	 2.22100E+01	 7.85835E+01	 3.74595E+01	 4.60944E+01	 4.74457E+01	 4.09520E+01	 1.65951E+01	 5.00000E+01
 6.29023E+01	 5.49963E+01	 2.65857E+01	 6.24364E+01	 2.22100E+01	 7.88551E+01	 3.74544E+01	 4.60987E+01	 4.74457E+01	 4.09881E+01	 1.69139E+01	 5.00000E+01
 6.28343E+01	 5.50735E+01	 2.75320E+01	 6.22090E+01	 2.22100E+01	 7.92338E+01	 3.74257E+01	 4.60897E+01	 4.74457E+01	 4.09535E+01	 1.70222E+01	 5.00000E+01
 6.28794E+01	 5.49919E+01	 2.76533E+01	 6.22982E+01	 2.22100E+01	 7.91306E+01	 3.74343E+01	 4.60913E+01	 4.74457E+01	 4.09461E+01	 1.70955E+01	 5.00000E+01
 6.28777E+01	 5.50146E+01	 2.76535E+01	 6.23576E+01	 2.22100E+01	 7.91223E+01	 3.74396E+01	 4.60854E+01	 4.74457E+01	 4.10026E+01	 1.71040E+01	 5.00000E+01
 6.28575E+01	 5.50351E+01	 2.70894E+01	 6.23094E+01	 2.22100E+01	 7.91579E+01	 3.74255E+01	 4.60760E+01	 4.74457E+01	 4.09385E+01	 1.71399E+01	 5.00000E+01
 6.28303E+01	 5.50730E+01	 2.72086E+01	 6.22970E+01	 2.22100E+01	 7.88484E+01	 3.74374E+01	 4.60797E+01	 4.74457E+01	 4.09695E+01	 1.71217E+01	 5.00000E+01
 6.28623E+01	 5.50540E+01	 2.74065E+01	 6.23616E+01	 2.22100E+01	 7.84672E+01	 3.74343E+01	 4.60718E+01	 4.74457E+01	 4.09862E+01	 1.67334E+01	 5.00000E+01
 6.28910E+01	 5.50395E+01	 2.78557E+01	 6.21088E+01	 2.22100E+01	 7.82345E+01	 3.74052E+01	 4.60529E+01	 4.74457E+01	 4.09745E+01	 1.67735E+01	 5.00000E+01
 6.28779E+01	 5.50691E+01	 2.76315E+01	 6.22535E+01	 2.22100E+01	 7.76825E+01	 3.74457E+01	 4.60577E+01	 4.74457E+01	 4.10139E+01	 1.70333E+01	 5.00000E+01
 6.28932E+01	 5.50519E+01	 2.75059E+01	 6.24418E+01	 2.22100E+01	 7.73981E+01	 3.74496E+01	 4.60580E+01	 4.74457E+01	 4.10382E+01	 1.68745E+01	 5.00000E+01
 6.29127E+01	 5.50306E+01	 2.82130E+01	 6.21463E+01	 2.22100E+01	 7.77990E+01	 3.74503E+01	 4.60646E+01	 4.74457E+01	 4.09913E+01	 1.68853E+01	 5.00000E+01
 6.30192E+01	 5.49134E+01	 2.78299E+01	 6.22690E+01	 2.22100E+01	 7.73406E+01	 3.74310E+01	 4.60445E+01	 4.74457E+01	 4.10105E+01	 1.74434E+01	 5.00000E+01
 6.29831E+01	 5.50004E+01	 2.73916E+01	 6.22521E+01	 2.22100E+01	 7.66346E+01	 3.74394E+01	 4.60525E+01	 4.74457E+01	 4.09924E+01	 1.71115E+01	 5.00000E+01
 6.29357E+01	 5.50635E+01	 2.70514E+01	 6.25265E+01	 2.22100E+01	 7.56571E+01	 3.74652E+01	 4.60394E+01	 4.74457E+01	 4.10050E+01	 1.69364E+01	 5.00000E+01
 6.29873E+01	 5.49800E+01	 2.79076E+01	 6.21483E+01	 2.22100E+01	 7.60257E+01	 3.74526E+01	 4.60354E+01	 4.74457E+01	 4.10401E+01	 1.65974E+01	 5.00000E+01
 6.29246E+01	 5.51076E+01	 2.80109E+01	 6.23688E+01	 2.22100E+01	 7.57461E+01	 3.74612E+01	 4.60497E+01	 4.74457E+01	 4.10985E+01	 1.65650E+01	 5.00000E+01
 6.28385E+01	 5.51988E+01	 2.78452E+01	 6.23486E+01	 2.22100E+01	 7.65522E+01	 3.74636E+01	 4.60494E+01	 4.74457E+01	 4.10372E+01	 1.67512E+01	 5.00000E+01
 6.29076E+01	 5.50835E+01	 2.79244E+01	 6.23815E+01	 2.22100E+01	 7.73685E+01	 3.74501E+01	 4.60421E+01	 4.74457E+01	 4.10366E+01	 1.71939E+01	 5.00000E+01
 6.29554E+01	 5.50170E+01	 2.81989E+01	 6.23650E+01	 2.22100E+01	 7.76380E+01	 3.74692E+01	 4.60361E+01	 4.74457E+01	 4.10019E+01	 1.68690E+01	 5.00000E+01
 6.29934E+01	 5.49873E+01	 2.81275E+01	 6.21907E+01	 2.22100E+01	 7.74110E+01	 3.74821E+01	 4.60417E+01	 4.74457E+01	 4.10577E+01	 1.64947E+01	 5.00000E+01
 6.30315E+01	 5.49701E+01	 2.83964E+01	 6.23198E+01	 2.22100E+01	 7.64531E+01	 3.74625E+01	 4.60359E+01	 4.74457E+01	 4.10881E+01	 1.72346E+01	 5.00000E+01
 6.29839E+01	 5.50401E+01	 2.82076E+01	 6.22292E+01	 2.22100E+01	 7.55415E+01	 3.74695E+01	 4.60256E+01	 4.74457E+01	 4.10591E+01	 1.73260E+01	 5.00000E+01
 6.29410E+01	 5.50972E+01	 2.83575E+01	 6.23871E+01	 2.22100E+01	 7.47123E+01	 3.74632E+01	 4.60364E+01	 4.74457E+01	 4.10660E+01	 1.74563E+01	 5.00000E+01
 6.29897E+01	 5.50398E+01	 2.82099E+01	 6.24043E+01	 2.22100E+01	 7.50785E+01	 3.74664E+01	 4.60363E+01	 4.74457E+01	 4.11261E+01	 1.70863E+01	 5.00000E+01
 6.29752E+01	 5.50741E+01	 2.82194E+01	 6.22923E+01	 2.22100E+01	 7.56430E+01	 3.74380E+01	 4.60380E+01	 4.74457E+01	 4.10712E+01	 1.69642E+01	 5.00000E+01
 6.29518E+01	 5.51113E+01	 2.78755E+01	 6.22816E+01	 2.22100E+01	 7.56594E+01	 3.74851E+01	 4.60424E+01	 4.74457E+01	 4.10590E+01	 1.68478E+01	 5.00000E+01
 6.30116E+01	 5.49987E+01	 2.80533E+01	 6.24101E+01	 2.22100E+01	 7.55156E+01	 3.74585E+01	 4.60357E+01	 4.74457E+01	 4.11129E+01	 1.66446E+01	 5.00000E+01
 6.29801E+01	 5.50866E+01	 2.76238E+01	 6.23898E+01	 2.22100E+01	 7.57496E+01	 3.74590E+01	 4.60476E+01	 4.74457E+01	 4.11027E+01	 1.66696E+01	 5.00000E+01
 6.29271E+01	 5.51644E+01	 2.75026E+01	 6.23257E+01	 2.22100E+01	 7.60016E+01	 3.74631E+01	 4.60614E+01	 4.74457E+01	 4.10753E+01	 1.65465E+01	 5.00000E+01
 6.28927E+01	 5.51776E+01	 2.79599E+01	 6.24520E+01	 2.22100E+01	 7.62792E+01	 3.74519E+01	 4.60429E+01	 4.74457E+01	 4.11251E+01	 1.76182E+01	 5.00000E+01
 6.29787E+01	 5.50529E+01	 2.80859E+01	 6.24078E+01	 2.22100E+01	 7.73170E+01	 3.74473E+01	 4.60456E+01	 4.74457E+01	 4.11278E+01	 1.68438E+01	 5.00000E+01
 6.30589E+01	 5.49786E+01	 2.82561E+01	 6.23058E+01	 2.22100E+01	 7.78267E+01	 3.74535E+01	 4.60316E+01	 4.74457E+01	 4.11111E+01	 1.66678E+01	 5.00000E+01
 6.31805E+01	 5.48472E+01	 2.78821E+01	 6.22722E+01	 2.22100E+01	 7.69112E+01	 3.74451E+01	 4.60476E+01	 4.74457E+01	 4.11368E+01	 1.69467E+01	 5.00000E+01
 6.31368E+01	 5.49567E+01	 2.80926E+01	 6.24183E+01	 2.22100E+01	 7.50004E+01	 3.74259E+01	 4.60473E+01	 4.74457E+01	 4.11898E+01	 1.69290E+01	 5.00000E+01
 6.30391E+01	 5.50484E+01	 2.73684E+01	 6.24762E+01	 2.22100E+01	 7.43343E+01	 3.74536E+01	 4.60422E+01	 4.74457E+01	 4.11896E+01	 1.69886E+01	 5.00000E+01
 6.31013E+01	 5.49752E+01	 2.71372E+01	 6.22486E+01	 2.22100E+01	 7.46102E+01	 3.74550E+01	 4.60464E+01	 4.74457E+01	 4.11432E+01	 1.74751E+01	 5.00000E+01
 6.31043E+01	 5.49775E+01	 2.74629E+01	 6.23866E+01	 2.22100E+01	 7.41962E+01	 3.74470E+01	 4.60531E+01	 4.74457E+01	 4.11362E+01	 1.69789E+01	 5.00000E+01
 6.30907E+01	 5.49755E+01	 2.75378E+01	 6.23158E+01	 2.22100E+01	 7.43067E+01	 3.74402E+01	 4.60557E+01	 4.74457E+01	 4.11637E+01	 1.69339E+01	 5.00000E+01
 6.29489E+01	 5.51555E+01	 2.75733E+01	 6.23558E+01	 2.22100E+01	 7.45765E+01	 3.74681E+01	 4.60537E+01	 4.74457E+01	 4.11515E+01	 1.68208E+01	 5.00000E+01
 6.29152E+01	 5.51743E+01	 2.69765E+01	 6.24673E+01	 2.22100E+01	 7.58834E+01	 3.74722E+01	 4.60526E+01	 4.74457E+01	 4.10919E+01	 1.77243E+01	 5.00000E+01
 6.29196E+01	 5.51640E+01	 2.69954E+01	 6.24600E+01	 2.22100E+01	 7.78279E+01	 3.74660E+01	 4.60510E+01	 4.74457E+01	 4.10471E+01	 1.69822E+01	 5.00000E+01
 6.30085E+01	 5.50446E+01	 2.69244E+01	 6.24273E+01	 2.22100E+01	 7.91503E+01	 3.74462E+01	 4.60560E+01	 4.74457E+01	 4.10536E+01	 1.68281E+01	 5.00000E+01
 6.30429E+01	 5.50262E+01	 2.74220E+01	 6.23716E+01	 2.22100E+01	 7.92889E+01	 3.74513E+01	 4.60619E+01	 4.74457E+01	 4.10802E+01	 1.71894E+01	 5.00000E+01
 6.30441E+01	 5.50345E+01	 2.74209E+01	 6.23109E+01	 2.22100E+01	 7.84771E+01	 3.74558E+01	 4.60532E+01	 4.74457E+01	 4.10581E+01	 1.70022E+01	 5.00000E+01
 6.30347E+01	 5.50640E+01	 2.74727E+01	 6.22957E+01	 2.22100E+01	 7.75730E+01	 3.74414E+01	 4.60685E+01	 4.74457E+01	 4.10462E+01	 1.68734E+01	 5.00000E+01
 6.30471E+01	 5.50106E+01	 2.74946E+01	 6.22775E+01	 2.22100E+01	 7.67926E+01	 3.74510E+01	 4.60525E+01	 4.74457E+01	 4.10653E+01	 1.65342E+01	 5.00000E+01
 6.30790E+01	 5.50011E+01	 2.75582E+01	 6.23779E+01	 2.22100E+01	 7.56601E+01	 3.74367E+01	 4.60611E+01	 4.74457E+01	 4.11259E+01	 1.71159E+01	 5.00000E+01
 6.31176E+01	 5.49599E+01	 2.73140E+01	 6.23660E+01	 2.22100E+01	 7.51562E+01	 3.74481E+01	 4.60642E+01	 4.74457E+01	 4.11558E+01	 1.69654E+01	 5.00000E+01
 6.30706E+01	 5.50398E+01	 2.75305E+01	 6.24498E+01	 2.22100E+01	 7.48733E+01	 3.74585E+01	 4.60656E+01	 4.74457E+01	 4.10952E+01	 1.68145E+01	 5.00000E+01
 6.30062E+01	 5.51060E+01	 2.74700E+01	 6.24187E+01	 2.22100E+01	 7.57021E+01	 3.74322E+01	 4.60674E+01	 4.74457E+01	 4.10972E+01	 1.73804E+01	 5.00000E+01
 6.30869E+01	 5.49939E+01	 2.73867E+01	 6.23966E+01	 2.22100E+01	 7.66246E+01	 3.74602E+01	 4.60682E+01	 4.74457E+01	 4.11241E+01	 1.73625E+01	 5.00000E+01
 6.30802E+01	 5.50278E+01	 2.78589E+01	 6.23874E+01	 2.22100E+01	 7.68725E+01	 3.74696E+01	 4.60677E+01	 4.74457E+01	 4.11030E+01	 1.70847E+01	 5.00000E+01
 6.30528E+01	 5.50398E+01	 2.75159E+01	 6.23025E+01	 2.22100E+01	 7.69756E+01	 3.74672E+01	 4.60659E+01	 4.74457E+01	 4.10759E+01	 1.67786E+01	 5.00000E+01
 6.30088E+01	 5.51053E+01	 2.74635E+01	 6.24847E+01	 2.22100E+01	 7.66998E+01	 3.74735E+01	 4.60814E+01	 4.74457E+01	 4.10514E+01	 1.69124E+01	 5.00000E+01
 6.30209E+01	 5.50774E+01	 2.68619E+01	 6.24885E+01	 2.22100E+01	 7.71811E+01	 3.74863E+01	 4.60796E+01	 4.74457E+01	 4.10712E+01	 1.69804E+01	 5.00000E+01
 6.30294E+01	 5.50607E+01	 2.69696E+01	 6.24231E+01	 2.22100E+01	 7.77499E+01	 3.74839E+01	 4.60656E+01	 4.74457E+01	 4.10484E+01	 1.68599E+01	 5.00000E+01
 6.30786E+01	 5.50308E+01	 2.67006E+01	 6.26143E+01	 2.22100E+01	 7.83291E+01	 3.74711E+01	 4.60720E+01	 4.74457E+01	 4.11269E+01	 1.70468E+01	 5.00000E+01
 6.30851E+01	 5.50264E+01	 2.73052E+01	 6.22718E+01	 2.22100E+01	 7.89066E+01	 3.74741E+01	 4.60669E+01	 4.74457E+01	 4.10624E+01	 1.72501E+01	 5.00000E+01
 6.30799E+01	 5.50270E+01	 2.77315E+01	 6.22224E+01	 2.22100E+01	 7.78511E+01	 3.74702E+01	 4.60768E+01	 4.74457E+01	 4.10445E+01	 1.68774E+01	 5.00000E+01
 6.30830E+01	 5.50340E+01	 2.74534E+01	 6.24344E+01	 2.22100E+01	 7.67179E+01	 3.74771E+01	 4.60903E+01	 4.74457E+01	 4.11134E+01	 1.73272E+01	 5.00000E+01
 6.31067E+01	 5.50045E+01	 2.75304E+01	 6.22734E+01	 2.22100E+01	 7.61565E+01	 3.74703E+01	 4.60839E+01	 4.74457E+01	 4.10851E+01	 1.67231E+01	 5.00000E+01
 6.31179E+01	 5.49975E+01	 2.74424E+01	 6.25269E+01	 2.22100E+01	 7.53859E+01	 3.74798E+01	 4.60848E+01	 4.74457E+01	 4.11613E+01	 1.72537E+01	 5.00000E+01
 6.30346E+01	 5.50858E+01	 2.75002E+01	 6.24175E+01	 2.22100E+01	 7.59396E+01	 3.74789E+01	 4.60875E+01	 4.74457E+01	 4.11014E+01	 1.69510E+01	 5.00000E+01
 6.30893E+01	 5.49990E+01	 2.77435E+01	 6.22832E+01	 2.22100E+01	 7.64692E+01	 3.74819E+01	 4.60769E+01	 4.74457E+01	 4.10841E+01	 1.70885E+01	 5.00000E+01
 6.31581E+01	 5.49295E+01	 2.78912E+01	 6.23521E+01	 2.22100E+01	 7.62717E+01	 3.74841E+01	 4.60910E+01	 4.74457E+01	 4.11114E+01	 1.69551E+01	 5.00000E+01
 6.31465E+01	 5.49858E+01	 2.75843E+01	 6.23553E+01	 2.22100E+01	 7.56165E+01	 3.75098E+01	 4.61008E+01	 4.74457E+01	 4.11160E+01	 1.69820E+01	 5.00000E+01
 6.31114E+01	 5.50069E+01	 2.71398E+01	 6.23862E+01	 2.22100E+01	 7.54365E+01	 3.75046E+01	 4.60833E+01	 4.74457E+01	 4.11524E+01	 1.74393E+01	 5.00000E+01
 6.30979E+01	 5.50292E+01	 2.73673E+01	 6.23919E+01	 2.22100E+01	 7.57131E+01	 3.74786E+01	 4.60977E+01	 4.74457E+01	 4.10977E+01	 1.72735E+01	 5.00000E+01
 6.30445E+01	 5.51071E+01	 2.77091E+01	 6.22715E+01	 2.22100E+01	 7.63124E+01	 3.74967E+01	 4.60928E+01	 4.74457E+01	 4.10913E+01	 1.72145E+01	 5.00000E+01
 6.30923E+01	 5.50307E+01	 2.74840E+01	 6.24796E+01	 2.22100E+01	 7.67321E+01	 3.75273E+01	 4.61072E+01	 4.74457E+01	 4.11108E+01	 1.72920E+01	 5.00000E+01
 6.31431E+01	 5.49483E+01	 2.74579E+01	 6.24079E+01	 2.22100E+01	 7.72115E+01	 3.75289E+01	 4.61126E+01	 4.74457E+01	 4.11008E+01	 1.71008E+01	 5.00000E+01
 6.30017E+01	 5.51537E+01	 2.74207E+01	 6.25000E+01	 2.22100E+01	 7.72328E+01	 3.74991E+01	 4.61074E+01	 4.74457E+01	 4.10878E+01	 1.74142E+01	 5.00000E+01
 6.29918E+01	 5.51197E+01	 2.77319E+01	 6.23643E+01	 2.22100E+01	 7.77466E+01	 3.75064E+01	 4.60988E+01	 4.74457E+01	 4.10872E+01	 1.70806E+01	 5.00000E+01
 6.30313E+01	 5.50846E+01	 2.81654E+01	 6.22616E+01	 2.22100E+01	 7.77395E+01	 3.75133E+01	 4.61295E+01	 4.74457E+01	 4.10558E+01	 1.65793E+01	 5.00000E+01
 6.30711E+01	 5.50298E+01	 2.81597E+01	 6.22940E+01	 2.22100E+01	 7.70938E+01	 3.75197E+01	 4.61317E+01	 4.74457E+01	 4.11095E+01	 1.77021E+01	 5.00000E+01
 6.30649E+01	 5.50589E+01	 2.74729E+01	 6.23489E+01	 2.22100E+01	 7.58990E+01	 3.75048E+01	 4.61387E+01	 4.74457E+01	 4.11151E+01	 1.71473E+01	 5.00000E+01
 6.30471E+01	 5.50825E+01	 2.75918E+01	 6.23813E+01	 2.22100E+01	 7.51423E+01	 3.75227E+01	 4.61229E+01	 4.74457E+01	 4.11431E+01	 1.72695E+01	 5.00000E+01
 6.32284E+01	 5.48335E+01	 2.72856E+01	 6.23170E+01	 2.22100E+01	 7.45809E+01	 3.75182E+01	 4.61365E+01	 4.74457E+01	 4.11763E+01	 1.72114E+01	 5.00000E+01
 6.31997E+01	 5.49436E+01	 2.72502E+01	 6.24061E+01	 2.22100E+01	 7.35203E+01	 3.75271E+01	 4.61283E+01	 4.74457E+01	 4.11680E+01	 1.72418E+01	 5.00000E+01
 6.31062E+01	 5.50556E+01	 2.73646E+01	 6.24746E+01	 2.22100E+01	 7.32494E+01	 3.75235E+01	 4.61389E+01	 4.74457E+01	 4.11675E+01	 1.66774E+01	 5.00000E+01
 6.31269E+01	 5.49913E+01	 2.82788E+01	 6.23951E+01	 2.22100E+01	 7.43106E+01	 3.75326E+01	 4.61217E+01	 4.74457E+01	 4.11592E+01	 1.70047E+01	 5.00000E+01
 6.31708E+01	 5.49624E+01	 2.81251E+01	 6.23980E+01	 2.22100E+01	 7.53734E+01	 3.75361E+01	 4.61372E+01	 4.74457E+01	 4.11298E+01	 1.73189E+01	 5.00000E+01
 6.31916E+01	 5.49244E+01	 2.74741E+01	 6.24119E+01	 2.22100E+01	 7.60958E+01	 3.75387E+01	 4.61422E+01	 4.74457E+01	 4.11363E+01	 1.68308E+01	 5.00000E+01
 6.32157E+01	 5.48945E+01	 2.72889E+01	 6.24305E+01	 2.22100E+01	 7.67596E+01	 3.75342E+01	 4.61290E+01	 4.74457E+01	 4.11243E+01	 1.64943E+01	 5.00000E+01
 6.31708E+01	 5.49716E+01	 2.72822E+01	 6.25051E+01	 2.22100E+01	 7.67170E+01	 3.75653E+01	 4.61361E+01	 4.74457E+01	 4.11545E+01	 1.65526E+01	 5.00000E+01
 6.31069E+01	 5.50165E+01	 2.72800E+01	 6.24701E+01	 2.22100E+01	 7.69282E+01	 3.75434E+01	 4.61395E+01	 4.74457E+01	 4.10715E+01	 1.70104E+01	 5.00000E+01
 6.30576E+01	 5.50720E+01	 2.74874E+01	 6.22862E+01	 2.22100E+01	 7.73338E+01	 3.75462E+01	 4.61448E+01	 4.74457E+01	 4.10435E+01	 1.73591E+01	 5.00000E+01
 6.30546E+01	 5.50619E+01	 2.79216E+01	 6.22774E+01	 2.22100E+01	 7.70733E+01	 3.75431E+01	 4.61502E+01	 4.74457E+01	 4.10571E+01	 1.66622E+01	 5.00000E+01
 6.30644E+01	 5.50317E+01	 2.81629E+01	 6.23462E+01	 2.22100E+01	 7.65934E+01	 3.75293E+01	 4.61618E+01	 4.74457E+01	 4.11101E+01	 1.66493E+01	 5.00000E+01
 6.31009E+01	 5.49929E+01	 2.80712E+01	 6.23461E+01	 2.22100E+01	 7.63091E+01	 3.75309E+01	 4.61571E+01	 4.74457E+01	 4.10774E+01	 1.68634E+01	 5.00000E+01
 6.30634E+01	 5.50573E+01	 2.76505E+01	 6.23759E+01	 2.22100E+01	 7.62298E+01	 3.75287E+01	 4.61552E+01	 4.74457E+01	 4.10933E+01	 1.71451E+01	 5.00000E+01
 6.30162E+01	 5.50885E+01	 2.70588E+01	 6.24636E+01	 2.22100E+01	 7.62279E+01	 3.75184E+01	 4.61562E+01	 4.74457E+01	 4.10928E+01	 1.69748E+01	 5.00000E+01
 6.30484E+01	 5.50426E+01	 2.80187E+01	 6.23081E+01	 2.22100E+01	 7.62085E+01	 3.75302E+01	 4.61530E+01	 4.74457E+01	 4.10783E+01	 1.70538E+01	 5.00000E+01
 6.30086E+01	 5.51059E+01	 2.79162E+01	 6.24426E+01	 2.22100E+01	 7.64701E+01	 3.75283E+01	 4.61504E+01	 4.74457E+01	 4.10881E+01	 1.65224E+01	 5.00000E+01
 6.29634E+01	 5.51689E+01	 2.78740E+01	 6.23600E+01	 2.22100E+01	 7.70117E+01	 3.75364E+01	 4.61690E+01	 4.74457E+01	 4.10437E+01	 1.70926E+01	 5.00000E+01
 6.29705E+01	 5.51379E+01	 2.81257E+01	 6.24932E+01	 2.22100E+01	 7.78629E+01	 3.75266E+01	 4.61442E+01	 4.74457E+01	 4.11017E+01	 1.70796E+01	 5.00000E+01
 6.30543E+01	 5.50176E+01	 2.79513E+01	 6.24592E+01	 2.22100E+01	 7.87344E+01	 3.75316E+01	 4.61629E+01	 4.74457E+01	 4.10905E+01	 1.71836E+01	 5.00000E+01
 6.31257E+01	 5.49343E+01	 2.78632E+01	 6.23998E+01	 2.22100E+01	 7.89295E+01	 3.75437E+01	 4.61548E+01	 4.74457E+01	 4.10778E+01	 1.71189E+01	 5.00000E+01
 6.31258E+01	 5.49704E+01	 2.79896E+01	 6.22907E+01	 2.22100E+01	 7.81188E+01	 3.75229E+01	 4.61533E+01	 4.74457E+01	 4.11477E+01	 1.73154E+01	 5.00000E+01
 6.30438E+01	 5.51061E+01	 2.84030E+01	 6.22704E+01	 2.22100E+01	 7.65928E+01	 3.75122E+01	 4.61623E+01	 4.74457E+01	 4.10923E+01	 1.72702E+01	 5.00000E+01
 6.29577E+01	 5.51853E+01	 2.77871E+01	 6.24963E+01	 2.22100E+01	 7.53859E+01	 3.75275E+01	 4.61655E+01	 4.74457E+01	 4.11145E+01	 1.67266E+01	 5.00000E+01
 6.31313E+01	 5.49448E+01	 2.75067E+01	 6.23771E+01	 2.22100E+01	 7.57360E+01	 3.75217E+01	 4.61633E+01	 4.74457E+01	 4.11589E+01	 1.68406E+01	 5.00000E+01
 6.31678E+01	 5.49361E+01	 2.78354E+01	 6.23108E+01	 2.22100E+01	 7.56550E+01	 3.75145E+01	 4.61754E+01	 4.74457E+01	 4.12089E+01	 1.71115E+01	 5.00000E+01
 6.31658E+01	 5.49360E+01	 2.80004E+01	 6.23280E+01	 2.22100E+01	 7.48426E+01	 3.75239E+01	 4.61690E+01	 4.74457E+01	 4.11805E+01	 1.67324E+01	 5.00000E+01
 6.30689E+01	 5.50821E+01	 2.75224E+01	 6.23697E+01	 2.22100E+01	 7.45807E+01	 3.75268E+01	 4.61642E+01	 4.74457E+01	 4.10998E+01	 1.72123E+01	 5.00000E+01
 6.30638E+01	 5.50639E+01	 2.66327E+01	 6.24953E+01	 2.22100E+01	 7.50949E+01	 3.75410E+01	 4.61616E+01	 4.74457E+01	 4.10809E+01	 1.65025E+01	 5.00000E+01
 6.30939E+01	 5.50309E+01	 2.66462E+01	 6.24704E+01	 2.22100E+01	 7.61699E+01	 3.75340E+01	 4.61688E+01	 4.74457E+01	 4.10890E+01	 1.70623E+01	 5.00000E+01
 6.30517E+01	 5.50744E+01	 2.67718E+01	 6.23859E+01	 2.22100E+01	 7.68340E+01	 3.75206E+01	 4.61522E+01	 4.74457E+01	 4.10713E+01	 1.65196E+01	 5.00000E+01
 6.31394E+01	 5.49420E+01	 2.72191E+01	 6.25135E+01	 2.22100E+01	 7.72602E+01	 3.75315E+01	 4.61596E+01	 4.74457E+01	 4.11067E+01	 1.73295E+01	 5.00000E+01
 6.32158E+01	 5.48655E+01	 2.76442E+01	 6.24069E+01	 2.22100E+01	 7.77352E+01	 3.75420E+01	 4.61592E+01	 4.74457E+01	 4.11523E+01	 1.66774E+01	 5.00000E+01
 6.30725E+01	 5.50725E+01	 2.68520E+01	 6.24307E+01	 2.22100E+01	 7.77131E+01	 3.75406E+01	 4.61558E+01	 4.74457E+01	 4.11128E+01	 1.70116E+01	 5.00000E+01
 6.30474E+01	 5.50950E+01	 2.68847E+01	 6.24225E+01	 2.22100E+01	 7.74364E+01	 3.75320E+01	 4.61692E+01	 4.74457E+01	 4.10096E+01	 1.74761E+01	 5.00000E+01
 6.30612E+01	 5.50613E+01	 2.68731E+01	 6.23880E+01	 2.22100E+01	 7.73189E+01	 3.75216E+01	 4.61729E+01	 4.74457E+01	 4.10400E+01	 1.75751E+01	 5.00000E+01
 6.31214E+01	 5.49619E+01	 2.75980E+01	 6.22605E+01	 2.22100E+01	 7.69670E+01	 3.75099E+01	 4.61659E+01	 4.74457E+01	 4.10748E+01	 1.72245E+01	 5.00000E+01
 6.31067E+01	 5.50011E+01	 2.69248E+01	 6.25328E+01	 2.22100E+01	 7.63649E+01	 3.75290E+01	 4.61743E+01	 4.74457E+01	 4.10978E+01	 1.68105E+01	 5.00000E+01
 6.30685E+01	 5.50487E+01	 2.67544E+01	 6.24876E+01	 2.22100E+01	 7.65556E+01	 3.75307E+01	 4.61578E+01	 4.74457E+01	 4.10876E+01	 1.74160E+01	 5.00000E+01
