 6.30525E+01	 5.39795E+01	 2.46436E+01	 6.13019E+01	 2.22100E+01	 4.00637E+01	 3.81003E+01	 4.65342E+01	 4.74457E+01	 4.11058E+01	 1.81135E+01	 5.00000E+01
 6.28988E+01	 5.38180E+01	 2.47460E+01	 6.11748E+01	 2.22100E+01	 3.98723E+01	 3.80527E+01	 4.64725E+01	 4.74457E+01	 4.09918E+01	 1.76883E+01	 5.00000E+01
 6.28093E+01	 5.37835E+01	 2.49528E+01	 6.11873E+01	 2.22100E+01	 3.94096E+01	 3.80389E+01	 4.64554E+01	 4.74457E+01	 4.09929E+01	 1.78881E+01	 5.00000E+01
 6.27677E+01	 5.37941E+01	 2.51011E+01	 6.10800E+01	 2.22100E+01	 3.93265E+01	 3.80381E+01	 4.64358E+01	 4.74457E+01	 4.09560E+01	 1.73808E+01	 5.00000E+01
 6.29096E+01	 5.35631E+01	 2.47833E+01	 6.12402E+01	 2.22100E+01	 3.93749E+01	 3.80160E+01	 4.64337E+01	 4.74457E+01	 4.10695E+01	 1.76394E+01	 5.00000E+01
 6.29385E+01	 5.35593E+01	 2.52913E+01	 6.11315E+01	 2.22100E+01	 3.93487E+01	 3.79920E+01	 4.64453E+01	 4.74457E+01	 4.10564E+01	 1.76912E+01	 5.00000E+01
 6.29449E+01	 5.35630E+01	 2.47035E+01	 6.11540E+01	 2.22100E+01	 3.88524E+01	 3.79835E+01	 4.64297E+01	 4.74457E+01	 4.10509E+01	 1.76713E+01	 5.00000E+01
 6.29080E+01	 5.36170E+01	 2.48302E+01	 6.10483E+01	 2.22100E+01	 3.88990E+01	 3.79631E+01	 4.64289E+01	 4.74457E+01	 4.10320E+01	 1.81376E+01	 5.00000E+01
 6.29133E+01	 5.36091E+01	 2.52708E+01	 6.12217E+01	 2.22100E+01	 3.88682E+01	 3.79530E+01	 4.64435E+01	 4.74457E+01	 4.10671E+01	 1.77382E+01	 5.00000E+01
 6.29134E+01	 5.35719E+01	 2.47081E+01	 6.12786E+01	 2.22100E+01	 3.96910E+01	 3.79501E+01	 4.64393E+01	 4.74457E+01	 4.10277E+01	 1.75765E+01	 5.00000E+01
 6.28119E+01	 5.37056E+01	 2.43647E+01	 6.12706E+01	 2.22100E+01	 4.06619E+01	 3.79315E+01	 4.64341E+01	 4.74457E+01	 4.10076E+01	 1.76817E+01	 5.00000E+01
 6.28250E+01	 5.36619E+01	 2.43401E+01	 6.11088E+01	 2.22100E+01	 4.19990E+01	 3.79162E+01	 4.64187E+01	 4.74457E+01	 4.09689E+01	 1.74665E+01	 5.00000E+01
 6.28506E+01	 5.36120E+01	 2.49889E+01	 6.10310E+01	 2.22100E+01	 4.24527E+01	 3.79102E+01	 4.63986E+01	 4.74457E+01	 4.09757E+01	 1.74384E+01	 5.00000E+01
 6.27551E+01	 5.37267E+01	 2.48662E+01	 6.10884E+01	 2.22100E+01	 4.22347E+01	 3.78828E+01	 4.63756E+01	 4.74457E+01	 4.09424E+01	 1.74695E+01	 5.00000E+01
 6.27818E+01	 5.37021E+01	 2.49456E+01	 6.11995E+01	 2.22100E+01	 4.20515E+01	 3.78810E+01	 4.63762E+01	 4.74457E+01	 4.09398E+01	 1.79199E+01	 5.00000E+01
 6.28274E+01	 5.36701E+01	 2.46463E+01	 6.10810E+01	 2.22100E+01	 4.22946E+01	 3.78782E+01	 4.63882E+01	 4.74457E+01	 4.09927E+01	 1.76075E+01	 5.00000E+01
 6.28657E+01	 5.36518E+01	 2.45978E+01	 6.11468E+01	 2.22100E+01	 4.19390E+01	 3.78756E+01	 4.64108E+01	 4.74457E+01	 4.09791E+01	 1.74189E+01	 5.00000E+01
 6.28998E+01	 5.36164E+01	 2.43832E+01	 6.11145E+01	 2.22100E+01	 4.14969E+01	 3.78400E+01	 4.64297E+01	 4.74457E+01	 4.09468E+01	 1.73904E+01	 5.00000E+01
 6.29205E+01	 5.36054E+01	 2.48657E+01	 6.11194E+01	 2.22100E+01	 4.08883E+01	 3.78428E+01	 4.64566E+01	 4.74457E+01	 4.09589E+01	 1.75588E+01	 5.00000E+01
 6.29280E+01	 5.36075E+01	 2.48661E+01	 6.11752E+01	 2.22100E+01	 4.03219E+01	 3.78402E+01	 4.64761E+01	 4.74457E+01	 4.09718E+01	 1.77336E+01	 5.00000E+01
 6.29164E+01	 5.36195E+01	 2.48165E+01	 6.10839E+01	 2.22100E+01	 4.02536E+01	 3.78451E+01	 4.64762E+01	 4.74457E+01	 4.09988E+01	 1.72897E+01	 5.00000E+01
 6.28985E+01	 5.36430E+01	 2.43202E+01	 6.11103E+01	 2.22100E+01	 4.03247E+01	 3.78218E+01	 4.64652E+01	 4.74457E+01	 4.09961E+01	 1.74545E+01	 5.00000E+01
 6.30122E+01	 5.34967E+01	 2.46967E+01	 6.11393E+01	 2.22100E+01	 4.03392E+01	 3.77951E+01	 4.64484E+01	 4.74457E+01	 4.10617E+01	 1.73710E+01	 5.00000E+01
 6.28968E+01	 5.36355E+01	 2.44890E+01	 6.11352E+01	 2.22100E+01	 4.05644E+01	 3.77804E+01	 4.63555E+01	 4.74457E+01	 4.11193E+01	 1.77349E+01	 5.00000E+01
 6.27867E+01	 5.37634E+01	 2.44055E+01	 6.11392E+01	 2.22100E+01	 4.12319E+01	 3.78026E+01	 4.62979E+01	 4.74457E+01	 4.09975E+01	 1.69535E+01	 5.00000E+01
 6.27282E+01	 5.38577E+01	 2.45984E+01	 6.11613E+01	 2.22100E+01	 4.20520E+01	 3.78302E+01	 4.63034E+01	 4.74457E+01	 4.09276E+01	 1.79147E+01	 5.00000E+01
 6.27520E+01	 5.38387E+01	 2.40847E+01	 6.11072E+01	 2.22100E+01	 4.27064E+01	 3.78380E+01	 4.63611E+01	 4.74457E+01	 4.08611E+01	 1.72860E+01	 5.00000E+01
 6.27759E+01	 5.38136E+01	 2.45904E+01	 6.11465E+01	 2.22100E+01	 4.31556E+01	 3.78381E+01	 4.64057E+01	 4.74457E+01	 4.09186E+01	 1.76223E+01	 5.00000E+01
 6.28574E+01	 5.36881E+01	 2.44914E+01	 6.11102E+01	 2.22100E+01	 4.35334E+01	 3.78066E+01	 4.63972E+01	 4.74457E+01	 4.09550E+01	 1.76498E+01	 5.00000E+01
 6.28677E+01	 5.36976E+01	 2.41445E+01	 6.11119E+01	 2.22100E+01	 4.34361E+01	 3.78159E+01	 4.63610E+01	 4.74457E+01	 4.09941E+01	 1.71858E+01	 5.00000E+01
 6.28553E+01	 5.37085E+01	 2.47117E+01	 6.10159E+01	 2.22100E+01	 4.25787E+01	 3.78059E+01	 4.63158E+01	 4.74457E+01	 4.09576E+01	 1.80397E+01	 5.00000E+01
 6.29823E+01	 5.35425E+01	 2.44380E+01	 6.11764E+01	 2.22100E+01	 4.14829E+01	 3.78119E+01	 4.62808E+01	 4.74457E+01	 4.10610E+01	 1.73136E+01	 5.00000E+01
 6.30058E+01	 5.35767E+01	 2.48045E+01	 6.10461E+01	 2.22100E+01	 4.05146E+01	 3.78246E+01	 4.62611E+01	 4.74457E+01	 4.09922E+01	 1.72880E+01	 5.00000E+01
 6.30167E+01	 5.36110E+01	 2.53032E+01	 6.11134E+01	 2.22100E+01	 3.94242E+01	 3.78478E+01	 4.62890E+01	 4.74457E+01	 4.10864E+01	 1.82669E+01	 5.00000E+01
 6.29843E+01	 5.36609E+01	 2.52338E+01	 6.11236E+01	 2.22100E+01	 3.88256E+01	 3.78593E+01	 4.63206E+01	 4.74457E+01	 4.09975E+01	 1.78952E+01	 5.00000E+01
 6.29487E+01	 5.37108E+01	 2.52527E+01	 6.11525E+01	 2.22100E+01	 3.87328E+01	 3.78569E+01	 4.63453E+01	 4.74457E+01	 4.09979E+01	 1.77835E+01	 5.00000E+01
 6.29070E+01	 5.37459E+01	 2.49160E+01	 6.12212E+01	 2.22100E+01	 3.94778E+01	 3.78636E+01	 4.63666E+01	 4.74457E+01	 4.10271E+01	 1.77487E+01	 5.00000E+01
 6.30380E+01	 5.35889E+01	 2.50969E+01	 6.11208E+01	 2.22100E+01	 4.03178E+01	 3.78615E+01	 4.63993E+01	 4.74457E+01	 4.10484E+01	 1.73276E+01	 5.00000E+01
 6.29900E+01	 5.36728E+01	 2.52180E+01	 6.10526E+01	 2.22100E+01	 4.03313E+01	 3.78359E+01	 4.64220E+01	 4.74457E+01	 4.10109E+01	 1.75477E+01	 5.00000E+01
 6.29206E+01	 5.37503E+01	 2.46056E+01	 6.12527E+01	 2.22100E+01	 3.98186E+01	 3.78452E+01	 4.64239E+01	 4.74457E+01	 4.10005E+01	 1.77425E+01	 5.00000E+01
 6.28711E+01	 5.37850E+01	 2.47101E+01	 6.10152E+01	 2.22100E+01	 4.01302E+01	 3.78410E+01	 4.64210E+01	 4.74457E+01	 4.09681E+01	 1.72224E+01	 5.00000E+01
 6.29192E+01	 5.36854E+01	 2.44601E+01	 6.12202E+01	 2.22100E+01	 4.02999E+01	 3.78055E+01	 4.63875E+01	 4.74457E+01	 4.09964E+01	 1.73152E+01	 5.00000E+01
 6.29794E+01	 5.36282E+01	 2.42852E+01	 6.11506E+01	 2.22100E+01	 4.07022E+01	 3.78026E+01	 4.63717E+01	 4.74457E+01	 4.10945E+01	 1.74798E+01	 5.00000E+01
 6.29627E+01	 5.36683E+01	 2.38269E+01	 6.12758E+01	 2.22100E+01	 4.07112E+01	 3.77642E+01	 4.63390E+01	 4.74457E+01	 4.10298E+01	 1.72956E+01	 5.00000E+01
 6.30387E+01	 5.35777E+01	 2.42025E+01	 6.11784E+01	 2.22100E+01	 4.05316E+01	 3.77721E+01	 4.63152E+01	 4.74457E+01	 4.10992E+01	 1.77244E+01	 5.00000E+01
 6.31034E+01	 5.35089E+01	 2.36030E+01	 6.12865E+01	 2.22100E+01	 4.02768E+01	 3.77939E+01	 4.62773E+01	 4.74457E+01	 4.11004E+01	 1.80542E+01	 5.00000E+01
 6.29767E+01	 5.37005E+01	 2.39374E+01	 6.12776E+01	 2.22100E+01	 4.01063E+01	 3.77872E+01	 4.62620E+01	 4.74457E+01	 4.10601E+01	 1.73530E+01	 5.00000E+01
 6.29886E+01	 5.36519E+01	 2.42429E+01	 6.12522E+01	 2.22100E+01	 4.06209E+01	 3.78122E+01	 4.62492E+01	 4.74457E+01	 4.10760E+01	 1.76393E+01	 5.00000E+01
 6.30385E+01	 5.36086E+01	 2.36413E+01	 6.12287E+01	 2.22100E+01	 4.15667E+01	 3.78138E+01	 4.62418E+01	 4.74457E+01	 4.10741E+01	 1.77344E+01	 5.00000E+01
 6.30282E+01	 5.36461E+01	 2.33697E+01	 6.12855E+01	 2.22100E+01	 4.21626E+01	 3.78309E+01	 4.62472E+01	 4.74457E+01	 4.10780E+01	 1.76300E+01	 5.00000E+01
 6.30382E+01	 5.36358E+01	 2.38362E+01	 6.11925E+01	 2.22100E+01	 4.28185E+01	 3.78211E+01	 4.62518E+01	 4.74457E+01	 4.10505E+01	 1.76092E+01	 5.00000E+01
 6.30382E+01	 5.36154E+01	 2.41988E+01	 6.11948E+01	 2.22100E+01	 4.28295E+01	 3.78084E+01	 4.62510E+01	 4.74457E+01	 4.10270E+01	 1.78702E+01	 5.00000E+01
 6.30389E+01	 5.36449E+01	 2.38814E+01	 6.11235E+01	 2.22100E+01	 4.22392E+01	 3.78263E+01	 4.62609E+01	 4.74457E+01	 4.09761E+01	 1.76139E+01	 5.00000E+01
 6.30621E+01	 5.36085E+01	 2.41087E+01	 6.11114E+01	 2.22100E+01	 4.12378E+01	 3.78368E+01	 4.62757E+01	 4.74457E+01	 4.10023E+01	 1.79341E+01	 5.00000E+01
 6.30824E+01	 5.35921E+01	 2.38178E+01	 6.11639E+01	 2.22100E+01	 4.02515E+01	 3.78444E+01	 4.62794E+01	 4.74457E+01	 4.10592E+01	 1.77750E+01	 5.00000E+01
 6.29883E+01	 5.37103E+01	 2.39858E+01	 6.10978E+01	 2.22100E+01	 3.96080E+01	 3.78582E+01	 4.62773E+01	 4.74457E+01	 4.10403E+01	 1.76229E+01	 5.00000E+01
 6.30246E+01	 5.36608E+01	 2.42537E+01	 6.11127E+01	 2.22100E+01	 3.92029E+01	 3.78430E+01	 4.63075E+01	 4.74457E+01	 4.09955E+01	 1.75759E+01	 5.00000E+01
 6.30632E+01	 5.36123E+01	 2.48471E+01	 6.10305E+01	 2.22100E+01	 3.90432E+01	 3.78393E+01	 4.62891E+01	 4.74457E+01	 4.09830E+01	 1.82068E+01	 5.00000E+01
 6.31350E+01	 5.35399E+01	 2.45156E+01	 6.10262E+01	 2.22100E+01	 3.85885E+01	 3.78551E+01	 4.62858E+01	 4.74457E+01	 4.10185E+01	 1.71534E+01	 5.00000E+01
 6.30499E+01	 5.37126E+01	 2.41878E+01	 6.10725E+01	 2.22100E+01	 3.81676E+01	 3.78589E+01	 4.62974E+01	 4.74457E+01	 4.10773E+01	 1.75734E+01	 5.00000E+01
 6.29180E+01	 5.38201E+01	 2.44224E+01	 6.11423E+01	 2.22100E+01	 3.82923E+01	 3.78576E+01	 4.62910E+01	 4.74457E+01	 4.10141E+01	 1.78724E+01	 5.00000E+01
 6.29604E+01	 5.37534E+01	 2.53904E+01	 6.11053E+01	 2.22100E+01	 3.92223E+01	 3.79051E+01	 4.62762E+01	 4.74457E+01	 4.10340E+01	 1.77129E+01	 5.00000E+01
 6.29859E+01	 5.37121E+01	 2.52732E+01	 6.10586E+01	 2.22100E+01	 4.05243E+01	 3.79104E+01	 4.62738E+01	 4.74457E+01	 4.10788E+01	 1.76831E+01	 5.00000E+01
 6.30186E+01	 5.37084E+01	 2.55850E+01	 6.10990E+01	 2.22100E+01	 4.10200E+01	 3.79015E+01	 4.62850E+01	 4.74457E+01	 4.10538E+01	 1.79387E+01	 5.00000E+01
 6.29739E+01	 5.37820E+01	 2.52864E+01	 6.10358E+01	 2.22100E+01	 4.04267E+01	 3.79251E+01	 4.62965E+01	 4.74457E+01	 4.09835E+01	 1.77130E+01	 5.00000E+01
 6.30053E+01	 5.37187E+01	 2.53566E+01	 6.11226E+01	 2.22100E+01	 3.98199E+01	 3.79181E+01	 4.63048E+01	 4.74457E+01	 4.10344E+01	 1.76422E+01	 5.00000E+01
 6.30324E+01	 5.36733E+01	 2.54852E+01	 6.09143E+01	 2.22100E+01	 3.91997E+01	 3.79268E+01	 4.62985E+01	 4.74457E+01	 4.10262E+01	 1.77497E+01	 5.00000E+01
 6.30463E+01	 5.36732E+01	 2.50508E+01	 6.11438E+01	 2.22100E+01	 3.83635E+01	 3.79343E+01	 4.63265E+01	 4.74457E+01	 4.10703E+01	 1.78765E+01	 5.00000E+01
 6.30417E+01	 5.36836E+01	 2.50585E+01	 6.09446E+01	 2.22100E+01	 3.77395E+01	 3.79265E+01	 4.63346E+01	 4.74457E+01	 4.10596E+01	 1.79799E+01	 5.00000E+01
 6.30474E+01	 5.36800E+01	 2.50201E+01	 6.10671E+01	 2.22100E+01	 3.66026E+01	 3.79166E+01	 4.63505E+01	 4.74457E+01	 4.10628E+01	 1.79674E+01	 5.00000E+01
 6.30371E+01	 5.36908E+01	 2.55429E+01	 6.10629E+01	 2.22100E+01	 3.60312E+01	 3.79276E+01	 4.63684E+01	 4.74457E+01	 4.10747E+01	 1.78185E+01	 5.00000E+01
 6.30035E+01	 5.37383E+01	 2.54195E+01	 6.10542E+01	 2.22100E+01	 3.61734E+01	 3.79372E+01	 4.63716E+01	 4.74457E+01	 4.11174E+01	 1.75656E+01	 5.00000E+01
 6.29660E+01	 5.37574E+01	 2.53426E+01	 6.09768E+01	 2.22100E+01	 3.64432E+01	 3.79305E+01	 4.63805E+01	 4.74457E+01	 4.10450E+01	 1.81470E+01	 5.00000E+01
 6.29976E+01	 5.37168E+01	 2.56806E+01	 6.09838E+01	 2.22100E+01	 3.64001E+01	 3.79487E+01	 4.63809E+01	 4.74457E+01	 4.10797E+01	 1.77212E+01	 5.00000E+01
 6.29871E+01	 5.37210E+01	 2.56139E+01	 6.10803E+01	 2.22100E+01	 3.66059E+01	 3.79526E+01	 4.63662E+01	 4.74457E+01	 4.10930E+01	 1.81187E+01	 5.00000E+01
 6.29727E+01	 5.37425E+01	 2.50399E+01	 6.10337E+01	 2.22100E+01	 3.70408E+01	 3.79397E+01	 4.63669E+01	 4.74457E+01	 4.11045E+01	 1.80821E+01	 5.00000E+01
 6.29855E+01	 5.36985E+01	 2.45678E+01	 6.11661E+01	 2.22100E+01	 3.76985E+01	 3.79398E+01	 4.63401E+01	 4.74457E+01	 4.11397E+01	 1.77952E+01	 5.00000E+01
 6.29101E+01	 5.38087E+01	 2.46231E+01	 6.10912E+01	 2.22100E+01	 3.83347E+01	 3.79419E+01	 4.63215E+01	 4.74457E+01	 4.10881E+01	 1.73399E+01	 5.00000E+01
 6.28357E+01	 5.38923E+01	 2.51993E+01	 6.09900E+01	 2.22100E+01	 3.89854E+01	 3.79632E+01	 4.63284E+01	 4.74457E+01	 4.09884E+01	 1.81646E+01	 5.00000E+01
 6.29281E+01	 5.37518E+01	 2.48604E+01	 6.11521E+01	 2.22100E+01	 3.89586E+01	 3.79445E+01	 4.63140E+01	 4.74457E+01	 4.10708E+01	 1.77022E+01	 5.00000E+01
 6.29041E+01	 5.37769E+01	 2.49870E+01	 6.10593E+01	 2.22100E+01	 3.92932E+01	 3.79417E+01	 4.63081E+01	 4.74457E+01	 4.10611E+01	 1.77670E+01	 5.00000E+01
 6.28676E+01	 5.38355E+01	 2.51435E+01	 6.09997E+01	 2.22100E+01	 3.91071E+01	 3.79743E+01	 4.62961E+01	 4.74457E+01	 4.10153E+01	 1.83396E+01	 5.00000E+01
 6.28051E+01	 5.39288E+01	 2.50324E+01	 6.09807E+01	 2.22100E+01	 3.84437E+01	 3.79869E+01	 4.63286E+01	 4.74457E+01	 4.09577E+01	 1.80651E+01	 5.00000E+01
 6.27550E+01	 5.39708E+01	 2.42394E+01	 6.11273E+01	 2.22100E+01	 3.77848E+01	 3.80063E+01	 4.63403E+01	 4.74457E+01	 4.09492E+01	 1.79183E+01	 5.00000E+01
 6.27246E+01	 5.39868E+01	 2.41465E+01	 6.11578E+01	 2.22100E+01	 3.83471E+01	 3.79867E+01	 4.63620E+01	 4.74457E+01	 4.09874E+01	 1.77938E+01	 5.00000E+01
 6.28205E+01	 5.38204E+01	 2.43844E+01	 6.09886E+01	 2.22100E+01	 3.87650E+01	 3.79850E+01	 4.63562E+01	 4.74457E+01	 4.09347E+01	 1.79981E+01	 5.00000E+01
 6.28353E+01	 5.38160E+01	 2.48228E+01	 6.10174E+01	 2.22100E+01	 3.80503E+01	 3.79776E+01	 4.63606E+01	 4.74457E+01	 4.09789E+01	 1.76459E+01	 5.00000E+01
 6.28191E+01	 5.38347E+01	 2.47818E+01	 6.10026E+01	 2.22100E+01	 3.74246E+01	 3.79986E+01	 4.63379E+01	 4.74457E+01	 4.09745E+01	 1.80198E+01	 5.00000E+01
 6.28831E+01	 5.37669E+01	 2.42635E+01	 6.10239E+01	 2.22100E+01	 3.70346E+01	 3.80038E+01	 4.63384E+01	 4.74457E+01	 4.09959E+01	 1.78128E+01	 5.00000E+01
 6.29421E+01	 5.37272E+01	 2.43600E+01	 6.11615E+01	 2.22100E+01	 3.65669E+01	 3.80115E+01	 4.63860E+01	 4.74457E+01	 4.09794E+01	 1.72674E+01	 5.00000E+01
 6.29777E+01	 5.37006E+01	 2.50966E+01	 6.09832E+01	 2.22100E+01	 3.66948E+01	 3.80404E+01	 4.64191E+01	 4.74457E+01	 4.10168E+01	 1.77314E+01	 5.00000E+01
 6.30532E+01	 5.36131E+01	 2.42630E+01	 6.11106E+01	 2.22100E+01	 3.67115E+01	 3.80229E+01	 4.64794E+01	 4.74457E+01	 4.10206E+01	 1.75052E+01	 5.00000E+01
 6.29958E+01	 5.36916E+01	 2.42715E+01	 6.10505E+01	 2.22100E+01	 3.62239E+01	 3.80283E+01	 4.65301E+01	 4.74457E+01	 4.09365E+01	 1.78913E+01	 5.00000E+01
 6.29371E+01	 5.37409E+01	 2.41949E+01	 6.10830E+01	 2.22100E+01	 3.59565E+01	 3.79962E+01	 4.65230E+01	 4.74457E+01	 4.10084E+01	 1.76555E+01	 5.00000E+01
 6.28177E+01	 5.38439E+01	 2.40805E+01	 6.11873E+01	 2.22100E+01	 3.68352E+01	 3.79884E+01	 4.64806E+01	 4.74457E+01	 4.10517E+01	 1.78570E+01	 5.00000E+01
 6.28480E+01	 5.37331E+01	 2.37767E+01	 6.11427E+01	 2.22100E+01	 3.87999E+01	 3.79745E+01	 4.64142E+01	 4.74457E+01	 4.10090E+01	 1.80400E+01	 5.00000E+01
 6.29277E+01	 5.36567E+01	 2.38157E+01	 6.11391E+01	 2.22100E+01	 4.00955E+01	 3.79758E+01	 4.63984E+01	 4.74457E+01	 4.10172E+01	 1.81613E+01	 5.00000E+01
 6.29128E+01	 5.37080E+01	 2.32033E+01	 6.11958E+01	 2.22100E+01	 4.06170E+01	 3.80121E+01	 4.63922E+01	 4.74457E+01	 4.09788E+01	 1.77971E+01	 5.00000E+01
 6.29124E+01	 5.36937E+01	 2.40834E+01	 6.09927E+01	 2.22100E+01	 4.08929E+01	 3.79888E+01	 4.63783E+01	 4.74457E+01	 4.08980E+01	 1.79620E+01	 5.00000E+01
 6.29382E+01	 5.36783E+01	 2.33742E+01	 6.12147E+01	 2.22100E+01	 4.02436E+01	 3.79961E+01	 4.64044E+01	 4.74457E+01	 4.09206E+01	 1.80062E+01	 5.00000E+01
 6.28094E+01	 5.38503E+01	 2.37858E+01	 6.09732E+01	 2.22100E+01	 3.98612E+01	 3.80141E+01	 4.64058E+01	 4.74457E+01	 4.08650E+01	 1.78818E+01	 5.00000E+01
 6.27973E+01	 5.38389E+01	 2.37129E+01	 6.12286E+01	 2.22100E+01	 3.94485E+01	 3.80445E+01	 4.64102E+01	 4.74457E+01	 4.08992E+01	 1.77780E+01	 5.00000E+01
 6.27942E+01	 5.38211E+01	 2.35701E+01	 6.10782E+01	 2.22100E+01	 4.04471E+01	 3.80236E+01	 4.64109E+01	 4.74457E+01	 4.08977E+01	 1.78144E+01	 5.00000E+01
 6.28724E+01	 5.37205E+01	 2.37157E+01	 6.10737E+01	 2.22100E+01	 4.11900E+01	 3.80167E+01	 4.64064E+01	 4.74457E+01	 4.09360E+01	 1.80779E+01	 5.00000E+01
 6.29285E+01	 5.36649E+01	 2.42079E+01	 6.12233E+01	 2.22100E+01	 4.12849E+01	 3.80242E+01	 4.64124E+01	 4.74457E+01	 4.09371E+01	 1.74439E+01	 5.00000E+01
 6.29666E+01	 5.36325E+01	 2.37952E+01	 6.11960E+01	 2.22100E+01	 4.13294E+01	 3.80294E+01	 4.63937E+01	 4.74457E+01	 4.09632E+01	 1.76114E+01	 5.00000E+01
 6.30196E+01	 5.36054E+01	 2.35165E+01	 6.12302E+01	 2.22100E+01	 4.14127E+01	 3.80239E+01	 4.63976E+01	 4.74457E+01	 4.09733E+01	 1.79984E+01	 5.00000E+01
 6.29752E+01	 5.36656E+01	 2.40917E+01	 6.11278E+01	 2.22100E+01	 4.09667E+01	 3.80377E+01	 4.64129E+01	 4.74457E+01	 4.09022E+01	 1.84783E+01	 5.00000E+01
 6.29295E+01	 5.37028E+01	 2.41320E+01	 6.10207E+01	 2.22100E+01	 4.03385E+01	 3.80075E+01	 4.64341E+01	 4.74457E+01	 4.08716E+01	 1.80173E+01	 5.00000E+01
 6.28027E+01	 5.38526E+01	 2.39402E+01	 6.12154E+01	 2.22100E+01	 3.97171E+01	 3.80359E+01	 4.64667E+01	 4.74457E+01	 4.09397E+01	 1.84947E+01	 5.00000E+01
 6.27365E+01	 5.39136E+01	 2.40858E+01	 6.11641E+01	 2.22100E+01	 4.00768E+01	 3.80314E+01	 4.64797E+01	 4.74457E+01	 4.08251E+01	 1.78259E+01	 5.00000E+01
 6.27086E+01	 5.39330E+01	 2.41514E+01	 6.11631E+01	 2.22100E+01	 4.10489E+01	 3.80411E+01	 4.65007E+01	 4.74457E+01	 4.08346E+01	 1.80099E+01	 5.00000E+01
 6.28608E+01	 5.37461E+01	 2.43192E+01	 6.11028E+01	 2.22100E+01	 4.20648E+01	 3.80170E+01	 4.65283E+01	 4.74457E+01	 4.09273E+01	 1.80773E+01	 5.00000E+01
 6.28091E+01	 5.38214E+01	 2.48520E+01	 6.10086E+01	 2.22100E+01	 4.19139E+01	 3.79969E+01	 4.65333E+01	 4.74457E+01	 4.07892E+01	 1.76759E+01	 5.00000E+01
 6.27538E+01	 5.38999E+01	 2.41165E+01	 6.12122E+01	 2.22100E+01	 4.07216E+01	 3.79937E+01	 4.65334E+01	 4.74457E+01	 4.08405E+01	 1.75272E+01	 5.00000E+01
 6.28432E+01	 5.37463E+01	 2.47689E+01	 6.09563E+01	 2.22100E+01	 4.03144E+01	 3.79891E+01	 4.65243E+01	 4.74457E+01	 4.08662E+01	 1.80401E+01	 5.00000E+01
 6.28611E+01	 5.37238E+01	 2.45594E+01	 6.10806E+01	 2.22100E+01	 3.95075E+01	 3.79877E+01	 4.64960E+01	 4.74457E+01	 4.09137E+01	 1.76944E+01	 5.00000E+01
 6.28746E+01	 5.37334E+01	 2.44842E+01	 6.10594E+01	 2.22100E+01	 3.89020E+01	 3.79845E+01	 4.64981E+01	 4.74457E+01	 4.09202E+01	 1.83713E+01	 5.00000E+01
 6.28708E+01	 5.37396E+01	 2.40711E+01	 6.11780E+01	 2.22100E+01	 3.86137E+01	 3.79569E+01	 4.64770E+01	 4.74457E+01	 4.09319E+01	 1.81682E+01	 5.00000E+01
 6.28594E+01	 5.37625E+01	 2.39550E+01	 6.10932E+01	 2.22100E+01	 3.91906E+01	 3.79633E+01	 4.64644E+01	 4.74457E+01	 4.08985E+01	 1.79686E+01	 5.00000E+01
 6.28650E+01	 5.37775E+01	 2.43393E+01	 6.10930E+01	 2.22100E+01	 3.95743E+01	 3.79542E+01	 4.64615E+01	 4.74457E+01	 4.09449E+01	 1.79007E+01	 5.00000E+01
 6.28791E+01	 5.37571E+01	 2.42479E+01	 6.10327E+01	 2.22100E+01	 3.99831E+01	 3.79862E+01	 4.64535E+01	 4.74457E+01	 4.09104E+01	 1.81054E+01	 5.00000E+01
 6.28699E+01	 5.37651E+01	 2.41138E+01	 6.11229E+01	 2.22100E+01	 4.01107E+01	 3.79903E+01	 4.64436E+01	 4.74457E+01	 4.08524E+01	 1.76905E+01	 5.00000E+01
 6.28637E+01	 5.38058E+01	 2.41917E+01	 6.11493E+01	 2.22100E+01	 4.03024E+01	 3.79991E+01	 4.64446E+01	 4.74457E+01	 4.09189E+01	 1.74874E+01	 5.00000E+01
 6.28780E+01	 5.37591E+01	 2.42889E+01	 6.11080E+01	 2.22100E+01	 4.07045E+01	 3.79982E+01	 4.64214E+01	 4.74457E+01	 4.09148E+01	 1.85017E+01	 5.00000E+01
 6.27968E+01	 5.38828E+01	 2.47327E+01	 6.10594E+01	 2.22100E+01	 4.10046E+01	 3.79942E+01	 4.64201E+01	 4.74457E+01	 4.09346E+01	 1.86587E+01	 5.00000E+01
 6.27129E+01	 5.39543E+01	 2.46423E+01	 6.10686E+01	 2.22100E+01	 4.13200E+01	 3.80121E+01	 4.64063E+01	 4.74457E+01	 4.08680E+01	 1.79932E+01	 5.00000E+01
 6.27547E+01	 5.38804E+01	 2.52041E+01	 6.10523E+01	 2.22100E+01	 4.15009E+01	 3.80032E+01	 4.63797E+01	 4.74457E+01	 4.08719E+01	 1.84270E+01	 5.00000E+01
 6.27683E+01	 5.38839E+01	 2.49868E+01	 6.11185E+01	 2.22100E+01	 4.14191E+01	 3.80280E+01	 4.63475E+01	 4.74457E+01	 4.09453E+01	 1.79701E+01	 5.00000E+01
 6.27619E+01	 5.38953E+01	 2.47187E+01	 6.10889E+01	 2.22100E+01	 4.15323E+01	 3.80226E+01	 4.63389E+01	 4.74457E+01	 4.09442E+01	 1.79603E+01	 5.00000E+01
 6.27652E+01	 5.38952E+01	 2.48602E+01	 6.10150E+01	 2.22100E+01	 4.12855E+01	 3.80233E+01	 4.63305E+01	 4.74457E+01	 4.08574E+01	 1.84419E+01	 5.00000E+01
 6.28753E+01	 5.37347E+01	 2.46642E+01	 6.11658E+01	 2.22100E+01	 4.09109E+01	 3.80576E+01	 4.63316E+01	 4.74457E+01	 4.09318E+01	 1.81149E+01	 5.00000E+01
 6.29894E+01	 5.36488E+01	 2.44555E+01	 6.11544E+01	 2.22100E+01	 4.03030E+01	 3.80506E+01	 4.63390E+01	 4.74457E+01	 4.09613E+01	 1.84500E+01	 5.00000E+01
 6.28030E+01	 5.39215E+01	 2.44992E+01	 6.12043E+01	 2.22100E+01	 3.93354E+01	 3.80529E+01	 4.63638E+01	 4.74457E+01	 4.09350E+01	 1.83617E+01	 5.00000E+01
 6.26811E+01	 5.40300E+01	 2.50805E+01	 6.11135E+01	 2.22100E+01	 3.91182E+01	 3.80551E+01	 4.63747E+01	 4.74457E+01	 4.08519E+01	 1.83019E+01	 5.00000E+01
 6.26185E+01	 5.40992E+01	 2.56880E+01	 6.09829E+01	 2.22100E+01	 3.97278E+01	 3.80583E+01	 4.63898E+01	 4.74457E+01	 4.08254E+01	 1.84857E+01	 5.00000E+01
 6.27483E+01	 5.39239E+01	 2.49742E+01	 6.12185E+01	 2.22100E+01	 4.07496E+01	 3.80678E+01	 4.64223E+01	 4.74457E+01	 4.09347E+01	 1.80538E+01	 5.00000E+01
 6.27942E+01	 5.38803E+01	 2.49510E+01	 6.11643E+01	 2.22100E+01	 4.17715E+01	 3.80565E+01	 4.64265E+01	 4.74457E+01	 4.09169E+01	 1.81687E+01	 5.00000E+01
 6.28166E+01	 5.38700E+01	 2.50765E+01	 6.11799E+01	 2.22100E+01	 4.18070E+01	 3.80037E+01	 4.64569E+01	 4.74457E+01	 4.08934E+01	 1.81303E+01	 5.00000E+01
 6.28877E+01	 5.37702E+01	 2.49844E+01	 6.10295E+01	 2.22100E+01	 4.14263E+01	 3.80234E+01	 4.64501E+01	 4.74457E+01	 4.09436E+01	 1.75871E+01	 5.00000E+01
 6.28284E+01	 5.38733E+01	 2.44943E+01	 6.11367E+01	 2.22100E+01	 4.01897E+01	 3.80188E+01	 4.64592E+01	 4.74457E+01	 4.08947E+01	 1.79769E+01	 5.00000E+01
 6.27472E+01	 5.39480E+01	 2.45622E+01	 6.12422E+01	 2.22100E+01	 3.92957E+01	 3.79892E+01	 4.64581E+01	 4.74457E+01	 4.09744E+01	 1.76906E+01	 5.00000E+01
 6.26698E+01	 5.40263E+01	 2.45821E+01	 6.11307E+01	 2.22100E+01	 3.94708E+01	 3.79814E+01	 4.64620E+01	 4.74457E+01	 4.08926E+01	 1.79185E+01	 5.00000E+01
 6.27768E+01	 5.38200E+01	 2.50738E+01	 6.10908E+01	 2.22100E+01	 3.98656E+01	 3.79894E+01	 4.64518E+01	 4.74457E+01	 4.08811E+01	 1.77583E+01	 5.00000E+01
 6.29093E+01	 5.36825E+01	 2.41526E+01	 6.11935E+01	 2.22100E+01	 4.00034E+01	 3.79669E+01	 4.64454E+01	 4.74457E+01	 4.10333E+01	 1.80207E+01	 5.00000E+01
 6.28539E+01	 5.38220E+01	 2.42532E+01	 6.10654E+01	 2.22100E+01	 3.94695E+01	 3.79607E+01	 4.64407E+01	 4.74457E+01	 4.09771E+01	 1.77877E+01	 5.00000E+01
 6.28483E+01	 5.38080E+01	 2.46342E+01	 6.12035E+01	 2.22100E+01	 3.88695E+01	 3.79469E+01	 4.64464E+01	 4.74457E+01	 4.09578E+01	 1.77312E+01	 5.00000E+01
 6.28434E+01	 5.38055E+01	 2.49205E+01	 6.10604E+01	 2.22100E+01	 3.89786E+01	 3.79447E+01	 4.64322E+01	 4.74457E+01	 4.09764E+01	 1.78162E+01	 5.00000E+01
 6.28556E+01	 5.38065E+01	 2.44592E+01	 6.11169E+01	 2.22100E+01	 3.90320E+01	 3.79589E+01	 4.64235E+01	 4.74457E+01	 4.09936E+01	 1.76851E+01	 5.00000E+01
 6.28418E+01	 5.38232E+01	 2.42124E+01	 6.11443E+01	 2.22100E+01	 3.91005E+01	 3.79490E+01	 4.64243E+01	 4.74457E+01	 4.09706E+01	 1.82628E+01	 5.00000E+01
 6.28262E+01	 5.38564E+01	 2.45001E+01	 6.10300E+01	 2.22100E+01	 3.92253E+01	 3.79462E+01	 4.64357E+01	 4.74457E+01	 4.09101E+01	 1.79452E+01	 5.00000E+01
 6.29230E+01	 5.37343E+01	 2.47488E+01	 6.10949E+01	 2.22100E+01	 3.93642E+01	 3.79593E+01	 4.64310E+01	 4.74457E+01	 4.09716E+01	 1.79281E+01	 5.00000E+01
 6.28511E+01	 5.38544E+01	 2.48610E+01	 6.11408E+01	 2.22100E+01	 3.93479E+01	 3.79563E+01	 4.64324E+01	 4.74457E+01	 4.09796E+01	 1.76549E+01	 5.00000E+01
 6.27652E+01	 5.39575E+01	 2.47123E+01	 6.11463E+01	 2.22100E+01	 3.96171E+01	 3.79617E+01	 4.64340E+01	 4.74457E+01	 4.09598E+01	 1.84221E+01	 5.00000E+01
 6.29389E+01	 5.37117E+01	 2.48078E+01	 6.11586E+01	 2.22100E+01	 4.03432E+01	 3.79703E+01	 4.64429E+01	 4.74457E+01	 4.09868E+01	 1.77326E+01	 5.00000E+01
 6.29445E+01	 5.37490E+01	 2.54877E+01	 6.10801E+01	 2.22100E+01	 4.06648E+01	 3.79434E+01	 4.64361E+01	 4.74457E+01	 4.09726E+01	 1.74240E+01	 5.00000E+01
 6.29312E+01	 5.38060E+01	 2.60359E+01	 6.09215E+01	 2.22100E+01	 4.01251E+01	 3.79534E+01	 4.64521E+01	 4.74457E+01	 4.09170E+01	 1.76386E+01	 5.00000E+01
 6.29616E+01	 5.37368E+01	 2.52503E+01	 6.12686E+01	 2.22100E+01	 3.91283E+01	 3.79393E+01	 4.64649E+01	 4.74457E+01	 4.10295E+01	 1.74476E+01	 5.00000E+01
 6.28652E+01	 5.38578E+01	 2.51055E+01	 6.10691E+01	 2.22100E+01	 3.88498E+01	 3.79540E+01	 4.64477E+01	 4.74457E+01	 4.09266E+01	 1.75646E+01	 5.00000E+01
 6.27830E+01	 5.39716E+01	 2.53323E+01	 6.11285E+01	 2.22100E+01	 3.88381E+01	 3.79273E+01	 4.64489E+01	 4.74457E+01	 4.09533E+01	 1.82430E+01	 5.00000E+01
 6.27351E+01	 5.40020E+01	 2.54396E+01	 6.10415E+01	 2.22100E+01	 3.94889E+01	 3.79208E+01	 4.64578E+01	 4.74457E+01	 4.09738E+01	 1.78825E+01	 5.00000E+01
 6.27313E+01	 5.39900E+01	 2.50479E+01	 6.11443E+01	 2.22100E+01	 4.01617E+01	 3.79375E+01	 4.64457E+01	 4.74457E+01	 4.09391E+01	 1.73863E+01	 5.00000E+01
 6.27485E+01	 5.39703E+01	 2.52592E+01	 6.11539E+01	 2.22100E+01	 4.08830E+01	 3.79363E+01	 4.64470E+01	 4.74457E+01	 4.09531E+01	 1.75533E+01	 5.00000E+01
 6.27544E+01	 5.39631E+01	 2.46406E+01	 6.11745E+01	 2.22100E+01	 4.18715E+01	 3.79219E+01	 4.64555E+01	 4.74457E+01	 4.09374E+01	 1.79651E+01	 5.00000E+01
 6.28552E+01	 5.38078E+01	 2.43350E+01	 6.10539E+01	 2.22100E+01	 4.20340E+01	 3.79040E+01	 4.64524E+01	 4.74457E+01	 4.09193E+01	 1.76680E+01	 5.00000E+01
 6.29638E+01	 5.37099E+01	 2.44958E+01	 6.12732E+01	 2.22100E+01	 4.11079E+01	 3.78997E+01	 4.64585E+01	 4.74457E+01	 4.10208E+01	 1.79657E+01	 5.00000E+01
 6.31315E+01	 5.35435E+01	 2.48540E+01	 6.11902E+01	 2.22100E+01	 3.98966E+01	 3.78914E+01	 4.64507E+01	 4.74457E+01	 4.10765E+01	 1.80951E+01	 5.00000E+01
 6.31666E+01	 5.35410E+01	 2.46372E+01	 6.12478E+01	 2.22100E+01	 3.85718E+01	 3.78527E+01	 4.64510E+01	 4.74457E+01	 4.11533E+01	 1.81152E+01	 5.00000E+01
 6.31555E+01	 5.35549E+01	 2.44777E+01	 6.11275E+01	 2.22100E+01	 3.76679E+01	 3.78905E+01	 4.64370E+01	 4.74457E+01	 4.11394E+01	 1.79237E+01	 5.00000E+01
 6.30529E+01	 5.37012E+01	 2.41610E+01	 6.11999E+01	 2.22100E+01	 3.70108E+01	 3.78807E+01	 4.64344E+01	 4.74457E+01	 4.10948E+01	 1.77932E+01	 5.00000E+01
 6.29566E+01	 5.38053E+01	 2.39483E+01	 6.12235E+01	 2.22100E+01	 3.74455E+01	 3.78660E+01	 4.64148E+01	 4.74457E+01	 4.10764E+01	 1.75877E+01	 5.00000E+01
 6.28957E+01	 5.38541E+01	 2.37561E+01	 6.11728E+01	 2.22100E+01	 3.86731E+01	 3.78917E+01	 4.64032E+01	 4.74457E+01	 4.10168E+01	 1.73198E+01	 5.00000E+01
 6.29149E+01	 5.37971E+01	 2.40106E+01	 6.10583E+01	 2.22100E+01	 4.05457E+01	 3.78839E+01	 4.63727E+01	 4.74457E+01	 4.09610E+01	 1.81323E+01	 5.00000E+01
 6.29182E+01	 5.38037E+01	 2.44792E+01	 6.10975E+01	 2.22100E+01	 4.10889E+01	 3.78748E+01	 4.63504E+01	 4.74457E+01	 4.09624E+01	 1.76302E+01	 5.00000E+01
 6.29142E+01	 5.38346E+01	 2.44970E+01	 6.12234E+01	 2.22100E+01	 4.14341E+01	 3.79044E+01	 4.63488E+01	 4.74457E+01	 4.10147E+01	 1.79728E+01	 5.00000E+01
 6.29697E+01	 5.37399E+01	 2.44275E+01	 6.10151E+01	 2.22100E+01	 4.21637E+01	 3.78912E+01	 4.63109E+01	 4.74457E+01	 4.10150E+01	 1.77020E+01	 5.00000E+01
 6.30847E+01	 5.36245E+01	 2.44887E+01	 6.11711E+01	 2.22100E+01	 4.16507E+01	 3.78857E+01	 4.63398E+01	 4.74457E+01	 4.10098E+01	 1.79066E+01	 5.00000E+01
 6.31713E+01	 5.35515E+01	 2.45775E+01	 6.10679E+01	 2.22100E+01	 4.06310E+01	 3.79168E+01	 4.63510E+01	 4.74457E+01	 4.10070E+01	 1.75344E+01	 5.00000E+01
 6.30237E+01	 5.37865E+01	 2.39970E+01	 6.11801E+01	 2.22100E+01	 3.91619E+01	 3.79364E+01	 4.63789E+01	 4.74457E+01	 4.09514E+01	 1.77693E+01	 5.00000E+01
 6.29615E+01	 5.38541E+01	 2.38296E+01	 6.12930E+01	 2.22100E+01	 3.88920E+01	 3.79322E+01	 4.64172E+01	 4.74457E+01	 4.09821E+01	 1.82096E+01	 5.00000E+01
 6.29116E+01	 5.38661E+01	 2.40012E+01	 6.12174E+01	 2.22100E+01	 3.99477E+01	 3.79148E+01	 4.64127E+01	 4.74457E+01	 4.10031E+01	 1.76982E+01	 5.00000E+01
 6.29975E+01	 5.37360E+01	 2.38845E+01	 6.11692E+01	 2.22100E+01	 4.13190E+01	 3.79065E+01	 4.63953E+01	 4.74457E+01	 4.09961E+01	 1.79570E+01	 5.00000E+01
 6.29647E+01	 5.38042E+01	 2.37605E+01	 6.11553E+01	 2.22100E+01	 4.19008E+01	 3.79143E+01	 4.63620E+01	 4.74457E+01	 4.09934E+01	 1.74558E+01	 5.00000E+01
 6.28966E+01	 5.38483E+01	 2.36895E+01	 6.11866E+01	 2.22100E+01	 4.17676E+01	 3.79172E+01	 4.63346E+01	 4.74457E+01	 4.09972E+01	 1.79558E+01	 5.00000E+01
 6.29390E+01	 5.37958E+01	 2.36798E+01	 6.11461E+01	 2.22100E+01	 4.19625E+01	 3.79217E+01	 4.63045E+01	 4.74457E+01	 4.09679E+01	 1.75752E+01	 5.00000E+01
 6.29054E+01	 5.38846E+01	 2.35378E+01	 6.12979E+01	 2.22100E+01	 4.22129E+01	 3.79292E+01	 4.63061E+01	 4.74457E+01	 4.09931E+01	 1.79265E+01	 5.00000E+01
 6.28409E+01	 5.39619E+01	 2.44795E+01	 6.10736E+01	 2.22100E+01	 4.25495E+01	 3.79129E+01	 4.63059E+01	 4.74457E+01	 4.09438E+01	 1.80267E+01	 5.00000E+01
 6.28876E+01	 5.38803E+01	 2.46062E+01	 6.11597E+01	 2.22100E+01	 4.23860E+01	 3.79317E+01	 4.63236E+01	 4.74457E+01	 4.09267E+01	 1.81174E+01	 5.00000E+01
 6.28855E+01	 5.39020E+01	 2.46135E+01	 6.12151E+01	 2.22100E+01	 4.22957E+01	 3.79442E+01	 4.63372E+01	 4.74457E+01	 4.09733E+01	 1.81155E+01	 5.00000E+01
 6.28632E+01	 5.39203E+01	 2.40620E+01	 6.11629E+01	 2.22100E+01	 4.22289E+01	 3.79342E+01	 4.63473E+01	 4.74457E+01	 4.09057E+01	 1.81568E+01	 5.00000E+01
 6.28317E+01	 5.39557E+01	 2.41869E+01	 6.11446E+01	 2.22100E+01	 4.17948E+01	 3.79475E+01	 4.63673E+01	 4.74457E+01	 4.09361E+01	 1.81289E+01	 5.00000E+01
 6.28578E+01	 5.39331E+01	 2.43888E+01	 6.12015E+01	 2.22100E+01	 4.12946E+01	 3.79433E+01	 4.63687E+01	 4.74457E+01	 4.09583E+01	 1.77458E+01	 5.00000E+01
 6.28796E+01	 5.39133E+01	 2.48380E+01	 6.09435E+01	 2.22100E+01	 4.09699E+01	 3.79123E+01	 4.63489E+01	 4.74457E+01	 4.09571E+01	 1.77926E+01	 5.00000E+01
 6.28598E+01	 5.39369E+01	 2.46210E+01	 6.10804E+01	 2.22100E+01	 4.03729E+01	 3.79519E+01	 4.63428E+01	 4.74457E+01	 4.10081E+01	 1.80607E+01	 5.00000E+01
 6.28692E+01	 5.39139E+01	 2.45012E+01	 6.12620E+01	 2.22100E+01	 4.00904E+01	 3.79578E+01	 4.63247E+01	 4.74457E+01	 4.10420E+01	 1.79198E+01	 5.00000E+01
 6.28839E+01	 5.38883E+01	 2.52048E+01	 6.09661E+01	 2.22100E+01	 4.05197E+01	 3.79644E+01	 4.63098E+01	 4.74457E+01	 4.10020E+01	 1.79551E+01	 5.00000E+01
 6.29873E+01	 5.37677E+01	 2.48307E+01	 6.10856E+01	 2.22100E+01	 4.01277E+01	 3.79548E+01	 4.62689E+01	 4.74457E+01	 4.10227E+01	 1.85423E+01	 5.00000E+01
 6.29509E+01	 5.38508E+01	 2.44021E+01	 6.10683E+01	 2.22100E+01	 3.94912E+01	 3.79760E+01	 4.62615E+01	 4.74457E+01	 4.10030E+01	 1.82575E+01	 5.00000E+01
 6.29043E+01	 5.39120E+01	 2.40710E+01	 6.13405E+01	 2.22100E+01	 3.85508E+01	 3.80176E+01	 4.62424E+01	 4.74457E+01	 4.10050E+01	 1.81036E+01	 5.00000E+01
 6.29576E+01	 5.38290E+01	 2.49249E+01	 6.09673E+01	 2.22100E+01	 3.88944E+01	 3.80220E+01	 4.62472E+01	 4.74457E+01	 4.10213E+01	 1.77809E+01	 5.00000E+01
 6.28976E+01	 5.39565E+01	 2.50340E+01	 6.11868E+01	 2.22100E+01	 3.85128E+01	 3.80462E+01	 4.62868E+01	 4.74457E+01	 4.10554E+01	 1.77222E+01	 5.00000E+01
 6.28133E+01	 5.40471E+01	 2.48762E+01	 6.11657E+01	 2.22100E+01	 3.91516E+01	 3.80595E+01	 4.63247E+01	 4.74457E+01	 4.09756E+01	 1.79095E+01	 5.00000E+01
 6.28795E+01	 5.39325E+01	 2.49600E+01	 6.11942E+01	 2.22100E+01	 3.97370E+01	 3.80508E+01	 4.63620E+01	 4.74457E+01	 4.09588E+01	 1.83165E+01	 5.00000E+01
 6.29217E+01	 5.38642E+01	 2.52348E+01	 6.11716E+01	 2.22100E+01	 3.97622E+01	 3.80675E+01	 4.64002E+01	 4.74457E+01	 4.09159E+01	 1.79643E+01	 5.00000E+01
 6.29519E+01	 5.38295E+01	 2.51645E+01	 6.09907E+01	 2.22100E+01	 3.92850E+01	 3.80723E+01	 4.64422E+01	 4.74457E+01	 4.09727E+01	 1.75563E+01	 5.00000E+01
 6.29794E+01	 5.38057E+01	 2.54285E+01	 6.11084E+01	 2.22100E+01	 3.81294E+01	 3.80399E+01	 4.64583E+01	 4.74457E+01	 4.10118E+01	 1.82598E+01	 5.00000E+01
 6.29220E+01	 5.38661E+01	 2.52366E+01	 6.10106E+01	 2.22100E+01	 3.70893E+01	 3.80333E+01	 4.64537E+01	 4.74457E+01	 4.09985E+01	 1.83411E+01	 5.00000E+01
 6.28703E+01	 5.39147E+01	 2.53783E+01	 6.11605E+01	 2.22100E+01	 3.62184E+01	 3.80154E+01	 4.64574E+01	 4.74457E+01	 4.10176E+01	 1.84608E+01	 5.00000E+01
 6.29125E+01	 5.38494E+01	 2.52236E+01	 6.11746E+01	 2.22100E+01	 3.66224E+01	 3.80110E+01	 4.64427E+01	 4.74457E+01	 4.10882E+01	 1.81019E+01	 5.00000E+01
 6.28948E+01	 5.38758E+01	 2.52237E+01	 6.10624E+01	 2.22100E+01	 3.73012E+01	 3.79794E+01	 4.64267E+01	 4.74457E+01	 4.10371E+01	 1.79849E+01	 5.00000E+01
 6.28700E+01	 5.39081E+01	 2.48739E+01	 6.10516E+01	 2.22100E+01	 3.74763E+01	 3.80279E+01	 4.64153E+01	 4.74457E+01	 4.10213E+01	 1.78627E+01	 5.00000E+01
 6.29309E+01	 5.37912E+01	 2.50397E+01	 6.11813E+01	 2.22100E+01	 3.75066E+01	 3.80062E+01	 4.63994E+01	 4.74457E+01	 4.10650E+01	 1.76594E+01	 5.00000E+01
 6.29020E+01	 5.38748E+01	 2.46047E+01	 6.11632E+01	 2.22100E+01	 3.79017E+01	 3.80132E+01	 4.64102E+01	 4.74457E+01	 4.10436E+01	 1.76931E+01	 5.00000E+01
 6.28506E+01	 5.39494E+01	 2.44751E+01	 6.10999E+01	 2.22100E+01	 3.82942E+01	 3.80234E+01	 4.64283E+01	 4.74457E+01	 4.10074E+01	 1.75854E+01	 5.00000E+01
 6.28172E+01	 5.39586E+01	 2.49172E+01	 6.12248E+01	 2.22100E+01	 3.86731E+01	 3.80171E+01	 4.64171E+01	 4.74457E+01	 4.10466E+01	 1.86396E+01	 5.00000E+01
 6.29012E+01	 5.38324E+01	 2.50313E+01	 6.11805E+01	 2.22100E+01	 3.97902E+01	 3.80155E+01	 4.64290E+01	 4.74457E+01	 4.10435E+01	 1.78773E+01	 5.00000E+01
 6.29782E+01	 5.37561E+01	 2.51900E+01	 6.10775E+01	 2.22100E+01	 4.03499E+01	 3.80228E+01	 4.64241E+01	 4.74457E+01	 4.10199E+01	 1.76910E+01	 5.00000E+01
 6.30954E+01	 5.36231E+01	 2.48092E+01	 6.10430E+01	 2.22100E+01	 3.94602E+01	 3.80139E+01	 4.64482E+01	 4.74457E+01	 4.10421E+01	 1.79662E+01	 5.00000E+01
 6.30487E+01	 5.37279E+01	 2.50071E+01	 6.11859E+01	 2.22100E+01	 3.75591E+01	 3.79928E+01	 4.64540E+01	 4.74457E+01	 4.10923E+01	 1.79321E+01	 5.00000E+01
 6.29481E+01	 5.38153E+01	 2.42799E+01	 6.12414E+01	 2.22100E+01	 3.68860E+01	 3.80183E+01	 4.64529E+01	 4.74457E+01	 4.10904E+01	 1.79745E+01	 5.00000E+01
 6.30068E+01	 5.37402E+01	 2.40408E+01	 6.10165E+01	 2.22100E+01	 3.71588E+01	 3.80178E+01	 4.64615E+01	 4.74457E+01	 4.10409E+01	 1.84600E+01	 5.00000E+01
 6.30077E+01	 5.37399E+01	 2.43527E+01	 6.11534E+01	 2.22100E+01	 3.67492E+01	 3.80077E+01	 4.64743E+01	 4.74457E+01	 4.10299E+01	 1.79685E+01	 5.00000E+01
 6.29922E+01	 5.37357E+01	 2.44173E+01	 6.10828E+01	 2.22100E+01	 3.68646E+01	 3.79983E+01	 4.64844E+01	 4.74457E+01	 4.10518E+01	 1.79071E+01	 5.00000E+01
 6.28503E+01	 5.39105E+01	 2.44426E+01	 6.11220E+01	 2.22100E+01	 3.71543E+01	 3.80230E+01	 4.64895E+01	 4.74457E+01	 4.10357E+01	 1.77736E+01	 5.00000E+01
 6.28150E+01	 5.39260E+01	 2.38427E+01	 6.12318E+01	 2.22100E+01	 3.84987E+01	 3.80230E+01	 4.64938E+01	 4.74457E+01	 4.09742E+01	 1.86677E+01	 5.00000E+01
 6.28170E+01	 5.39129E+01	 2.38532E+01	 6.12233E+01	 2.22100E+01	 4.05019E+01	 3.80123E+01	 4.64952E+01	 4.74457E+01	 4.09296E+01	 1.79318E+01	 5.00000E+01
 6.29038E+01	 5.37929E+01	 2.37755E+01	 6.11928E+01	 2.22100E+01	 4.18870E+01	 3.79887E+01	 4.65050E+01	 4.74457E+01	 4.09291E+01	 1.77631E+01	 5.00000E+01
 6.29372E+01	 5.37726E+01	 2.42618E+01	 6.11381E+01	 2.22100E+01	 4.20772E+01	 3.79891E+01	 4.65171E+01	 4.74457E+01	 4.09493E+01	 1.81006E+01	 5.00000E+01
 6.29373E+01	 5.37791E+01	 2.42561E+01	 6.10783E+01	 2.22100E+01	 4.13177E+01	 3.79884E+01	 4.65138E+01	 4.74457E+01	 4.09225E+01	 1.79065E+01	 5.00000E+01
 6.29290E+01	 5.38078E+01	 2.43044E+01	 6.10662E+01	 2.22100E+01	 4.04377E+01	 3.79695E+01	 4.65411E+01	 4.74457E+01	 4.08989E+01	 1.77607E+01	 5.00000E+01
 6.29412E+01	 5.37532E+01	 2.43247E+01	 6.10470E+01	 2.22100E+01	 3.96750E+01	 3.79718E+01	 4.65374E+01	 4.74457E+01	 4.09165E+01	 1.74261E+01	 5.00000E+01
 6.29696E+01	 5.37392E+01	 2.43858E+01	 6.11414E+01	 2.22100E+01	 3.86149E+01	 3.79467E+01	 4.65450E+01	 4.74457E+01	 4.09863E+01	 1.79902E+01	 5.00000E+01
 6.30027E+01	 5.36924E+01	 2.41427E+01	 6.11248E+01	 2.22100E+01	 3.82552E+01	 3.79472E+01	 4.65298E+01	 4.74457E+01	 4.10309E+01	 1.78279E+01	 5.00000E+01
 6.29517E+01	 5.37659E+01	 2.43564E+01	 6.12052E+01	 2.22100E+01	 3.81788E+01	 3.79505E+01	 4.64991E+01	 4.74457E+01	 4.09856E+01	 1.76896E+01	 5.00000E+01
 6.28853E+01	 5.38286E+01	 2.42975E+01	 6.11750E+01	 2.22100E+01	 3.92337E+01	 3.79226E+01	 4.64628E+01	 4.74457E+01	 4.09978E+01	 1.82813E+01	 5.00000E+01
 6.29665E+01	 5.37163E+01	 2.42188E+01	 6.11579E+01	 2.22100E+01	 4.03826E+01	 3.79551E+01	 4.64280E+01	 4.74457E+01	 4.10265E+01	 1.82932E+01	 5.00000E+01
 6.29642E+01	 5.37515E+01	 2.46928E+01	 6.11549E+01	 2.22100E+01	 4.08309E+01	 3.79742E+01	 4.64032E+01	 4.74457E+01	 4.09962E+01	 1.80427E+01	 5.00000E+01
 6.29425E+01	 5.37662E+01	 2.43620E+01	 6.10758E+01	 2.22100E+01	 4.10759E+01	 3.79830E+01	 4.63902E+01	 4.74457E+01	 4.09590E+01	 1.77629E+01	 5.00000E+01
 6.29034E+01	 5.38323E+01	 2.43212E+01	 6.12578E+01	 2.22100E+01	 4.09064E+01	 3.79988E+01	 4.64008E+01	 4.74457E+01	 4.09286E+01	 1.79194E+01	 5.00000E+01
 6.29173E+01	 5.38063E+01	 2.37379E+01	 6.12621E+01	 2.22100E+01	 4.14468E+01	 3.80194E+01	 4.63967E+01	 4.74457E+01	 4.09439E+01	 1.79972E+01	 5.00000E+01
 6.29267E+01	 5.37913E+01	 2.38570E+01	 6.11982E+01	 2.22100E+01	 4.20193E+01	 3.80238E+01	 4.63837E+01	 4.74457E+01	 4.09169E+01	 1.78876E+01	 5.00000E+01
 6.29749E+01	 5.37641E+01	 2.36049E+01	 6.13871E+01	 2.22100E+01	 4.25436E+01	 3.80156E+01	 4.63934E+01	 4.74457E+01	 4.09922E+01	 1.80726E+01	 5.00000E+01
 6.29799E+01	 5.37615E+01	 2.42173E+01	 6.10477E+01	 2.22100E+01	 4.30348E+01	 3.80210E+01	 4.63918E+01	 4.74457E+01	 4.09273E+01	 1.82771E+01	 5.00000E+01
 6.29738E+01	 5.37634E+01	 2.46527E+01	 6.09986E+01	 2.22100E+01	 4.18599E+01	 3.80184E+01	 4.64082E+01	 4.74457E+01	 4.09068E+01	 1.79063E+01	 5.00000E+01
 6.29758E+01	 5.37727E+01	 2.43941E+01	 6.12079E+01	 2.22100E+01	 4.05749E+01	 3.80250E+01	 4.64320E+01	 4.74457E+01	 4.09698E+01	 1.83343E+01	 5.00000E+01
 6.29985E+01	 5.37450E+01	 2.44860E+01	 6.10483E+01	 2.22100E+01	 3.98461E+01	 3.80163E+01	 4.64388E+01	 4.74457E+01	 4.09398E+01	 1.77296E+01	 5.00000E+01
 6.30088E+01	 5.37385E+01	 2.44141E+01	 6.12977E+01	 2.22100E+01	 3.89141E+01	 3.80217E+01	 4.64540E+01	 4.74457E+01	 4.10130E+01	 1.82390E+01	 5.00000E+01
 6.29250E+01	 5.38259E+01	 2.44868E+01	 6.11882E+01	 2.22100E+01	 3.93155E+01	 3.80147E+01	 4.64706E+01	 4.74457E+01	 4.09543E+01	 1.79272E+01	 5.00000E+01
 6.29774E+01	 5.37395E+01	 2.47410E+01	 6.10526E+01	 2.22100E+01	 3.97221E+01	 3.80099E+01	 4.64710E+01	 4.74457E+01	 4.09383E+01	 1.80411E+01	 5.00000E+01
 6.30434E+01	 5.36694E+01	 2.48991E+01	 6.11182E+01	 2.22100E+01	 3.94424E+01	 3.80028E+01	 4.64921E+01	 4.74457E+01	 4.09697E+01	 1.78948E+01	 5.00000E+01
 6.30277E+01	 5.37200E+01	 2.46065E+01	 6.11121E+01	 2.22100E+01	 3.87735E+01	 3.80157E+01	 4.64941E+01	 4.74457E+01	 4.09976E+01	 1.79220E+01	 5.00000E+01
 6.29805E+01	 5.37264E+01	 2.41737E+01	 6.11251E+01	 2.22100E+01	 3.87974E+01	 3.79935E+01	 4.64186E+01	 4.74457E+01	 4.10908E+01	 1.83969E+01	 5.00000E+01
 6.29623E+01	 5.37454E+01	 2.44056E+01	 6.11378E+01	 2.22100E+01	 3.93505E+01	 3.79685E+01	 4.63668E+01	 4.74457E+01	 4.10418E+01	 1.82629E+01	 5.00000E+01
 6.29177E+01	 5.38285E+01	 2.47550E+01	 6.10330E+01	 2.22100E+01	 4.00748E+01	 3.80018E+01	 4.63330E+01	 4.74457E+01	 4.10123E+01	 1.82298E+01	 5.00000E+01
 6.29751E+01	 5.37567E+01	 2.45437E+01	 6.12455E+01	 2.22100E+01	 4.05611E+01	 3.80472E+01	 4.63405E+01	 4.74457E+01	 4.10161E+01	 1.83335E+01	 5.00000E+01
 6.30328E+01	 5.36770E+01	 2.45292E+01	 6.11764E+01	 2.22100E+01	 4.10999E+01	 3.80607E+01	 4.63491E+01	 4.74457E+01	 4.09961E+01	 1.81569E+01	 5.00000E+01
 6.28978E+01	 5.38806E+01	 2.45041E+01	 6.12674E+01	 2.22100E+01	 4.11566E+01	 3.80394E+01	 4.63519E+01	 4.74457E+01	 4.09773E+01	 1.84809E+01	 5.00000E+01
 6.28891E+01	 5.38485E+01	 2.48224E+01	 6.11317E+01	 2.22100E+01	 4.16453E+01	 3.80522E+01	 4.63533E+01	 4.74457E+01	 4.09714E+01	 1.81404E+01	 5.00000E+01
 6.29280E+01	 5.38142E+01	 2.52593E+01	 6.10285E+01	 2.22100E+01	 4.15670E+01	 3.80616E+01	 4.63943E+01	 4.74457E+01	 4.09391E+01	 1.76429E+01	 5.00000E+01
 6.29647E+01	 5.37612E+01	 2.52620E+01	 6.10578E+01	 2.22100E+01	 4.08054E+01	 3.80677E+01	 4.64058E+01	 4.74457E+01	 4.09926E+01	 1.87552E+01	 5.00000E+01
 6.29556E+01	 5.37900E+01	 2.45896E+01	 6.11094E+01	 2.22100E+01	 3.94802E+01	 3.80503E+01	 4.64198E+01	 4.74457E+01	 4.10020E+01	 1.81961E+01	 5.00000E+01
 6.29350E+01	 5.38124E+01	 2.47125E+01	 6.11390E+01	 2.22100E+01	 3.85799E+01	 3.80646E+01	 4.64083E+01	 4.74457E+01	 4.10331E+01	 1.83003E+01	 5.00000E+01
 6.31130E+01	 5.35675E+01	 2.44135E+01	 6.10777E+01	 2.22100E+01	 3.78629E+01	 3.80580E+01	 4.64307E+01	 4.74457E+01	 4.10593E+01	 1.82242E+01	 5.00000E+01
 6.30869E+01	 5.36795E+01	 2.43822E+01	 6.11693E+01	 2.22100E+01	 3.66095E+01	 3.80654E+01	 4.64458E+01	 4.74457E+01	 4.10355E+01	 1.82330E+01	 5.00000E+01
 6.29972E+01	 5.37929E+01	 2.44978E+01	 6.12393E+01	 2.22100E+01	 3.61176E+01	 3.80571E+01	 4.64915E+01	 4.74457E+01	 4.10204E+01	 1.76336E+01	 5.00000E+01
 6.30185E+01	 5.37292E+01	 2.54018E+01	 6.11584E+01	 2.22100E+01	 3.69702E+01	 3.80559E+01	 4.65113E+01	 4.74457E+01	 4.10060E+01	 1.79254E+01	 5.00000E+01
 6.30595E+01	 5.36975E+01	 2.52469E+01	 6.11548E+01	 2.22100E+01	 3.78966E+01	 3.80431E+01	 4.65536E+01	 4.74457E+01	 4.09824E+01	 1.81965E+01	 5.00000E+01
 6.30748E+01	 5.36547E+01	 2.45984E+01	 6.11623E+01	 2.22100E+01	 3.85764E+01	 3.80263E+01	 4.65686E+01	 4.74457E+01	 4.10020E+01	 1.76785E+01	 5.00000E+01
 6.30945E+01	 5.36215E+01	 2.44080E+01	 6.11792E+01	 2.22100E+01	 3.92471E+01	 3.80042E+01	 4.65557E+01	 4.74457E+01	 4.09975E+01	 1.73179E+01	 5.00000E+01
 6.30490E+01	 5.36945E+01	 2.43925E+01	 6.12535E+01	 2.22100E+01	 3.92478E+01	 3.80200E+01	 4.65594E+01	 4.74457E+01	 4.10314E+01	 1.73519E+01	 5.00000E+01
 6.29858E+01	 5.37375E+01	 2.43814E+01	 6.12198E+01	 2.22100E+01	 3.95282E+01	 3.79851E+01	 4.65583E+01	 4.74457E+01	 4.09494E+01	 1.77858E+01	 5.00000E+01
 6.29400E+01	 5.37893E+01	 2.45762E+01	 6.10399E+01	 2.22100E+01	 4.00377E+01	 3.79767E+01	 4.65583E+01	 4.74457E+01	 4.09226E+01	 1.81178E+01	 5.00000E+01
 6.29353E+01	 5.37715E+01	 2.49933E+01	 6.10201E+01	 2.22100E+01	 3.99752E+01	 3.79582E+01	 4.65399E+01	 4.74457E+01	 4.09684E+01	 1.74281E+01	 5.00000E+01
 6.29311E+01	 5.37236E+01	 2.52154E+01	 6.10694E+01	 2.22100E+01	 4.00052E+01	 3.79254E+01	 4.64590E+01	 4.74457E+01	 4.10920E+01	 1.74646E+01	 5.00000E+01
 6.29725E+01	 5.36901E+01	 2.51155E+01	 6.10962E+01	 2.22100E+01	 4.01659E+01	 3.79407E+01	 4.63890E+01	 4.74457E+01	 4.10226E+01	 1.77074E+01	 5.00000E+01
 6.29573E+01	 5.37716E+01	 2.46973E+01	 6.11539E+01	 2.22100E+01	 4.01721E+01	 3.79657E+01	 4.64002E+01	 4.74457E+01	 4.09715E+01	 1.79992E+01	 5.00000E+01
 6.29255E+01	 5.38095E+01	 2.41093E+01	 6.12418E+01	 2.22100E+01	 4.01659E+01	 3.79674E+01	 4.64362E+01	 4.74457E+01	 4.09551E+01	 1.78358E+01	 5.00000E+01
 6.29612E+01	 5.37600E+01	 2.50528E+01	 6.10800E+01	 2.22100E+01	 4.02358E+01	 3.79785E+01	 4.64480E+01	 4.74457E+01	 4.09486E+01	 1.79001E+01	 5.00000E+01
 6.29196E+01	 5.38221E+01	 2.49458E+01	 6.12095E+01	 2.22100E+01	 4.05859E+01	 3.79738E+01	 4.64473E+01	 4.74457E+01	 4.09655E+01	 1.73708E+01	 5.00000E+01
 6.28724E+01	 5.38846E+01	 2.48988E+01	 6.11270E+01	 2.22100E+01	 4.11504E+01	 3.79794E+01	 4.64616E+01	 4.74457E+01	 4.09258E+01	 1.79334E+01	 5.00000E+01
 6.28758E+01	 5.38570E+01	 2.51420E+01	 6.12586E+01	 2.22100E+01	 4.19702E+01	 3.79673E+01	 4.64296E+01	 4.74457E+01	 4.09876E+01	 1.79156E+01	 5.00000E+01
 6.29570E+01	 5.37400E+01	 2.49646E+01	 6.12258E+01	 2.22100E+01	 4.27879E+01	 3.79706E+01	 4.64401E+01	 4.74457E+01	 4.09815E+01	 1.80213E+01	 5.00000E+01
 6.30270E+01	 5.36591E+01	 2.48733E+01	 6.11678E+01	 2.22100E+01	 4.29265E+01	 3.79817E+01	 4.64241E+01	 4.74457E+01	 4.09726E+01	 1.79627E+01	 5.00000E+01
 6.30275E+01	 5.36966E+01	 2.49941E+01	 6.10612E+01	 2.22100E+01	 4.20644E+01	 3.79605E+01	 4.64159E+01	 4.74457E+01	 4.10446E+01	 1.81613E+01	 5.00000E+01
 6.29472E+01	 5.38323E+01	 2.53987E+01	 6.10419E+01	 2.22100E+01	 4.04987E+01	 3.79497E+01	 4.64199E+01	 4.74457E+01	 4.09919E+01	 1.81269E+01	 5.00000E+01
 6.28620E+01	 5.39106E+01	 2.47863E+01	 6.12643E+01	 2.22100E+01	 3.92733E+01	 3.79643E+01	 4.64147E+01	 4.74457E+01	 4.10208E+01	 1.75879E+01	 5.00000E+01
 6.30326E+01	 5.36726E+01	 2.45049E+01	 6.11452E+01	 2.22100E+01	 3.96355E+01	 3.79587E+01	 4.63983E+01	 4.74457E+01	 4.10722E+01	 1.77092E+01	 5.00000E+01
 6.30680E+01	 5.36644E+01	 2.48254E+01	 6.10797E+01	 2.22100E+01	 3.95910E+01	 3.79538E+01	 4.63943E+01	 4.74457E+01	 4.11264E+01	 1.79901E+01	 5.00000E+01
 6.30670E+01	 5.36661E+01	 2.49851E+01	 6.10994E+01	 2.22100E+01	 3.88105E+01	 3.79682E+01	 4.63760E+01	 4.74457E+01	 4.10960E+01	 1.76264E+01	 5.00000E+01
 6.29746E+01	 5.38147E+01	 2.45101E+01	 6.11456E+01	 2.22100E+01	 3.85351E+01	 3.79785E+01	 4.63708E+01	 4.74457E+01	 4.10048E+01	 1.81165E+01	 5.00000E+01
 6.29741E+01	 5.38017E+01	 2.36292E+01	 6.12740E+01	 2.22100E+01	 3.89720E+01	 3.80000E+01	 4.63827E+01	 4.74457E+01	 4.09716E+01	 1.74120E+01	 5.00000E+01
 6.30079E+01	 5.37725E+01	 2.36409E+01	 6.12508E+01	 2.22100E+01	 3.99190E+01	 3.79964E+01	 4.64138E+01	 4.74457E+01	 4.09673E+01	 1.79539E+01	 5.00000E+01
 6.29664E+01	 5.38172E+01	 2.37628E+01	 6.11647E+01	 2.22100E+01	 4.04392E+01	 3.79809E+01	 4.64214E+01	 4.74457E+01	 4.09471E+01	 1.73945E+01	 5.00000E+01
 6.30506E+01	 5.36855E+01	 2.42009E+01	 6.12864E+01	 2.22100E+01	 4.07382E+01	 3.79852E+01	 4.64444E+01	 4.74457E+01	 4.09864E+01	 1.81807E+01	 5.00000E+01
 6.31246E+01	 5.36108E+01	 2.46180E+01	 6.11817E+01	 2.22100E+01	 4.10753E+01	 3.79896E+01	 4.64600E+01	 4.74457E+01	 4.10273E+01	 1.75132E+01	 5.00000E+01
 6.29823E+01	 5.38178E+01	 2.38330E+01	 6.12049E+01	 2.22100E+01	 4.08899E+01	 3.79807E+01	 4.64776E+01	 4.74457E+01	 4.09825E+01	 1.78177E+01	 5.00000E+01
 6.29553E+01	 5.38382E+01	 2.38619E+01	 6.11914E+01	 2.22100E+01	 4.04903E+01	 3.79602E+01	 4.65035E+01	 4.74457E+01	 4.08896E+01	 1.82672E+01	 5.00000E+01
 6.29648E+01	 5.38009E+01	 2.38461E+01	 6.11520E+01	 2.22100E+01	 4.03237E+01	 3.79365E+01	 4.65049E+01	 4.74457E+01	 4.09333E+01	 1.83502E+01	 5.00000E+01
 6.30206E+01	 5.36988E+01	 2.45576E+01	 6.10228E+01	 2.22100E+01	 4.00005E+01	 3.79135E+01	 4.64837E+01	 4.74457E+01	 4.09815E+01	 1.79964E+01	 5.00000E+01
 6.30041E+01	 5.37341E+01	 2.38884E+01	 6.12903E+01	 2.22100E+01	 3.94894E+01	 3.79249E+01	 4.64701E+01	 4.74457E+01	 4.10160E+01	 1.75925E+01	 5.00000E+01
 6.29654E+01	 5.37796E+01	 2.37173E+01	 6.12452E+01	 2.22100E+01	 3.98184E+01	 3.79235E+01	 4.64267E+01	 4.74457E+01	 4.10142E+01	 1.82068E+01	 5.00000E+01
